# t x y z vx vy vz omx omy omz llx lly llz Ixx Iyy Izz Ixy Iyz Ixz KErot PEspr PEgrav Etot
0.000 0.00000 0.00000 -0.00000 -0.00000 -0.00000 -0.00000 3.1562e-02 9.2042e-01 -4.2872e-02 -2.4726e-04 4.0749e-01 -4.2655e-05 0.42834 0.44417 0.43036 -0.01490 0.01996 0.00117 1.87528e-01 1.10032e-28 -5.7177754322e-01 -3.8424942314e-01
2.000 0.00000 -0.00000 0.00000 -0.00000 -0.00000 -0.00000 -5.0629e-02 9.1982e-01 -1.6753e-02 -2.4726e-04 4.0749e-01 -4.2655e-05 0.43090 0.44444 0.42700 0.02338 0.00753 -0.00358 1.87416e-01 1.20604e-04 -5.7190028974e-01 -3.8436395010e-01
4.004 0.00000 -0.00000 -0.00000 0.00000 0.00000 0.00000 -1.6138e-04 9.1989e-01 5.1437e-02 -2.4726e-04 4.0749e-01 -4.2655e-05 0.42910 0.44432 0.42891 -0.00056 -0.02403 0.00664 1.87422e-01 1.15093e-04 -5.7190096068e-01 -3.8436405123e-01
6.004 0.00000 -0.00000 0.00000 -0.00000 0.00000 0.00000 4.6445e-02 9.1990e-01 -1.6515e-02 -2.4726e-04 4.0749e-01 -4.2655e-05 0.42417 0.44422 0.43395 -0.02182 0.00813 -0.00759 1.87421e-01 1.15462e-04 -5.7190077397e-01 -3.8436407292e-01
8.004 -0.00000 0.00000 0.00000 -0.00000 0.00000 0.00000 -3.0113e-02 9.1985e-01 -3.7453e-02 -2.4726e-04 4.0749e-01 -4.2655e-05 0.43933 0.44416 0.41884 0.01430 0.01716 0.00460 1.87421e-01 1.15618e-04 -5.7190056054e-01 -3.8436409177e-01
10.000 0.00000 0.00000 0.00000 0.00000 0.00000 0.00000 -2.4784e-02 9.1986e-01 3.8075e-02 -2.4726e-04 4.0749e-01 -4.2655e-05 0.41609 0.44404 0.44221 0.01086 -0.01830 0.00200 1.87420e-01 1.15759e-04 -5.7190031946e-01 -3.8436410936e-01
12.000 -0.00000 -0.00000 -0.00000 -0.00000 0.00000 0.00000 4.1087e-02 9.1990e-01 9.1038e-03 -2.4726e-04 4.0749e-01 -4.2655e-05 0.44028 0.44390 0.41817 -0.01983 -0.00374 -0.01001 1.87420e-01 1.15886e-04 -5.7190006737e-01 -3.8436412563e-01
14.000 0.00000 -0.00000 0.00000 -0.00000 0.00000 0.00000 -6.1851e-03 9.1986e-01 -3.9801e-02 -2.4726e-04 4.0749e-01 -4.2655e-05 0.42527 0.44383 0.43325 0.00328 0.01881 0.01584 1.87420e-01 1.16006e-04 -5.7189982076e-01 -3.8436414055e-01
16.000 -0.00000 0.00000 -0.00000 -0.00000 0.00000 0.00000 -3.3459e-02 9.1985e-01 1.8338e-02 -2.4726e-04 4.0749e-01 -4.2655e-05 0.42342 0.44375 0.43518 0.01546 -0.00932 -0.01650 1.87419e-01 1.16120e-04 -5.7189959334e-01 -3.8436415423e-01
18.000 0.00000 0.00000 0.00000 -0.00000 -0.00000 0.00000 2.7201e-02 9.1988e-01 2.2231e-02 -2.4726e-04 4.0749e-01 -4.2655e-05 0.44414 0.44364 0.41457 -0.01367 -0.01039 0.01101 1.87419e-01 1.16228e-04 -5.7189939624e-01 -3.8436416685e-01
20.004 0.00000 -0.00000 0.00000 -0.00000 -0.00000 0.00000 8.7661e-03 9.1987e-01 -3.2756e-02 -2.4726e-04 4.0749e-01 -4.2655e-05 0.41032 0.44360 0.44844 -0.00421 0.01593 -0.00082 1.87419e-01 1.16326e-04 -5.7189923796e-01 -3.8436417873e-01
22.004 0.00000 -0.00000 -0.00000 -0.00000 0.00000 0.00000 -3.3142e-02 9.1984e-01 4.0969e-03 -2.4726e-04 4.0749e-01 -4.2655e-05 0.44602 0.44358 0.41275 0.01585 -0.00225 -0.01014 1.87419e-01 1.16410e-04 -5.7189912616e-01 -3.8436419011e-01
24.004 0.00000 -0.00000 0.00000 -0.00000 0.00000 0.00000 1.6108e-02 9.1988e-01 2.7650e-02 -2.4726e-04 4.0749e-01 -4.2655e-05 0.42115 0.44354 0.43767 -0.00818 -0.01351 0.01785 1.87418e-01 1.16475e-04 -5.7189906624e-01 -3.8436420136e-01
26.004 -0.00000 0.00000 -0.00000 -0.00000 0.00000 0.00000 1.8236e-02 9.1987e-01 -2.6668e-02 -2.4726e-04 4.0749e-01 -4.2655e-05 0.42635 0.44355 0.43246 -0.00928 0.01287 -0.01937 1.87418e-01 1.16517e-04 -5.7189906316e-01 -3.8436421280e-01
28.004 0.00000 -0.00000 -0.00000 -0.00000 0.00000 0.00000 -3.3230e-02 9.1984e-01 -6.9158e-03 -2.4726e-04 4.0749e-01 -4.2655e-05 0.44248 0.44360 0.41628 0.01582 0.00360 0.01416 1.87418e-01 1.16534e-04 -5.7189912127e-01 -3.8436422473e-01
30.004 0.00000 0.00000 -0.00000 -0.00000 0.00000 0.00000 6.1807e-03 9.1987e-01 3.4038e-02 -2.4726e-04 4.0749e-01 -4.2655e-05 0.41112 0.44362 0.44761 -0.00287 -0.01658 -0.00435 1.87418e-01 1.16524e-04 -5.7189924408e-01 -3.8436423739e-01
32.004 -0.00000 0.00000 0.00000 -0.00000 0.00000 0.00000 3.0065e-02 9.1988e-01 -2.0318e-02 -2.4726e-04 4.0749e-01 -4.2655e-05 0.44620 0.44368 0.41248 -0.01499 0.00927 -0.00625 1.87419e-01 1.16488e-04 -5.7189943380e-01 -3.8436425094e-01
34.004 -0.00000 0.00000 -0.00000 -0.00000 0.00000 0.00000 -3.2464e-02 9.1984e-01 -2.2462e-02 -2.4726e-04 4.0749e-01 -4.2655e-05 0.41934 0.44380 0.43921 0.01487 0.01116 0.01370 1.87419e-01 1.16427e-04 -5.7189969034e-01 -3.8436426549e-01
36.004 -0.00000 -0.00000 -0.00000 -0.00000 0.00000 0.00000 -1.0730e-02 9.1987e-01 4.0092e-02 -2.4726e-04 4.0749e-01 -4.2655e-05 0.42983 0.44388 0.42863 0.00542 -0.01891 -0.01559 1.87419e-01 1.16344e-04 -5.7190001013e-01 -3.8436428103e-01
38.000 -0.00000 -0.00000 0.00000 -0.00000 0.00000 0.00000 4.3242e-02 9.1990e-01 -4.5277e-03 -2.4726e-04 4.0749e-01 -4.2655e-05 0.43642 0.44396 0.42196 -0.02072 0.00146 0.01204 1.87420e-01 1.16242e-04 -5.7190038397e-01 -3.8436429744e-01
40.000 -0.00000 -0.00000 0.00000 -0.00000 0.00000 0.00000 -2.0557e-02 9.1986e-01 -4.2113e-02 -2.4726e-04 4.0749e-01 -4.2655e-05 0.41812 0.44411 0.44011 0.00883 0.01998 -0.00528 1.87420e-01 1.16126e-04 -5.7190079903e-01 -3.8436431466e-01
42.000 0.00000 0.00000 -0.00000 -0.00000 0.00000 0.00000 -3.5264e-02 9.1984e-01 3.4255e-02 -2.4726e-04 4.0749e-01 -4.2655e-05 0.43905 0.44422 0.41907 0.01661 -0.01570 -0.00131 1.87418e-01 1.15998e-04 -5.7189796264e-01 -3.8436435604e-01
44.000 0.00000 0.00000 -0.00000 -0.00000 0.00000 -0.00000 4.4943e-02 9.1989e-01 2.2455e-02 -2.4726e-04 4.0749e-01 -4.2655e-05 0.42310 0.44427 0.43497 -0.02106 -0.01091 0.00501 1.87418e-01 1.15765e-04 -5.7189845497e-01 -3.8436435976e-01
46.000 -0.00000 -0.00000 0.00000 -0.00000 0.00000 -0.00000 6.4137e-03 9.1986e-01 -5.1893e-02 -2.4726e-04 4.0749e-01 -4.2655e-05 0.43071 0.44438 0.42726 -0.00355 0.02409 -0.00500 1.87419e-01 1.15670e-04 -5.7189885801e-01 -3.8436436362e-01
48.000 0.00000 -0.00000 0.00000 -0.00000 0.00000 -0.00000 -5.2781e-02 9.1984e-01 9.9442e-03 -2.4726e-04 4.0749e-01 -4.2655e-05 0.42920 0.44445 0.42869 0.02433 -0.00453 0.00269 1.87419e-01 1.15622e-04 -5.7189918002e-01 -3.8436436754e-01
50.000 -0.00000 -0.00000 -0.00000 -0.00000 0.00000 -0.00000 2.5657e-02 9.1989e-01 4.6501e-02 -2.4726e-04 4.0749e-01 -4.2655e-05 0.42956 0.44442 0.42837 -0.01222 -0.02168 -0.00065 1.87419e-01 1.15620e-04 -5.7189941023e-01 -3.8436437149e-01
52.000 0.00000 0.00000 -0.00000 -0.00000 0.00000 -0.00000 3.5083e-02 9.1989e-01 -3.9463e-02 -2.4726e-04 4.0749e-01 -4.2655e-05 0.42616 0.44440 0.43178 -0.01648 0.01844 0.00099 1.87419e-01 1.15690e-04 -5.7189953591e-01 -3.8436437546e-01
54.000 -0.00000 0.00000 0.00000 -0.00000 0.00000 -0.00000 -4.8320e-02 9.1984e-01 -2.0959e-02 -2.4726e-04 4.0749e-01 -4.2655e-05 0.43286 0.44440 0.42509 0.02238 0.00943 -0.00399 1.87419e-01 1.15842e-04 -5.7189954623e-01 -3.8436437940e-01
56.000 -0.00000 -0.00000 0.00000 -0.00000 0.00000 -0.00000 -4.8575e-03 9.1987e-01 5.0299e-02 -2.4726e-04 4.0749e-01 -4.2655e-05 0.42720 0.44429 0.43086 0.00156 -0.02356 0.00785 1.87419e-01 1.16061e-04 -5.7189944648e-01 -3.8436438320e-01
58.000 0.00000 0.00000 -0.00000 -0.00000 0.00000 -0.00000 4.6561e-02 9.1989e-01 -1.1919e-02 -2.4726e-04 4.0749e-01 -4.2655e-05 0.42565 0.44417 0.43252 -0.02194 0.00605 -0.00975 1.87419e-01 1.16335e-04 -5.7189925189e-01 -3.8436438678e-01
60.000 0.00000 0.00000 -0.00000 -0.00000 0.00000 -0.00000 -2.6003e-02 9.1984e-01 -3.8716e-02 -2.4726e-04 4.0749e-01 -4.2655e-05 0.43898 0.44410 0.41926 0.01246 0.01781 0.00752 1.87418e-01 1.16638e-04 -5.7189898427e-01 -3.8436439007e-01
62.000 -0.00000 -0.00000 0.00000 -0.00000 0.00000 -0.00000 -2.6807e-02 9.1985e-01 3.4873e-02 -2.4726e-04 4.0749e-01 -4.2655e-05 0.41498 0.44399 0.44339 0.01186 -0.01688 -0.00095 1.87417e-01 1.16945e-04 -5.7189866842e-01 -3.8436439302e-01
64.000 0.00000 0.00000 0.00000 -0.00000 0.00000 -0.00000 3.8874e-02 9.1988e-01 1.1679e-02 -2.4726e-04 4.0749e-01 -4.2655e-05 0.44297 0.44385 0.41554 -0.01889 -0.00499 -0.00782 1.87417e-01 1.17230e-04 -5.7189832883e-01 -3.8436439563e-01
66.000 -0.00000 -0.00000 0.00000 -0.00000 0.00000 -0.00000 -3.4414e-03 9.1985e-01 -3.8668e-02 -2.4726e-04 4.0749e-01 -4.2655e-05 0.42165 0.44378 0.43692 0.00195 0.01838 0.01524 1.87416e-01 1.17471e-04 -5.7189798733e-01 -3.8436439791e-01
68.000 0.00000 0.00000 -0.00000 -0.00000 0.00000 -0.00000 -3.3348e-02 9.1983e-01 1.5819e-02 -2.4726e-04 4.0749e-01 -4.2655e-05 0.42707 0.44371 0.43158 0.01552 -0.00812 -0.01793 1.87416e-01 1.17654e-04 -5.7189766188e-01 -3.8436439993e-01
70.000 -0.00000 -0.00000 -0.00000 -0.00000 0.00000 -0.00000 2.5248e-02 9.1986e-01 2.2943e-02 -2.4726e-04 4.0749e-01 -4.2655e-05 0.44172 0.44361 0.41703 -0.01275 -0.01084 0.01424 1.87415e-01 1.17768e-04 -5.7189736624e-01 -3.8436440174e-01
72.000 0.00000 0.00000 -0.00000 -0.00000 0.00000 -0.00000 1.0116e-02 9.1985e-01 -3.1577e-02 -2.4726e-04 4.0749e-01 -4.2655e-05 0.41073 0.44358 0.44805 -0.00496 0.01539 -0.00511 1.87415e-01 1.17808e-04 -5.7189711037e-01 -3.8436440344e-01
74.000 -0.00000 -0.00000 0.00000 -0.00000 0.00000 -0.00000 -3.2928e-02 9.1983e-01 2.6198e-03 -2.4726e-04 4.0749e-01 -4.2655e-05 0.44799 0.44358 0.41080 0.01579 -0.00144 -0.00623 1.87415e-01 1.17768e-04 -5.7189690107e-01 -3.8436440510e-01
76.000 -0.00000 0.00000 -0.00000 -0.00000 0.00000 -0.00000 1.4913e-02 9.1986e-01 2.8350e-02 -2.4726e-04 4.0749e-01 -4.2655e-05 0.41740 0.44355 0.44142 -0.00752 -0.01390 0.01557 1.87415e-01 1.17649e-04 -5.7189674275e-01 -3.8436440681e-01
78.004 -0.00000 0.00000 -0.00000 -0.00000 0.00000 -0.00000 1.9545e-02 9.1985e-01 -2.6195e-02 -2.4726e-04 4.0749e-01 -4.2655e-05 0.43058 0.44357 0.42822 -0.00997 0.01256 -0.01943 1.87415e-01 1.17450e-04 -5.7189663786e-01 -3.8436440864e-01
80.004 0.00000 -0.00000 -0.00000 -0.00000 0.00000 -0.00000 -3.3611e-02 9.1982e-01 -8.5846e-03 -2.4726e-04 4.0749e-01 -4.2655e-05 0.43897 0.44363 0.41977 0.01592 0.00447 0.01641 1.87415e-01 1.17176e-04 -5.7189658796e-01 -3.8436441068e-01
82.004 -0.00000 -0.00000 0.00000 -0.00000 0.00000 -0.00000 4.5323e-03 9.1985e-01 3.5379e-02 -2.4726e-04 4.0749e-01 -4.2655e-05 0.41285 0.44367 0.44585 -0.00200 -0.01716 -0.00799 1.87415e-01 1.16835e-04 -5.7189659252e-01 -3.8436441298e-01
84.004 -0.00000 -0.00000 0.00000 -0.00000 0.00000 -0.00000 3.2323e-02 9.1987e-01 -1.9084e-02 -2.4726e-04 4.0749e-01 -4.2655e-05 0.44656 0.44373 0.41207 -0.01601 0.00859 -0.00239 1.87416e-01 1.16441e-04 -5.7189664960e-01 -3.8436441561e-01
86.004 0.00000 0.00000 0.00000 -0.00000 0.00000 -0.00000 -3.1994e-02 9.1983e-01 -2.5447e-02 -2.4726e-04 4.0749e-01 -4.2655e-05 0.41713 0.44386 0.44138 0.01454 0.01254 0.01074 1.87416e-01 1.16014e-04 -5.7189675513e-01 -3.8436441860e-01
88.004 -0.00000 -0.00000 0.00000 -0.00000 0.00000 -0.00000 -1.4138e-02 9.1985e-01 4.0641e-02 -2.4726e-04 4.0749e-01 -4.2655e-05 0.43296 0.44395 0.42545 0.00701 -0.01906 -0.01423 1.87417e-01 1.15583e-04 -5.7189690222e-01 -3.8436442196e-01
90.004 0.00000 -0.00000 0.00000 -0.00000 0.00000 -0.00000 4.4923e-02 9.1989e-01 -1.2428e-03 -2.4726e-04 4.0749e-01 -4.2655e-05 0.43335 0.44403 0.42498 -0.02141 -0.00007 0.01231 1.87417e-01 1.15184e-04 -5.7189708062e-01 -3.8436442568e-01
92.004 -0.00000 -0.00000 0.00000 -0.00000 0.00000 -0.00000 -1.7614e-02 9.1985e-01 -4.4857e-02 -2.4726e-04 4.0749e-01 -4.2655e-05 0.42042 0.44418 0.43776 0.00745 0.02117 -0.00679 1.87418e-01 1.14853e-04 -5.7189727643e-01 -3.8436442971e-01
94.004 -0.00000 0.00000 0.00000 -0.00000 0.00000 0.00000 -3.8920e-02 9.1984e-01 3.1992e-02 -2.4726e-04 4.0749e-01 -4.2655e-05 0.43776 0.44428 0.42032 0.01823 -0.01463 0.00080 1.87418e-01 1.14620e-04 -5.7189747247e-01 -3.8436443398e-01
96.004 -0.00000 0.00000 0.00000 -0.00000 0.00000 -0.00000 4.3619e-02 9.1989e-01 2.6770e-02 -2.4726e-04 4.0749e-01 -4.2655e-05 0.42336 0.44432 0.43467 -0.02043 -0.01283 0.00285 1.87419e-01 1.14505e-04 -5.7189764949e-01 -3.8436443840e-01
98.004 -0.00000 0.00000 0.00000 -0.00000 0.00000 -0.00000 1.1069e-02 9.1987e-01 -5.1669e-02 -2.4726e-04 4.0749e-01 -4.2655e-05 0.43114 0.44440 0.42681 -0.00563 0.02397 -0.00312 1.87419e-01 1.14508e-04 -5.7189778825e-01 -3.8436444291e-01
100.004 0.00000 -0.00000 -0.00000 -0.00000 0.00000 -0.00000 -5.3708e-02 9.1983e-01 5.2963e-03 -2.4726e-04 4.0749e-01 -4.2655e-05 0.42829 0.44446 0.42959 0.02473 -0.00245 0.00115 1.87419e-01 1.14610e-04 -5.7189787211e-01 -3.8436444741e-01
102.004 0.00000 0.00000 0.00000 -0.00000 0.00000 -0.00000 2.1360e-02 9.1988e-01 4.8525e-02 -2.4726e-04 4.0749e-01 -4.2655e-05 0.43083 0.44441 0.42710 -0.01030 -0.02259 0.00057 1.87419e-01 1.14778e-04 -5.7189788970e-01 -3.8436445186e-01
104.004 -0.00000 0.00000 -0.00000 -0.00000 0.00000 -0.00000 3.8048e-02 9.1988e-01 -3.5828e-02 -2.4726e-04 4.0749e-01 -4.2655e-05 0.42451 0.44438 0.43347 -0.01782 0.01683 0.00014 1.87418e-01 1.14976e-04 -5.7189783674e-01 -3.8436445619e-01
106.004 -0.00000 0.00000 -0.00000 -0.00000 0.00000 0.00000 -4.5600e-02 9.1983e-01 -2.4623e-02 -2.4726e-04 4.0749e-01 -4.2655e-05 0.43495 0.44436 0.42304 0.02119 0.01109 -0.00372 1.87418e-01 1.15174e-04 -5.7189771658e-01 -3.8436446038e-01
108.004 -0.00000 0.00000 -0.00000 -0.00000 0.00000 0.00000 -8.9081e-03 9.1986e-01 4.8661e-02 -2.4726e-04 4.0749e-01 -4.2655e-05 0.42494 0.44424 0.43317 0.00340 -0.02288 0.00847 1.87418e-01 1.15355e-04 -5.7189753937e-01 -3.8436446437e-01
110.004 -0.00000 -0.00000 0.00000 -0.00000 0.00000 -0.00000 4.6063e-02 9.1988e-01 -7.8373e-03 -2.4726e-04 4.0749e-01 -4.2655e-05 0.42771 0.44411 0.43054 -0.02178 0.00420 -0.01148 1.87417e-01 1.15514e-04 -5.7189732001e-01 -3.8436446814e-01
112.004 0.00000 0.00000 -0.00000 -0.00000 0.00000 -0.00000 -2.2253e-02 9.1984e-01 -3.9293e-02 -2.4726e-04 4.0749e-01 -4.2655e-05 0.43791 0.44404 0.42041 0.01076 0.01816 0.01026 1.87417e-01 1.15653e-04 -5.7189707569e-01 -3.8436447164e-01
114.004 -0.00000 -0.00000 0.00000 -0.00000 0.00000 -0.00000 -2.8269e-02 9.1984e-01 3.1772e-02 -2.4726e-04 4.0749e-01 -4.2655e-05 0.41464 0.44393 0.44380 0.01262 -0.01550 -0.00417 1.87417e-01 1.15779e-04 -5.7189682365e-01 -3.8436447487e-01
116.004 -0.00000 -0.00000 0.00000 -0.00000 0.00000 -0.00000 3.6656e-02 9.1988e-01 1.3731e-02 -2.4726e-04 4.0749e-01 -4.2655e-05 0.44507 0.44379 0.41350 -0.01793 -0.00602 -0.00501 1.87416e-01 1.15898e-04 -5.7189657957e-01 -3.8436447783e-01
118.004 -0.00000 -0.00000 -0.00000 -0.00000 0.00000 -0.00000 -1.1621e-03 9.1985e-01 -3.7443e-02 -2.4726e-04 4.0749e-01 -4.2655e-05 0.41828 0.44373 0.44035 0.00082 0.01790 0.01380 1.87416e-01 1.16012e-04 -5.7189635666e-01 -3.8436448054e-01
120.004 0.00000 -0.00000 -0.00000 -0.00000 0.00000 -0.00000 -3.3081e-02 9.1983e-01 1.3690e-02 -2.4726e-04 4.0749e-01 -4.2655e-05 0.43091 0.44367 0.42779 0.01550 -0.00708 -0.01848 1.87416e-01 1.16119e-04 -5.7189616559e-01 -3.8436448305e-01
122.004 0.00000 0.00000 -0.00000 -0.00000 0.00000 -0.00000 2.3607e-02 9.1986e-01 2.3461e-02 -2.4726e-04 4.0749e-01 -4.2655e-05 0.43867 0.44358 0.42012 -0.01195 -0.01119 0.01678 1.87415e-01 1.16217e-04 -5.7189601479e-01 -3.8436448541e-01
124.004 0.00000 -0.00000 -0.00000 -0.00000 0.00000 -0.00000 1.1131e-02 9.1985e-01 -3.0669e-02 -2.4726e-04 4.0749e-01 -4.2655e-05 0.41205 0.44356 0.44676 -0.00555 0.01496 -0.00896 1.87415e-01 1.16299e-04 -5.7189591100e-01 -3.8436448770e-01
126.004 -0.00000 0.00000 -0.00000 -0.00000 0.00000 -0.00000 -3.2871e-02 9.1983e-01 1.4651e-03 -2.4726e-04 4.0749e-01 -4.2655e-05 0.44893 0.44357 0.40986 0.01578 -0.00078 -0.00224 1.87415e-01 1.16362e-04 -5.7189585982e-01 -3.8436448996e-01
128.004 0.00000 -0.00000 0.00000 -0.00000 0.00000 -0.00000 1.3995e-02 9.1986e-01 2.9115e-02 -2.4726e-04 4.0749e-01 -4.2655e-05 0.41449 0.44355 0.44432 -0.00698 -0.01430 0.01268 1.87415e-01 1.16401e-04 -5.7189586611e-01 -3.8436449228e-01
130.004 -0.00000 -0.00000 0.00000 -0.00000 0.00000 -0.00000 2.1064e-02 9.1986e-01 -2.5769e-02 -2.4726e-04 4.0749e-01 -4.2655e-05 0.43466 0.44358 0.42413 -0.01074 0.01226 -0.01851 1.87415e-01 1.16415e-04 -5.7189593411e-01 -3.8436449470e-01
132.004 0.00000 0.00000 -0.00000 -0.00000 0.00000 -0.00000 -3.4048e-02 9.1983e-01 -1.0496e-02 -2.4726e-04 4.0749e-01 -4.2655e-05 0.43508 0.44367 0.42362 0.01604 0.00544 0.01774 1.87415e-01 1.16402e-04 -5.7189606719e-01 -3.8436449728e-01
134.004 -0.00000 0.00000 -0.00000 -0.00000 0.00000 -0.00000 2.6055e-03 9.1985e-01 3.6806e-02 -2.4726e-04 4.0749e-01 -4.2655e-05 0.41534 0.44371 0.44331 -0.00100 -0.01775 -0.01104 1.87415e-01 1.16364e-04 -5.7189626729e-01 -3.8436450004e-01
136.004 0.00000 -0.00000 -0.00000 -0.00000 0.00000 -0.00000 3.4714e-02 9.1987e-01 -1.7539e-02 -2.4726e-04 4.0749e-01 -4.2655e-05 0.44598 0.44378 0.41260 -0.01707 0.00777 0.00133 1.87416e-01 1.16301e-04 -5.7189653388e-01 -3.8436450300e-01
138.004 -0.00000 -0.00000 0.00000 -0.00000 0.00000 -0.00000 -3.1191e-02 9.1983e-01 -2.8630e-02 -2.4726e-04 4.0749e-01 -4.2655e-05 0.41578 0.44392 0.44266 0.01406 0.01398 0.00747 1.87416e-01 1.16215e-04 -5.7189686277e-01 -3.8436450616e-01
140.004 0.00000 0.00000 -0.00000 -0.00000 0.00000 -0.00000 -1.7821e-02 9.1985e-01 4.0850e-02 -2.4726e-04 4.0749e-01 -4.2655e-05 0.43548 0.44401 0.42286 0.00871 -0.01906 -0.01220 1.87417e-01 1.16111e-04 -5.7189724470e-01 -3.8436450949e-01
142.004 -0.00000 0.00000 -0.00000 -0.00000 0.00000 -0.00000 4.6287e-02 9.1989e-01 2.5723e-03 -2.4726e-04 4.0749e-01 -4.2655e-05 0.43039 0.44409 0.42787 -0.02196 -0.00184 0.01180 1.87417e-01 1.15993e-04 -5.7189766437e-01 -3.8436451298e-01
144.004 -0.00000 0.00000 0.00000 -0.00000 0.00000 -0.00000 -1.4058e-02 9.1985e-01 -4.7380e-02 -2.4726e-04 4.0749e-01 -4.2655e-05 0.42292 0.44424 0.43519 0.00581 0.02225 -0.00756 1.87418e-01 1.15871e-04 -5.7189810007e-01 -3.8436451659e-01
146.004 0.00000 0.00000 -0.00000 -0.00000 0.00000 -0.00000 -4.2473e-02 9.1984e-01 2.9058e-02 -2.4726e-04 4.0749e-01 -4.2655e-05 0.43599 0.44434 0.42202 0.01979 -0.01327 0.00235 1.87418e-01 1.15756e-04 -5.7189852471e-01 -3.8436452031e-01
148.004 -0.00000 -0.00000 0.00000 -0.00000 0.00000 -0.00000 4.1600e-02 9.1989e-01 3.1112e-02 -2.4726e-04 4.0749e-01 -4.2655e-05 0.42424 0.44436 0.43374 -0.01949 -0.01476 0.00102 1.87419e-01 1.15664e-04 -5.7189890813e-01 -3.8436452412e-01
150.004 0.00000 -0.00000 0.00000 -0.00000 0.00000 -0.00000 1.5884e-02 9.1987e-01 -5.0764e-02 -2.4726e-04 4.0749e-01 -4.2655e-05 0.43087 0.44442 0.42705 -0.00778 0.02354 -0.00129 1.87419e-01 1.15615e-04 -5.7189922087e-01 -3.8436452801e-01
152.004 -0.00000 -0.00000 0.00000 -0.00000 0.00000 -0.00000 -5.4007e-02 9.1983e-01 3.6558e-04 -2.4726e-04 4.0749e-01 -4.2655e-05 0.42804 0.44447 0.42983 0.02486 -0.00025 -0.00059 1.87419e-01 1.15626e-04 -5.7189943846e-01 -3.8436453196e-01
154.000 -0.00000 0.00000 0.00000 -0.00000 0.00000 -0.00000 1.6490e-02 9.1988e-01 5.0074e-02 -2.4726e-04 4.0749e-01 -4.2655e-05 0.43154 0.44440 0.42640 -0.00813 -0.02330 0.00226 1.87419e-01 1.15710e-04 -5.7189954525e-01 -3.8436453592e-01
156.000 -0.00000 -0.00000 -0.00000 -0.00000 0.00000 -0.00000 4.0707e-02 9.1989e-01 -3.1587e-02 -2.4726e-04 4.0749e-01 -4.2655e-05 0.42321 0.44434 0.43480 -0.01904 0.01495 -0.00141 1.87419e-01 1.15872e-04 -5.7189953727e-01 -3.8436453984e-01
158.000 -0.00000 -0.00000 -0.00000 -0.00000 0.00000 -0.00000 -4.2297e-02 9.1984e-01 -2.8143e-02 -2.4726e-04 4.0749e-01 -4.2655e-05 0.43703 0.44430 0.42101 0.01975 0.01271 -0.00261 1.87419e-01 1.16101e-04 -5.7189942118e-01 -3.8436454361e-01
160.000 -0.00000 0.00000 0.00000 -0.00000 0.00000 -0.00000 -1.2951e-02 9.1986e-01 4.6510e-02 -2.4726e-04 4.0749e-01 -4.2655e-05 0.42231 0.44418 0.43586 0.00526 -0.02197 0.00828 1.87418e-01 1.16382e-04 -5.7189921338e-01 -3.8436454715e-01
162.000 -0.00000 0.00000 -0.00000 -0.00000 0.00000 -0.00000 4.5157e-02 9.1989e-01 -3.6670e-03 -2.4726e-04 4.0749e-01 -4.2655e-05 0.43051 0.44404 0.42779 -0.02145 0.00228 -0.01265 1.87418e-01 1.16688e-04 -5.7189893638e-01 -3.8436455039e-01
164.000 0.00000 0.00000 0.00000 -0.00000 0.00000 -0.00000 -1.8364e-02 9.1984e-01 -3.9581e-02 -2.4726e-04 4.0749e-01 -4.2655e-05 0.43586 0.44397 0.42252 0.00899 0.01839 0.01285 1.87417e-01 1.16992e-04 -5.7189861515e-01 -3.8436455329e-01
166.000 -0.00000 -0.00000 0.00000 -0.00000 0.00000 -0.00000 -2.9555e-02 9.1984e-01 2.8532e-02 -2.4726e-04 4.0749e-01 -4.2655e-05 0.41524 0.44387 0.44325 0.01331 -0.01404 -0.00774 1.87416e-01 1.17271e-04 -5.7189827388e-01 -3.8436455584e-01
168.000 -0.00000 0.00000 0.00000 -0.00000 0.00000 -0.00000 3.4337e-02 9.1987e-01 1.5700e-02 -2.4726e-04 4.0749e-01 -4.2655e-05 0.44650 0.44374 0.41212 -0.01691 -0.00703 -0.00141 1.87416e-01 1.17504e-04 -5.7189793385e-01 -3.8436455807e-01
170.000 0.00000 0.00000 0.00000 -0.00000 0.00000 -0.00000 1.0944e-03 9.1984e-01 -3.6182e-02 -2.4726e-04 4.0749e-01 -4.2655e-05 0.41508 0.44369 0.44360 -0.00032 0.01739 0.01132 1.87415e-01 1.17677e-04 -5.7189761234e-01 -3.8436456005e-01
172.000 -0.00000 -0.00000 -0.00000 -0.00000 0.00000 -0.00000 -3.2861e-02 9.1983e-01 1.1562e-02 -2.4726e-04 4.0749e-01 -4.2655e-05 0.43512 0.44364 0.42360 0.01550 -0.00602 -0.01803 1.87415e-01 1.17779e-04 -5.7189732248e-01 -3.8436456184e-01
174.000 -0.00000 -0.00000 0.00000 -0.00000 0.00000 -0.00000 2.1987e-02 9.1986e-01 2.4108e-02 -2.4726e-04 4.0749e-01 -4.2655e-05 0.43477 0.44356 0.42403 -0.01115 -0.01161 0.01866 1.87415e-01 1.17806e-04 -5.7189707366e-01 -3.8436456353e-01
176.000 -0.00000 0.00000 0.00000 -0.00000 0.00000 -0.00000 1.2344e-02 9.1985e-01 -2.9841e-02 -2.4726e-04 4.0749e-01 -4.2655e-05 0.41440 0.44355 0.44441 -0.00624 0.01454 -0.01268 1.87415e-01 1.17754e-04 -5.7189687226e-01 -3.8436456519e-01
178.000 -0.00000 -0.00000 0.00000 -0.00000 0.00000 -0.00000 -3.2985e-02 9.1982e-01 7.2151e-05 -2.4726e-04 4.0749e-01 -4.2655e-05 0.44891 0.44358 0.40988 0.01583 -0.00000 0.00217 1.87415e-01 1.17622e-04 -5.7189672237e-01 -3.8436456691e-01
180.000 -0.00000 0.00000 -0.00000 -0.00000 0.00000 -0.00000 1.2835e-02 9.1986e-01 3.0163e-02 -2.4726e-04 4.0749e-01 -4.2655e-05 0.41218 0.44357 0.44662 -0.00631 -0.01482 0.00896 1.87415e-01 1.17411e-04 -5.7189662634e-01 -3.8436456877e-01
182.000 -0.00000 -0.00000 -0.00000 -0.00000 0.00000 -0.00000 2.2882e-02 9.1986e-01 -2.5223e-02 -2.4726e-04 4.0749e-01 -4.2655e-05 0.43849 0.44361 0.42026 -0.01163 0.01189 -0.01660 1.87415e-01 1.17126e-04 -5.7189658509e-01 -3.8436457085e-01
184.000 -0.00000 -0.00000 -0.00000 -0.00000 0.00000 -0.00000 -3.4408e-02 9.1983e-01 -1.2788e-02 -2.4726e-04 4.0749e-01 -4.2655e-05 0.43091 0.44370 0.42775 0.01610 0.00658 0.01813 1.87415e-01 1.16776e-04 -5.7189659810e-01 -3.8436457320e-01
186.000 -0.00000 0.00000 -0.00000 -0.00000 0.00000 0.00000 2.2404e-04 9.1985e-01 3.8231e-02 -2.4726e-04 4.0749e-01 -4.2655e-05 0.41852 0.44376 0.44009 0.00019 -0.01833 -0.01342 1.87416e-01 1.16374e-04 -5.7189666316e-01 -3.8436457588e-01
188.000 -0.00000 -0.00000 -0.00000 -0.00000 0.00000 0.00000 3.7209e-02 9.1987e-01 -1.5486e-02 -2.4726e-04 4.0749e-01 -4.2655e-05 0.44452 0.44384 0.41401 -0.01817 0.00673 0.00481 1.87416e-01 1.15945e-04 -5.7189677579e-01 -3.8436457893e-01
190.000 -0.00000 0.00000 -0.00000 -0.00000 0.00000 -0.00000 -2.9856e-02 9.1983e-01 -3.2045e-02 -2.4726e-04 4.0749e-01 -4.2655e-05 0.41528 0.44398 0.44310 0.01335 0.01552 0.00400 1.87417e-01 1.15517e-04 -5.7189692859e-01 -3.8436458235e-01
192.000 -0.00000 -0.00000 -0.00000 -0.00000 0.00000 -0.00000 -2.1874e-02 9.1985e-01 4.0541e-02 -2.4726e-04 4.0749e-01 -4.2655e-05 0.43737 0.44408 0.42091 0.01056 -0.01883 -0.00965 1.87417e-01 1.15126e-04 -5.7189711075e-01 -3.8436458612e-01
194.000 -0.00000 -0.00000 0.00000 -0.00000 0.00000 -0.00000 4.7189e-02 9.1989e-01 6.8928e-03 -2.4726e-04 4.0749e-01 -4.2655e-05 0.42778 0.44415 0.43043 -0.02229 -0.00381 0.01058 1.87418e-01 1.14808e-04 -5.7189730780e-01 -3.8436459019e-01
196.000 -0.00000 -0.00000 0.00000 -0.00000 0.00000 -0.00000 -9.8784e-03 9.1985e-01 -4.9537e-02 -2.4726e-04 4.0749e-01 -4.2655e-05 0.42542 0.44429 0.43265 0.00389 0.02317 -0.00759 1.87418e-01 1.14594e-04 -5.7189750215e-01 -3.8436459449e-01
198.000 0.00000 -0.00000 0.00000 -0.00000 0.00000 -0.00000 -4.5786e-02 9.1984e-01 2.5414e-02 -2.4726e-04 4.0749e-01 -4.2655e-05 0.43396 0.44438 0.42401 0.02124 -0.01160 0.00324 1.87419e-01 1.14498e-04 -5.7189767437e-01 -3.8436459894e-01
200.000 -0.00000 0.00000 -0.00000 -0.00000 0.00000 0.00000 3.8829e-02 9.1989e-01 3.5363e-02 -2.4726e-04 4.0749e-01 -4.2655e-05 0.42563 0.44439 0.43233 -0.01822 -0.01665 -0.00031 1.87419e-01 1.14518e-04 -5.7189780546e-01 -3.8436460344e-01
202.000 -0.00000 0.00000 0.00000 -0.00000 0.00000 -0.00000 2.0761e-02 9.1987e-01 -4.9112e-02 -2.4726e-04 4.0749e-01 -4.2655e-05 0.42997 0.44443 0.42794 -0.00996 0.02280 0.00024 1.87419e-01 1.14632e-04 -5.7189787945e-01 -3.8436460794e-01
204.000 0.00000 -0.00000 0.00000 -0.00000 0.00000 -0.00000 -5.3612e-02 9.1983e-01 -4.7675e-03 -2.4726e-04 4.0749e-01 -4.2655e-05 0.42854 0.44446 0.42935 0.02470 0.00204 -0.00230 1.87418e-01 1.14808e-04 -5.7189788598e-01 -3.8436461237e-01
206.000 -0.00000 0.00000 0.00000 -0.00000 0.00000 -0.00000 1.1685e-02 9.1987e-01 5.0888e-02 -2.4726e-04 4.0749e-01 -4.2655e-05 0.43158 0.44437 0.42639 -0.00598 -0.02369 0.00417 1.87418e-01 1.15008e-04 -5.7189782199e-01 -3.8436461669e-01
208.000 -0.00000 -0.00000 -0.00000 -0.00000 0.00000 -0.00000 4.2635e-02 9.1988e-01 -2.7270e-02 -2.4726e-04 4.0749e-01 -4.2655e-05 0.42247 0.44429 0.43559 -0.01995 0.01303 -0.00343 1.87418e-01 1.15204e-04 -5.7189769201e-01 -3.8436462085e-01
210.000 0.00000 0.00000 -0.00000 -0.00000 0.00000 -0.00000 -3.8784e-02 9.1983e-01 -3.0977e-02 -2.4726e-04 4.0749e-01 -4.2655e-05 0.43877 0.44425 0.41934 0.01820 0.01404 -0.00083 1.87418e-01 1.15382e-04 -5.7189750706e-01 -3.8436462481e-01
212.000 0.00000 0.00000 0.00000 -0.00000 0.00000 -0.00000 -1.6388e-02 9.1985e-01 4.4035e-02 -2.4726e-04 4.0749e-01 -4.2655e-05 0.41973 0.44412 0.43851 0.00686 -0.02091 0.00732 1.87417e-01 1.15537e-04 -5.7189728259e-01 -3.8436462853e-01
214.000 -0.00000 0.00000 0.00000 -0.00000 0.00000 -0.00000 4.3840e-02 9.1988e-01 1.4544e-06 -2.4726e-04 4.0749e-01 -4.2655e-05 0.43362 0.44398 0.42476 -0.02093 0.00057 -0.01305 1.87417e-01 1.15673e-04 -5.7189703593e-01 -3.8436463199e-01
216.000 -0.00000 0.00000 0.00000 -0.00000 0.00000 -0.00000 -1.4857e-02 9.1984e-01 -3.9402e-02 -2.4726e-04 4.0749e-01 -4.2655e-05 0.43317 0.44391 0.42528 0.00736 0.01841 0.01487 1.87416e-01 1.15798e-04 -5.7189678417e-01 -3.8436463517e-01
218.000 0.00000 0.00000 0.00000 -0.00000 0.00000 -0.00000 -3.0355e-02 9.1984e-01 2.5549e-02 -2.4726e-04 4.0749e-01 -4.2655e-05 0.41672 0.44381 0.44184 0.01379 -0.01268 -0.01108 1.87416e-01 1.15916e-04 -5.7189654262e-01 -3.8436463809e-01
220.000 -0.00000 0.00000 0.00000 -0.00000 0.00000 -0.00000 3.2159e-02 9.1987e-01 1.7196e-02 -2.4726e-04 4.0749e-01 -4.2655e-05 0.44702 0.44369 0.41166 -0.01594 -0.00783 0.00241 1.87416e-01 1.16029e-04 -5.7189632410e-01 -3.8436464077e-01
222.000 -0.00000 -0.00000 0.00000 -0.00000 0.00000 -0.00000 2.9202e-03 9.1985e-01 -3.4965e-02 -2.4726e-04 4.0749e-01 -4.2655e-05 0.41260 0.44365 0.44613 -0.00127 0.01689 0.00818 1.87415e-01 1.16135e-04 -5.7189613888e-01 -3.8436464325e-01
224.000 -0.00000 -0.00000 0.00000 -0.00000 0.00000 -0.00000 -3.2611e-02 9.1983e-01 9.8049e-03 -2.4726e-04 4.0749e-01 -4.2655e-05 0.43904 0.44361 0.41972 0.01547 -0.00511 -0.01663 1.87415e-01 1.16231e-04 -5.7189599510e-01 -3.8436464560e-01
226.000 0.00000 -0.00000 0.00000 -0.00000 0.00000 -0.00000 2.0668e-02 9.1986e-01 2.4682e-02 -2.4726e-04 4.0749e-01 -4.2655e-05 0.43065 0.44355 0.42817 -0.01047 -0.01197 0.01954 1.87415e-01 1.16310e-04 -5.7189589927e-01 -3.8436464788e-01
228.000 0.00000 -0.00000 0.00000 -0.00000 0.00000 -0.00000 1.3470e-02 9.1985e-01 -2.9248e-02 -2.4726e-04 4.0749e-01 -4.2655e-05 0.41746 0.44355 0.44136 -0.00688 0.01422 -0.01563 1.87415e-01 1.16369e-04 -5.7189585687e-01 -3.8436465015e-01
230.000 0.00000 -0.00000 0.00000 -0.00000 0.00000 -0.00000 -3.3279e-02 9.1983e-01 -1.2443e-03 -2.4726e-04 4.0749e-01 -4.2655e-05 0.44788 0.44359 0.41091 0.01594 0.00074 0.00628 1.87415e-01 1.16405e-04 -5.7189587265e-01 -3.8436465248e-01
232.000 0.00000 -0.00000 -0.00000 -0.00000 0.00000 -0.00000 1.1724e-02 9.1986e-01 3.1357e-02 -2.4726e-04 4.0749e-01 -4.2655e-05 0.41089 0.44359 0.44789 -0.00568 -0.01538 0.00498 1.87415e-01 1.16414e-04 -5.7189595073e-01 -3.8436465492e-01
234.000 -0.00000 -0.00000 -0.00000 -0.00000 0.00000 -0.00000 2.4837e-02 9.1986e-01 -2.4688e-02 -2.4726e-04 4.0749e-01 -4.2655e-05 0.44158 0.44364 0.41715 -0.01257 0.01153 -0.01396 1.87415e-01 1.16398e-04 -5.7189609433e-01 -3.8436465752e-01
236.000 -0.00000 0.00000 0.00000 -0.00000 0.00000 -0.00000 -3.4740e-02 9.1983e-01 -1.5234e-02 -2.4726e-04 4.0749e-01 -4.2655e-05 0.42702 0.44375 0.43160 0.01615 0.00776 0.01751 1.87415e-01 1.16355e-04 -5.7189630505e-01 -3.8436466032e-01
238.000 -0.00000 0.00000 0.00000 -0.00000 0.00000 -0.00000 -2.3516e-03 9.1985e-01 3.9600e-02 -2.4726e-04 4.0749e-01 -4.2655e-05 0.42194 0.44381 0.43660 0.00145 -0.01888 -0.01481 1.87416e-01 1.16288e-04 -5.7189658188e-01 -3.8436466331e-01
240.000 -0.00000 0.00000 0.00000 -0.00000 0.00000 -0.00000 3.9637e-02 9.1987e-01 -1.3179e-02 -2.4726e-04 4.0749e-01 -4.2655e-05 0.44235 0.44389 0.41612 -0.01922 0.00559 0.00758 1.87416e-01 1.16199e-04 -5.7189691992e-01 -3.8436466650e-01
242.000 -0.00000 -0.00000 -0.00000 -0.00000 0.00000 -0.00000 -2.8194e-02 9.1983e-01 -3.5406e-02 -2.4726e-04 4.0749e-01 -4.2655e-05 0.41570 0.44404 0.44261 0.01250 0.01702 0.00081 1.87417e-01 1.16093e-04 -5.7189730900e-01 -3.8436466986e-01
244.000 -0.00000 -0.00000 0.00000 -0.00000 0.00000 -0.00000 -2.5916e-02 9.1984e-01 3.9828e-02 -2.4726e-04 4.0749e-01 -4.2655e-05 0.43833 0.44415 0.41988 0.01238 -0.01842 -0.00691 1.87417e-01 1.15974e-04 -5.7189773279e-01 -3.8436467337e-01
246.000 -0.00000 0.00000 0.00000 -0.00000 0.00000 -0.00000 4.7617e-02 9.1989e-01 1.1276e-02 -2.4726e-04 4.0749e-01 -4.2655e-05 0.42585 0.44421 0.43228 -0.02242 -0.00580 0.00880 1.87418e-01 1.15852e-04 -5.7189816866e-01 -3.8436467700e-01
248.000 -0.00000 0.00000 -0.00000 -0.00000 0.00000 -0.00000 -5.5334e-03 9.1985e-01 -5.1167e-02 -2.4726e-04 4.0749e-01 -4.2655e-05 0.42755 0.44434 0.43046 0.00192 0.02386 -0.00685 1.87418e-01 1.15739e-04 -5.7189858882e-01 -3.8436468073e-01
250.000 -0.00000 -0.00000 -0.00000 -0.00000 0.00000 -0.00000 -4.8553e-02 9.1984e-01 2.1479e-02 -2.4726e-04 4.0749e-01 -4.2655e-05 0.43192 0.44442 0.42600 0.02245 -0.00982 0.00332 1.87419e-01 1.15653e-04 -5.7189896294e-01 -3.8436468455e-01
252.000 -0.00000 0.00000 -0.00000 -0.00000 0.00000 -0.00000 3.5631e-02 9.1989e-01 3.9089e-02 -2.4726e-04 4.0749e-01 -4.2655e-05 0.42733 0.44441 0.43061 -0.01678 -0.01831 -0.00094 1.87419e-01 1.15612e-04 -5.7189926207e-01 -3.8436468845e-01
254.000 -0.00000 -0.00000 -0.00000 -0.00000 0.00000 -0.00000 2.5181e-02 9.1988e-01 -4.6906e-02 -2.4726e-04 4.0749e-01 -4.2655e-05 0.42854 0.44442 0.42937 -0.01194 0.02181 0.00127 1.87419e-01 1.15634e-04 -5.7189946293e-01 -3.8436469241e-01
256.000 0.00000 0.00000 0.00000 -0.00000 0.00000 -0.00000 -5.2560e-02 9.1983e-01 -9.5522e-03 -2.4726e-04 4.0749e-01 -4.2655e-05 0.42970 0.44444 0.42821 0.02425 0.00419 -0.00375 1.87419e-01 1.15731e-04 -5.7189955160e-01 -3.8436469638e-01
258.000 0.00000 0.00000 0.00000 -0.00000 0.00000 0.00000 6.8999e-03 9.1988e-01 5.1045e-02 -2.4726e-04 4.0749e-01 -4.2655e-05 0.43089 0.44434 0.42711 -0.00384 -0.02379 0.00611 1.87419e-01 1.15904e-04 -5.7189952556e-01 -3.8436470028e-01
260.000 -0.00000 -0.00000 0.00000 -0.00000 0.00000 0.00000 4.3943e-02 9.1989e-01 -2.2853e-02 -2.4726e-04 4.0749e-01 -4.2655e-05 0.42242 0.44424 0.43569 -0.02059 0.01105 -0.00577 1.87419e-01 1.16143e-04 -5.7189939348e-01 -3.8436470402e-01
262.000 -0.00000 0.00000 0.00000 -0.00000 0.00000 0.00000 -3.5070e-02 9.1984e-01 -3.3260e-02 -2.4726e-04 4.0749e-01 -4.2655e-05 0.43999 0.44418 0.41817 0.01656 0.01513 0.00154 1.87418e-01 1.16429e-04 -5.7189917298e-01 -3.8436470752e-01
264.000 0.00000 -0.00000 -0.00000 -0.00000 0.00000 -0.00000 -1.9362e-02 9.1985e-01 4.1287e-02 -2.4726e-04 4.0749e-01 -4.2655e-05 0.41736 0.44406 0.44093 0.00827 -0.01972 0.00555 1.87417e-01 1.16737e-04 -5.7189888721e-01 -3.8436471070e-01
266.000 0.00000 -0.00000 -0.00000 -0.00000 0.00000 -0.00000 4.2207e-02 9.1988e-01 3.3051e-03 -2.4726e-04 4.0749e-01 -4.2655e-05 0.43689 0.44392 0.42154 -0.02027 -0.00098 -0.01260 1.87417e-01 1.17039e-04 -5.7189856120e-01 -3.8436471354e-01
268.000 -0.00000 0.00000 0.00000 -0.00000 0.00000 -0.00000 -1.1618e-02 9.1984e-01 -3.8895e-02 -2.4726e-04 4.0749e-01 -4.2655e-05 0.42991 0.44385 0.42859 0.00585 0.01828 0.01619 1.87416e-01 1.17312e-04 -5.7189821880e-01 -3.8436471604e-01
270.000 -0.00000 -0.00000 -0.00000 -0.00000 0.00000 -0.00000 -3.0839e-02 9.1983e-01 2.2751e-02 -2.4726e-04 4.0749e-01 -4.2655e-05 0.41904 0.44376 0.43955 0.01413 -0.01139 -0.01407 1.87416e-01 1.17536e-04 -5.7189788069e-01 -3.8436471823e-01
272.000 -0.00000 0.00000 -0.00000 -0.00000 0.00000 -0.00000 3.0099e-02 9.1987e-01 1.8407e-02 -2.4726e-04 4.0749e-01 -4.2655e-05 0.44658 0.44365 0.41213 -0.01501 -0.00850 0.00634 1.87415e-01 1.17698e-04 -5.7189756347e-01 -3.8436472017e-01
274.000 0.00000 -0.00000 0.00000 -0.00000 0.00000 0.00000 4.5020e-03 9.1984e-01 -3.3821e-02 -2.4726e-04 4.0749e-01 -4.2655e-05 0.41088 0.44361 0.44787 -0.00212 0.01640 0.00446 1.87415e-01 1.17789e-04 -5.7189727964e-01 -3.8436472194e-01
276.000 -0.00000 -0.00000 0.00000 -0.00000 0.00000 -0.00000 -3.2413e-02 9.1983e-01 8.2481e-03 -2.4726e-04 4.0749e-01 -4.2655e-05 0.44256 0.44359 0.41622 0.01545 -0.00428 -0.01432 1.87415e-01 1.17803e-04 -5.7189703806e-01 -3.8436472362e-01
278.000 0.00000 -0.00000 0.00000 -0.00000 0.00000 -0.00000 1.9514e-02 9.1986e-01 2.5310e-02 -2.4726e-04 4.0749e-01 -4.2655e-05 0.42640 0.44354 0.43242 -0.00985 -0.01236 0.01943 1.87414e-01 1.17738e-04 -5.7189684469e-01 -3.8436472528e-01
280.000 0.00000 -0.00000 0.00000 -0.00000 0.00000 -0.00000 1.4669e-02 9.1985e-01 -2.8797e-02 -2.4726e-04 4.0749e-01 -4.2655e-05 0.42113 0.44356 0.43769 -0.00754 0.01394 -0.01779 1.87414e-01 1.17593e-04 -5.7189670331e-01 -3.8436472702e-01
282.000 0.00000 0.00000 -0.00000 -0.00000 0.00000 -0.00000 -3.3715e-02 9.1982e-01 -2.6628e-03 -2.4726e-04 4.0749e-01 -4.2655e-05 0.44591 0.44361 0.41285 0.01610 0.00152 0.01002 1.87415e-01 1.17370e-04 -5.7189661603e-01 -3.8436472891e-01
284.000 0.00000 0.00000 -0.00000 -0.00000 0.00000 -0.00000 1.0479e-02 9.1985e-01 3.2715e-02 -2.4726e-04 4.0749e-01 -4.2655e-05 0.41056 0.44362 0.44818 -0.00498 -0.01600 0.00085 1.87415e-01 1.17074e-04 -5.7189658355e-01 -3.8436473102e-01
286.000 -0.00000 0.00000 -0.00000 -0.00000 0.00000 -0.00000 2.6999e-02 9.1986e-01 -2.3996e-02 -2.4726e-04 4.0749e-01 -4.2655e-05 0.44390 0.44368 0.41478 -0.01358 0.01109 -0.01071 1.87415e-01 1.16714e-04 -5.7189660511e-01 -3.8436473343e-01
288.000 0.00000 0.00000 0.00000 -0.00000 0.00000 -0.00000 -3.4909e-02 9.1983e-01 -1.7949e-02 -2.4726e-04 4.0749e-01 -4.2655e-05 0.42347 0.44380 0.43510 0.01612 0.00905 0.01602 1.87416e-01 1.16306e-04 -5.7189667816e-01 -3.8436473617e-01
290.000 -0.00000 0.00000 -0.00000 -0.00000 0.00000 -0.00000 -5.2710e-03 9.1985e-01 4.0822e-02 -2.4726e-04 4.0749e-01 -4.2655e-05 0.42549 0.44387 0.43300 0.00285 -0.01935 -0.01529 1.87416e-01 1.15875e-04 -5.7189679780e-01 -3.8436473927e-01
292.000 -0.00000 0.00000 0.00000 -0.00000 0.00000 -0.00000 4.1960e-02 9.1988e-01 -1.0450e-02 -2.4726e-04 4.0749e-01 -4.2655e-05 0.43967 0.44395 0.41874 -0.02021 0.00427 0.00962 1.87417e-01 1.15451e-04 -5.7189695613e-01 -3.8436474275e-01
294.000 -0.00000 0.00000 -0.00000 -0.00000 0.00000 -0.00000 -2.6040e-02 9.1984e-01 -3.8733e-02 -2.4726e-04 4.0749e-01 -4.2655e-05 0.41689 0.44411 0.44136 0.01145 0.01848 -0.00199 1.87417e-01 1.15069e-04 -5.7189714174e-01 -3.8436474657e-01
296.000 0.00000 0.00000 -0.00000 -0.00000 0.00000 -0.00000 -3.0019e-02 9.1985e-01 3.8569e-02 -2.4726e-04 4.0749e-01 -4.2655e-05 0.43848 0.44421 0.41966 0.01422 -0.01778 -0.00418 1.87418e-01 1.14766e-04 -5.7189733961e-01 -3.8436475069e-01
298.000 0.00000 0.00000 -0.00000 -0.00000 0.00000 -0.00000 4.7472e-02 9.1989e-01 1.5833e-02 -2.4726e-04 4.0749e-01 -4.2655e-05 0.42464 0.44426 0.43344 -0.02230 -0.00785 0.00670 1.87418e-01 1.14570e-04 -5.7189753173e-01 -3.8436475502e-01
300.000 -0.00000 -0.00000 -0.00000 -0.00000 0.00000 -0.00000 -8.9278e-04 9.1986e-01 -5.2232e-02 -2.4726e-04 4.0749e-01 -4.2655e-05 0.42920 0.44437 0.42877 -0.00017 0.02429 -0.00555 1.87418e-01 1.14493e-04 -5.7189769858e-01 -3.8436475948e-01
302.000 -0.00000 0.00000 0.00000 -0.00000 0.00000 0.00000 -5.0799e-02 9.1983e-01 1.7132e-02 -2.4726e-04 4.0749e-01 -4.2655e-05 0.43013 0.44445 0.42777 0.02343 -0.00786 0.00272 1.87419e-01 1.14531e-04 -5.7189782147e-01 -3.8436476399e-01
304.000 -0.00000 -0.00000 0.00000 -0.00000 0.00000 0.00000 3.1922e-02 9.1989e-01 4.2371e-02 -2.4726e-04 4.0749e-01 -4.2655e-05 0.42908 0.44442 0.42885 -0.01512 -0.01977 -0.00086 1.87418e-01 1.14657e-04 -5.7189788516e-01 -3.8436476848e-01
306.000 0.00000 0.00000 0.00000 -0.00000 0.00000 0.00000 2.9259e-02 9.1988e-01 -4.4117e-02 -2.4726e-04 4.0749e-01 -4.2655e-05 0.42681 0.44441 0.43113 -0.01376 0.02058 0.00166 1.87418e-01 1.14839e-04 -5.7189788039e-01 -3.8436477290e-01
308.000 0.00000 -0.00000 0.00000 -0.00000 0.00000 0.00000 -5.0889e-02 9.1983e-01 -1.4111e-02 -2.4726e-04 4.0749e-01 -4.2655e-05 0.43141 0.44441 0.42653 0.02353 0.00624 -0.00472 1.87418e-01 1.15040e-04 -5.7189780532e-01 -3.8436477719e-01
310.000 -0.00000 -0.00000 -0.00000 -0.00000 0.00000 0.00000 2.2238e-03 9.1987e-01 5.0584e-02 -2.4726e-04 4.0749e-01 -4.2655e-05 0.42950 0.44429 0.42856 -0.00174 -0.02363 0.00780 1.87418e-01 1.15234e-04 -5.7189766563e-01 -3.8436478132e-01
312.000 -0.00000 0.00000 -0.00000 -0.00000 0.00000 0.00000 4.4664e-02 9.1988e-01 -1.8438e-02 -2.4726e-04 4.0749e-01 -4.2655e-05 0.42315 0.44418 0.43502 -0.02098 0.00907 -0.00819 1.87417e-01 1.15408e-04 -5.7189747323e-01 -3.8436478524e-01
314.000 -0.00000 -0.00000 -0.00000 -0.00000 0.00000 0.00000 -3.1268e-02 9.1983e-01 -3.5009e-02 -2.4726e-04 4.0749e-01 -4.2655e-05 0.44052 0.44412 0.41771 0.01487 0.01600 0.00434 1.87417e-01 1.15559e-04 -5.7189724402e-01 -3.8436478892e-01
316.000 -0.00000 -0.00000 -0.00000 -0.00000 0.00000 0.00000 -2.1872e-02 9.1984e-01 3.8382e-02 -2.4726e-04 4.0749e-01 -4.2655e-05 0.41546 0.44400 0.44291 0.00948 -0.01845 0.00307 1.87417e-01 1.15693e-04 -5.7189699543e-01 -3.8436479234e-01
318.000 0.00000 0.00000 0.00000 -0.00000 0.00000 0.00000 4.0372e-02 9.1988e-01 6.2218e-03 -2.4726e-04 4.0749e-01 -4.2655e-05 0.44009 0.44386 0.41841 -0.01951 -0.00238 -0.01127 1.87416e-01 1.15817e-04 -5.7189674434e-01 -3.8436479548e-01
320.000 -0.00000 0.00000 0.00000 -0.00000 0.00000 0.00000 -8.6907e-03 9.1984e-01 -3.8163e-02 -2.4726e-04 4.0749e-01 -4.2655e-05 0.42630 0.44379 0.43227 0.00445 0.01805 0.01666 1.87416e-01 1.15934e-04 -5.7189650569e-01 -3.8436479836e-01
322.000 -0.00000 0.00000 -0.00000 -0.00000 0.00000 0.00000 -3.1097e-02 9.1983e-01 2.0194e-02 -2.4726e-04 4.0749e-01 -4.2655e-05 0.42212 0.44372 0.43653 0.01436 -0.01019 -0.01648 1.87415e-01 1.16046e-04 -5.7189629188e-01 -3.8436480100e-01
324.000 -0.00000 -0.00000 0.00000 -0.00000 0.00000 0.00000 2.8224e-02 9.1987e-01 1.9406e-02 -2.4726e-04 4.0749e-01 -4.2655e-05 0.44519 0.44362 0.41356 -0.01414 -0.00908 0.01013 1.87415e-01 1.16151e-04 -5.7189611281e-01 -3.8436480346e-01
326.000 0.00000 -0.00000 0.00000 -0.00000 0.00000 0.00000 5.8960e-03 9.1985e-01 -3.2825e-02 -2.4726e-04 4.0749e-01 -4.2655e-05 0.41009 0.44359 0.44869 -0.00288 0.01596 0.00038 1.87415e-01 1.16244e-04 -5.7189597632e-01 -3.8436480579e-01
328.000 0.00000 -0.00000 0.00000 -0.00000 0.00000 0.00000 -3.2346e-02 9.1983e-01 6.8525e-03 -2.4726e-04 4.0749e-01 -4.2655e-05 0.44545 0.44358 0.41334 0.01548 -0.00352 -0.01123 1.87415e-01 1.16321e-04 -5.7189588872e-01 -3.8436480806e-01
330.000 0.00000 0.00000 0.00000 -0.00000 0.00000 0.00000 1.8498e-02 9.1986e-01 2.6069e-02 -2.4726e-04 4.0749e-01 -4.2655e-05 0.42229 0.44354 0.43653 -0.00928 -0.01279 0.01834 1.87415e-01 1.16376e-04 -5.7189585535e-01 -3.8436481034e-01
332.000 -0.00000 0.00000 0.00000 -0.00000 0.00000 0.00000 1.6013e-02 9.1985e-01 -2.8477e-02 -2.4726e-04 4.0749e-01 -4.2655e-05 0.42517 0.44357 0.43364 -0.00826 0.01371 -0.01903 1.87415e-01 1.16408e-04 -5.7189588088e-01 -3.8436481268e-01
334.000 -0.00000 -0.00000 0.00000 -0.00000 0.00000 0.00000 -3.4289e-02 9.1982e-01 -4.2519e-03 -2.4726e-04 4.0749e-01 -4.2655e-05 0.44316 0.44363 0.41558 0.01631 0.00237 0.01316 1.87415e-01 1.16413e-04 -5.7189596930e-01 -3.8436481515e-01
336.000 0.00000 -0.00000 -0.00000 -0.00000 0.00000 0.00000 9.0388e-03 9.1985e-01 3.4238e-02 -2.4726e-04 4.0749e-01 -4.2655e-05 0.41121 0.44366 0.44750 -0.00419 -0.01667 -0.00314 1.87415e-01 1.16392e-04 -5.7189612361e-01 -3.8436481778e-01
338.000 -0.00000 -0.00000 -0.00000 -0.00000 0.00000 0.00000 2.9373e-02 9.1986e-01 -2.3090e-02 -2.4726e-04 4.0749e-01 -4.2655e-05 0.44533 0.44373 0.41331 -0.01467 0.01055 -0.00710 1.87415e-01 1.16346e-04 -5.7189634510e-01 -3.8436482060e-01
340.000 0.00000 0.00000 0.00000 -0.00000 0.00000 0.00000 -3.4858e-02 9.1983e-01 -2.0937e-02 -2.4726e-04 4.0749e-01 -4.2655e-05 0.42050 0.44385 0.43801 0.01598 0.01045 0.01378 1.87416e-01 1.16275e-04 -5.7189663222e-01 -3.8436482363e-01
342.000 -0.00000 0.00000 -0.00000 -0.00000 0.00000 0.00000 -8.5337e-03 9.1985e-01 4.1836e-02 -2.4726e-04 4.0749e-01 -4.2655e-05 0.42888 0.44394 0.42954 0.00439 -0.01972 -0.01487 1.87416e-01 1.16183e-04 -5.7189697928e-01 -3.8436482685e-01
344.000 0.00000 0.00000 0.00000 -0.00000 0.00000 0.00000 4.4109e-02 9.1988e-01 -7.3033e-03 -2.4726e-04 4.0749e-01 -4.2655e-05 0.43670 0.44402 0.42164 -0.02112 0.00278 0.01082 1.87416e-01 1.16074e-04 -5.7189737520e-01 -3.8436483023e-01
346.000 -0.00000 0.00000 0.00000 -0.00000 0.00000 0.00000 -2.3396e-02 9.1984e-01 -4.1941e-02 -2.4726e-04 4.0749e-01 -4.2655e-05 0.41869 0.44417 0.43949 0.01019 0.01989 -0.00419 1.87417e-01 1.15954e-04 -5.7189780262e-01 -3.8436483376e-01
348.000 0.00000 -0.00000 0.00000 -0.00000 0.00000 0.00000 -3.4080e-02 9.1984e-01 3.6758e-02 -2.4726e-04 4.0749e-01 -4.2655e-05 0.43786 0.44427 0.42021 0.01602 -0.01690 -0.00171 1.87418e-01 1.15832e-04 -5.7189823794e-01 -3.8436483741e-01
350.000 0.00000 -0.00000 -0.00000 -0.00000 0.00000 0.00000 4.6731e-02 9.1989e-01 2.0447e-02 -2.4726e-04 4.0749e-01 -4.2655e-05 0.42421 0.44431 0.43383 -0.02192 -0.00992 0.00450 1.87418e-01 1.15723e-04 -5.7189865276e-01 -3.8436484116e-01
352.000 -0.00000 -0.00000 0.00000 -0.00000 0.00000 0.00000 3.9175e-03 9.1986e-01 -5.2685e-02 -2.4726e-04 4.0749e-01 -4.2655e-05 0.43021 0.44440 0.42772 -0.00232 0.02447 -0.00386 1.87419e-01 1.15642e-04 -5.7189901669e-01 -3.8436484499e-01
354.000 -0.00000 -0.00000 0.00000 -0.00000 0.00000 0.00000 -5.2449e-02 9.1983e-01 1.2497e-02 -2.4726e-04 4.0749e-01 -4.2655e-05 0.42876 0.44446 0.42912 0.02416 -0.00579 0.00152 1.87419e-01 1.15611e-04 -5.7189930139e-01 -3.8436484890e-01
356.000 -0.00000 -0.00000 -0.00000 -0.00000 0.00000 0.00000 2.7812e-02 9.1989e-01 4.5110e-02 -2.4726e-04 4.0749e-01 -4.2655e-05 0.43067 0.44441 0.42726 -0.01329 -0.02100 -0.00009 1.87419e-01 1.15644e-04 -5.7189948488e-01 -3.8436485287e-01
358.000 -0.00000 0.00000 -0.00000 -0.00000 0.00000 0.00000 3.2880e-02 9.1988e-01 -4.0836e-02 -2.4726e-04 4.0749e-01 -4.2655e-05 0.42497 0.44438 0.43298 -0.01540 0.01913 0.00134 1.87419e-01 1.15753e-04 -5.7189955499e-01 -3.8436485683e-01
360.000 0.00000 -0.00000 -0.00000 -0.00000 0.00000 0.00000 -4.8663e-02 9.1983e-01 -1.8322e-02 -2.4726e-04 4.0749e-01 -4.2655e-05 0.43350 0.44436 0.42448 0.02256 0.00814 -0.00505 1.87419e-01 1.15938e-04 -5.7189951107e-01 -3.8436486071e-01
362.000 -0.00000 -0.00000 0.00000 -0.00000 0.00000 0.00000 -2.2276e-03 9.1987e-01 4.9543e-02 -2.4726e-04 4.0749e-01 -4.2655e-05 0.42748 0.44424 0.43062 0.00028 -0.02322 0.00906 1.87418e-01 1.16186e-04 -5.7189936341e-01 -3.8436486442e-01
364.000 -0.00000 0.00000 0.00000 -0.00000 0.00000 0.00000 4.4814e-02 9.1989e-01 -1.4127e-02 -2.4726e-04 4.0749e-01 -4.2655e-05 0.42466 0.44412 0.43356 -0.02112 0.00712 -0.01045 1.87418e-01 1.16478e-04 -5.7189913077e-01 -3.8436486787e-01
366.000 -0.00000 -0.00000 0.00000 -0.00000 0.00000 0.00000 -2.7465e-02 9.1984e-01 -3.6229e-02 -2.4726e-04 4.0749e-01 -4.2655e-05 0.44024 0.44405 0.41805 0.01317 0.01664 0.00735 1.87417e-01 1.16786e-04 -5.7189883685e-01 -3.8436487100e-01
368.000 -0.00000 -0.00000 0.00000 -0.00000 0.00000 0.00000 -2.3917e-02 9.1984e-01 3.5392e-02 -2.4726e-04 4.0749e-01 -4.2655e-05 0.41419 0.44393 0.44422 0.01050 -0.01714 0.00001 1.87417e-01 1.17085e-04 -5.7189850667e-01 -3.8436487378e-01
370.000 -0.00000 0.00000 0.00000 -0.00000 0.00000 0.00000 3.8393e-02 9.1988e-01 8.7487e-03 -2.4726e-04 4.0749e-01 -4.2655e-05 0.44296 0.44380 0.41559 -0.01867 -0.00362 -0.00910 1.87416e-01 1.17351e-04 -5.7189816367e-01 -3.8436487623e-01
372.000 0.00000 -0.00000 0.00000 -0.00000 0.00000 0.00000 -6.0747e-03 9.1984e-01 -3.7258e-02 -2.4726e-04 4.0749e-01 -4.2655e-05 0.42254 0.44374 0.43607 0.00318 0.01772 0.01621 1.87415e-01 1.17566e-04 -5.7189782791e-01 -3.8436487837e-01
374.000 0.00000 0.00000 -0.00000 -0.00000 0.00000 0.00000 -3.1175e-02 9.1983e-01 1.7877e-02 -2.4726e-04 4.0749e-01 -4.2655e-05 0.42577 0.44368 0.43292 0.01451 -0.00907 -0.01812 1.87415e-01 1.17717e-04 -5.7189751532e-01 -3.8436488028e-01
376.000 -0.00000 -0.00000 0.00000 -0.00000 0.00000 0.00000 2.6533e-02 9.1986e-01 2.0240e-02 -2.4726e-04 4.0749e-01 -4.2655e-05 0.44289 0.44359 0.41589 -0.01334 -0.00959 0.01355 1.87415e-01 1.17796e-04 -5.7189723777e-01 -3.8436488203e-01
378.000 0.00000 0.00000 -0.00000 -0.00000 0.00000 0.00000 7.1525e-03 9.1984e-01 -3.1975e-02 -2.4726e-04 4.0749e-01 -4.2655e-05 0.41027 0.44357 0.44853 -0.00359 0.01557 -0.00383 1.87414e-01 1.17797e-04 -5.7189700360e-01 -3.8436488370e-01
380.000 0.00000 0.00000 0.00000 -0.00000 0.00000 0.00000 -3.2411e-02 9.1982e-01 5.5626e-03 -2.4726e-04 4.0749e-01 -4.2655e-05 0.44756 0.44358 0.41123 0.01555 -0.00280 -0.00753 1.87414e-01 1.17720e-04 -5.7189681838e-01 -3.8436488537e-01
382.000 -0.00000 -0.00000 0.00000 -0.00000 0.00000 0.00000 1.7562e-02 9.1986e-01 2.6968e-02 -2.4726e-04 4.0749e-01 -4.2655e-05 0.41854 0.44355 0.44027 -0.00874 -0.01327 0.01631 1.87414e-01 1.17562e-04 -5.7189668559e-01 -3.8436488713e-01
384.000 0.00000 -0.00000 -0.00000 -0.00000 0.00000 0.00000 1.7525e-02 9.1985e-01 -2.8221e-02 -2.4726e-04 4.0749e-01 -4.2655e-05 0.42936 0.44358 0.42942 -0.00904 0.01350 -0.01929 1.87414e-01 1.17327e-04 -5.7189660711e-01 -3.8436488905e-01
386.000 0.00000 -0.00000 -0.00000 -0.00000 0.00000 0.00000 -3.4933e-02 9.1982e-01 -6.0468e-03 -2.4726e-04 4.0749e-01 -4.2655e-05 0.43978 0.44366 0.41892 0.01654 0.00330 0.01554 1.87415e-01 1.17019e-04 -5.7189658340e-01 -3.8436489121e-01
388.000 0.00000 0.00000 0.00000 -0.00000 0.00000 0.00000 7.3497e-03 9.1985e-01 3.5860e-02 -2.4726e-04 4.0749e-01 -4.2655e-05 0.41276 0.44370 0.44591 -0.00330 -0.01738 -0.00680 1.87415e-01 1.16651e-04 -5.7189661347e-01 -3.8436489366e-01
390.000 -0.00000 -0.00000 0.00000 -0.00000 0.00000 0.00000 3.1899e-02 9.1987e-01 -2.1898e-02 -2.4726e-04 4.0749e-01 -4.2655e-05 0.44583 0.44377 0.41276 -0.01581 0.00990 -0.00333 1.87416e-01 1.16238e-04 -5.7189669441e-01 -3.8436489646e-01
392.000 -0.00000 0.00000 -0.00000 -0.00000 0.00000 0.00000 -3.4498e-02 9.1983e-01 -2.4151e-02 -2.4726e-04 4.0749e-01 -4.2655e-05 0.41825 0.44391 0.44020 0.01571 0.01192 0.01098 1.87416e-01 1.15805e-04 -5.7189682089e-01 -3.8436489963e-01
394.000 0.00000 -0.00000 0.00000 -0.00000 0.00000 0.00000 -1.2113e-02 9.1985e-01 4.2539e-02 -2.4726e-04 4.0749e-01 -4.2655e-05 0.43192 0.44400 0.42644 0.00605 -0.01995 -0.01365 1.87417e-01 1.15385e-04 -5.7189698447e-01 -3.8436490316e-01
396.000 -0.00000 -0.00000 0.00000 -0.00000 0.00000 0.00000 4.5974e-02 9.1988e-01 -3.7419e-03 -2.4726e-04 4.0749e-01 -4.2655e-05 0.43368 0.44408 0.42459 -0.02190 0.00112 0.01119 1.87417e-01 1.15014e-04 -5.7189717315e-01 -3.8436490704e-01
398.000 -0.00000 0.00000 0.00000 -0.00000 0.00000 0.00000 -2.0243e-02 9.1984e-01 -4.4921e-02 -2.4726e-04 4.0749e-01 -4.2655e-05 0.42089 0.44423 0.43724 0.00872 0.02118 -0.00570 1.87418e-01 1.14727e-04 -5.7189737137e-01 -3.8436491119e-01
400.000 0.00000 0.00000 -0.00000 -0.00000 0.00000 0.00000 -3.8001e-02 9.1984e-01 3.4359e-02 -2.4726e-04 4.0749e-01 -4.2655e-05 0.43662 0.44432 0.42141 0.01776 -0.01577 0.00032 1.87418e-01 1.14549e-04 -5.7189756074e-01 -3.8436491555e-01
