# t x y z vx vy vz omx omy omz llx lly llz Ixx Iyy Izz Ixy Iyz Ixz KErot PEspr PEgrav Etot
0.000 -0.00000 0.00000 -0.00000 -0.00000 -0.00000 0.00000 3.1734e-02 9.2031e-01 -4.4910e-02 -2.4907e-04 4.0722e-01 -1.2578e-05 0.43348 0.44404 0.42937 -0.01531 0.02101 -0.00195 1.87383e-01 1.16058e-29 -5.7090782723e-01 -3.8352477300e-01
2.000 -0.00000 -0.00000 -0.00000 0.00000 0.00000 0.00000 -5.2293e-02 9.1402e-01 -1.7050e-02 -2.4907e-04 4.0722e-01 -1.2578e-05 0.42776 0.44706 0.42537 0.02421 0.00796 0.00067 1.86114e-01 1.36571e-03 -5.7245794541e-01 -3.8497802516e-01
4.004 -0.00000 0.00000 -0.00000 -0.00000 0.00000 0.00000 -8.7674e-04 9.1349e-01 5.4096e-02 -2.4907e-04 4.0722e-01 -1.2578e-05 0.42493 0.44729 0.42800 -0.00004 -0.02536 0.00298 1.85998e-01 1.47873e-03 -5.7246242613e-01 -3.8498601443e-01
6.004 0.00000 0.00000 0.00000 -0.00000 0.00000 0.00000 5.0184e-02 9.1343e-01 -1.5860e-02 -2.4907e-04 4.0722e-01 -1.2578e-05 0.42485 0.44725 0.42814 -0.02371 0.00774 -0.00578 1.85980e-01 1.48993e-03 -5.7245949663e-01 -3.8498928911e-01
8.004 0.00000 0.00000 0.00000 -0.00000 0.00000 0.00000 -3.0285e-02 9.1332e-01 -4.2248e-02 -2.4907e-04 4.0722e-01 -1.2578e-05 0.43334 0.44725 0.41969 0.01434 0.01957 0.00523 1.85967e-01 1.49632e-03 -5.7245525501e-01 -3.8499235724e-01
10.000 -0.00000 -0.00000 0.00000 -0.00000 -0.00000 0.00000 -3.0472e-02 9.1325e-01 3.9628e-02 -2.4907e-04 4.0722e-01 -1.2578e-05 0.41554 0.44718 0.43760 0.01362 -0.01902 -0.00065 1.85953e-01 1.50166e-03 -5.7245008218e-01 -3.8499523537e-01
12.000 0.00000 -0.00000 0.00000 -0.00000 -0.00000 0.00000 4.4325e-02 9.1324e-01 1.5158e-02 -2.4907e-04 4.0722e-01 -1.2578e-05 0.43811 0.44706 0.41521 -0.02143 -0.00658 -0.00666 1.85940e-01 1.50599e-03 -5.7244436759e-01 -3.8499790993e-01
14.000 0.00000 0.00000 -0.00000 -0.00000 -0.00000 0.00000 -5.7630e-04 9.1315e-01 -4.4926e-02 -2.4907e-04 4.0722e-01 -1.2578e-05 0.41993 0.44700 0.43350 0.00066 0.02132 0.01356 1.85929e-01 1.50940e-03 -5.7243854190e-01 -3.8500036229e-01
16.000 -0.00000 0.00000 0.00000 -0.00000 -0.00000 0.00000 -4.0559e-02 9.1308e-01 1.3909e-02 -2.4907e-04 4.0722e-01 -1.2578e-05 0.42489 0.44694 0.42865 0.01886 -0.00729 -0.01673 1.85918e-01 1.51212e-03 -5.7243297648e-01 -3.8500259275e-01
18.000 -0.00000 0.00000 -0.00000 -0.00000 -0.00000 0.00000 2.4529e-02 9.1307e-01 3.1002e-02 -2.4907e-04 4.0722e-01 -1.2578e-05 0.43835 0.44682 0.41535 -0.01253 -0.01450 0.01414 1.85909e-01 1.51430e-03 -5.7242796104e-01 -3.8500461304e-01
20.004 -0.00000 0.00000 -0.00000 -0.00000 -0.00000 0.00000 1.8525e-02 9.1303e-01 -3.2495e-02 -2.4907e-04 4.0722e-01 -1.2578e-05 0.40850 0.44676 0.44530 -0.00877 0.01595 -0.00593 1.85901e-01 1.51601e-03 -5.7242368720e-01 -3.8500644786e-01
22.004 0.00000 0.00000 0.00000 -0.00000 -0.00000 0.00000 -3.5844e-02 9.1296e-01 -5.8738e-03 -2.4907e-04 4.0722e-01 -1.2578e-05 0.44643 0.44674 0.40742 0.01722 0.00241 -0.00512 1.85895e-01 1.51715e-03 -5.7242028872e-01 -3.8500811855e-01
24.004 -0.00000 0.00000 0.00000 -0.00000 -0.00000 0.00000 6.7302e-03 9.1297e-01 3.3523e-02 -2.4907e-04 4.0722e-01 -1.2578e-05 0.41286 0.44667 0.44108 -0.00388 -0.01632 0.01524 1.85891e-01 1.51752e-03 -5.7241780677e-01 -3.8500966303e-01
26.004 -0.00000 0.00000 -0.00000 -0.00000 -0.00000 0.00000 2.7044e-02 9.1297e-01 -1.8934e-02 -2.4907e-04 4.0722e-01 -1.2578e-05 0.43082 0.44664 0.42317 -0.01347 0.00938 -0.02076 1.85888e-01 1.51687e-03 -5.7241624544e-01 -3.8501111929e-01
28.004 -0.00000 0.00000 -0.00000 -0.00000 0.00000 0.00000 -2.8341e-02 9.1293e-01 -1.8195e-02 -2.4907e-04 4.0722e-01 -1.2578e-05 0.43491 0.44666 0.41906 0.01362 0.00895 0.01965 1.85888e-01 1.51492e-03 -5.7241557981e-01 -3.8501252787e-01
30.004 0.00000 -0.00000 -0.00000 0.00000 -0.00000 0.00000 -6.8477e-03 9.1296e-01 3.2949e-02 -2.4907e-04 4.0722e-01 -1.2578e-05 0.40987 0.44665 0.44410 0.00324 -0.01613 -0.01226 1.85890e-01 1.51142e-03 -5.7241576906e-01 -3.8501393104e-01
32.004 -0.00000 -0.00000 0.00000 0.00000 -0.00000 0.00000 3.3333e-02 9.1301e-01 -6.7834e-03 -2.4907e-04 4.0722e-01 -1.2578e-05 0.44762 0.44665 0.40634 -0.01661 0.00296 0.00117 1.85895e-01 1.50625e-03 -5.7241676426e-01 -3.8501537197e-01
34.004 0.00000 0.00000 -0.00000 0.00000 -0.00000 0.00000 -2.0114e-02 9.1301e-01 -3.0359e-02 -2.4907e-04 4.0722e-01 -1.2578e-05 0.40945 0.44672 0.44442 0.00907 0.01498 0.00976 1.85902e-01 1.49942e-03 -5.7241851083e-01 -3.8501689399e-01
36.004 -0.00000 -0.00000 0.00000 0.00000 -0.00000 0.00000 -2.3090e-02 9.1305e-01 3.0647e-02 -2.4907e-04 4.0722e-01 -1.2578e-05 0.43596 0.44677 0.41783 0.01132 -0.01446 -0.01682 1.85911e-01 1.49118e-03 -5.7242094604e-01 -3.8501853940e-01
38.000 -0.00000 -0.00000 -0.00000 0.00000 -0.00000 0.00000 3.8172e-02 9.1314e-01 1.1302e-02 -2.4907e-04 4.0722e-01 -1.2578e-05 0.42807 0.44680 0.42566 -0.01839 -0.00603 0.01792 1.85922e-01 1.48207e-03 -5.7242398537e-01 -3.8502034386e-01
40.000 -0.00000 0.00000 -0.00000 0.00000 -0.00000 0.00000 -3.0031e-03 9.1317e-01 -4.2800e-02 -2.4907e-04 4.0722e-01 -1.2578e-05 0.41698 0.44691 0.43661 0.00048 0.02041 -0.01328 1.85932e-01 1.47284e-03 -5.7242753710e-01 -3.8502234833e-01
42.000 0.00000 -0.00000 0.00000 0.00000 -0.00000 0.00000 -4.2568e-02 9.1307e-01 1.7135e-02 -2.4907e-04 4.0722e-01 -1.2578e-05 0.44059 0.44708 0.41296 0.02017 -0.00752 0.00521 1.85917e-01 1.45617e-03 -5.7239652729e-01 -3.8502307689e-01
44.000 -0.00000 0.00000 -0.00000 0.00000 -0.00000 0.00000 3.0656e-02 9.1316e-01 3.6199e-02 -2.4907e-04 4.0722e-01 -1.2578e-05 0.41425 0.44712 0.43919 -0.01429 -0.01752 0.00278 1.85926e-01 1.45391e-03 -5.7240394664e-01 -3.8502358959e-01
46.000 -0.00000 0.00000 -0.00000 0.00000 0.00000 0.00000 2.5263e-02 9.1318e-01 -4.2888e-02 -2.4907e-04 4.0722e-01 -1.2578e-05 0.43395 0.44722 0.41935 -0.01263 0.01989 -0.00760 1.85932e-01 1.45203e-03 -5.7240861207e-01 -3.8502413314e-01
48.000 0.00000 -0.00000 -0.00000 0.00000 0.00000 0.00000 -5.1095e-02 9.1315e-01 -1.1835e-02 -2.4907e-04 4.0722e-01 -1.2578e-05 0.42526 0.44735 0.42788 0.02363 0.00598 0.00794 1.85935e-01 1.45226e-03 -5.7241197900e-01 -3.8502471397e-01
50.000 0.00000 -0.00000 -0.00000 0.00000 0.00000 0.00000 3.7008e-03 9.1318e-01 5.3090e-02 -2.4907e-04 4.0722e-01 -1.2578e-05 0.42401 0.44740 0.42906 -0.00171 -0.02494 -0.00478 1.85934e-01 1.45538e-03 -5.7241480729e-01 -3.8502532426e-01
52.000 -0.00000 0.00000 0.00000 0.00000 -0.00000 0.00000 4.9548e-02 9.1319e-01 -2.0487e-02 -2.4907e-04 4.0722e-01 -1.2578e-05 0.42919 0.44743 0.42383 -0.02354 0.00945 0.00075 1.85930e-01 1.46048e-03 -5.7241651556e-01 -3.8502595592e-01
54.000 -0.00000 0.00000 -0.00000 0.00000 0.00000 0.00000 -3.5341e-02 9.1310e-01 -4.1780e-02 -2.4907e-04 4.0722e-01 -1.2578e-05 0.42662 0.44750 0.42632 0.01630 0.01954 0.00133 1.85924e-01 1.46655e-03 -5.7241695722e-01 -3.8502659604e-01
56.000 0.00000 0.00000 0.00000 0.00000 0.00000 0.00000 -2.9612e-02 9.1307e-01 4.5415e-02 -2.4907e-04 4.0722e-01 -1.2578e-05 0.42297 0.44749 0.43000 0.01344 -0.02140 0.00003 1.85916e-01 1.47231e-03 -5.7241601947e-01 -3.8502723137e-01
58.000 -0.00000 -0.00000 0.00000 0.00000 0.00000 0.00000 5.0599e-02 9.1309e-01 1.3581e-02 -2.4907e-04 4.0722e-01 -1.2578e-05 0.43112 0.44741 0.42195 -0.02410 -0.00606 -0.00414 1.85909e-01 1.47687e-03 -5.7241377033e-01 -3.8502785110e-01
60.000 0.00000 0.00000 -0.00000 0.00000 0.00000 0.00000 -3.1993e-03 9.1302e-01 -5.1366e-02 -2.4907e-04 4.0722e-01 -1.2578e-05 0.42479 0.44738 0.42834 0.00170 0.02411 0.00856 1.85902e-01 1.48002e-03 -5.7241046067e-01 -3.8502844566e-01
62.000 0.00000 -0.00000 -0.00000 0.00000 0.00000 0.00000 -4.6716e-02 9.1296e-01 1.7690e-02 -2.4907e-04 4.0722e-01 -1.2578e-05 0.42230 0.44732 0.43093 0.02154 -0.00889 -0.01030 1.85895e-01 1.48208e-03 -5.7240644295e-01 -3.8502900760e-01
64.000 0.00000 0.00000 0.00000 0.00000 0.00000 0.00000 2.9342e-02 9.1297e-01 3.6442e-02 -2.4907e-04 4.0722e-01 -1.2578e-05 0.43780 0.44718 0.41561 -0.01464 -0.01684 0.00743 1.85889e-01 1.48373e-03 -5.7240211987e-01 -3.8502953160e-01
66.000 0.00000 0.00000 0.00000 0.00000 0.00000 0.00000 2.3080e-02 9.1294e-01 -3.7960e-02 -2.4907e-04 4.0722e-01 -1.2578e-05 0.41152 0.44709 0.44202 -0.01068 0.01837 -0.00018 1.85882e-01 1.48565e-03 -5.7239788027e-01 -3.8503001438e-01
68.000 -0.00000 -0.00000 -0.00000 0.00000 0.00000 0.00000 -4.1699e-02 9.1286e-01 -9.3281e-03 -2.4907e-04 4.0722e-01 -1.2578e-05 0.44110 0.44704 0.41254 0.01978 0.00379 -0.00902 1.85875e-01 1.48828e-03 -5.7239404527e-01 -3.8503045515e-01
70.000 -0.00000 -0.00000 0.00000 0.00000 0.00000 0.00000 4.2960e-03 9.1286e-01 3.9425e-02 -2.4907e-04 4.0722e-01 -1.2578e-05 0.41916 0.44693 0.43462 -0.00296 -0.01886 0.01656 1.85868e-01 1.49179e-03 -5.7239085019e-01 -3.8503085549e-01
72.000 0.00000 -0.00000 0.00000 0.00000 0.00000 0.00000 3.2774e-02 9.1284e-01 -1.7305e-02 -2.4907e-04 4.0722e-01 -1.2578e-05 0.42442 0.44684 0.42947 -0.01587 0.00882 -0.01920 1.85861e-01 1.49603e-03 -5.7238844656e-01 -3.8503121909e-01
74.000 -0.00000 0.00000 -0.00000 0.00000 0.00000 0.00000 -2.7262e-02 9.1277e-01 -2.3700e-02 -2.4907e-04 4.0722e-01 -1.2578e-05 0.43993 0.44683 0.41399 0.01327 0.01120 0.01546 1.85855e-01 1.50066e-03 -5.7238691509e-01 -3.8503155135e-01
76.000 -0.00000 -0.00000 0.00000 -0.00000 0.00000 0.00000 -1.2223e-02 9.1275e-01 3.2217e-02 -2.4907e-04 4.0722e-01 -1.2578e-05 0.40719 0.44678 0.44679 0.00540 -0.01587 -0.00626 1.85849e-01 1.50518e-03 -5.7238628519e-01 -3.8503185899e-01
78.004 -0.00000 0.00000 -0.00000 0.00000 0.00000 0.00000 3.2862e-02 9.1276e-01 -1.4790e-03 -2.4907e-04 4.0722e-01 -1.2578e-05 0.44737 0.44674 0.40666 -0.01639 0.00084 -0.00554 1.85845e-01 1.50910e-03 -5.7238655436e-01 -3.8503215015e-01
80.004 -0.00000 0.00000 0.00000 -0.00000 0.00000 0.00000 -1.4543e-02 9.1272e-01 -3.0177e-02 -2.4907e-04 4.0722e-01 -1.2578e-05 0.41271 0.44676 0.44128 0.00682 0.01482 0.01562 1.85843e-01 1.51191e-03 -5.7238769714e-01 -3.8503243187e-01
82.004 0.00000 -0.00000 0.00000 0.00000 0.00000 0.00000 -2.3405e-02 9.1272e-01 2.4682e-02 -2.4907e-04 4.0722e-01 -1.2578e-05 0.43065 0.44678 0.42332 0.01133 -0.01199 -0.02068 1.85844e-01 1.51318e-03 -5.7238967600e-01 -3.8503271327e-01
84.004 0.00000 0.00000 0.00000 0.00000 0.00000 0.00000 3.1881e-02 9.1277e-01 1.2243e-02 -2.4907e-04 4.0722e-01 -1.2578e-05 0.43480 0.44677 0.41915 -0.01572 -0.00630 0.01906 1.85847e-01 1.51259e-03 -5.7239244285e-01 -3.8503300306e-01
86.004 0.00000 0.00000 -0.00000 0.00000 0.00000 0.00000 -1.0509e-03 9.1278e-01 -3.6276e-02 -2.4907e-04 4.0722e-01 -1.2578e-05 0.41066 0.44684 0.44320 -0.00026 0.01759 -0.01154 1.85853e-01 1.50997e-03 -5.7239593508e-01 -3.8503330998e-01
88.004 -0.00000 0.00000 0.00000 -0.00000 0.00000 0.00000 -3.6124e-02 9.1280e-01 1.4072e-02 -2.4907e-04 4.0722e-01 -1.2578e-05 0.44586 0.44691 0.40789 0.01736 -0.00626 0.00095 1.85861e-01 1.50534e-03 -5.7240006828e-01 -3.8503364258e-01
90.004 0.00000 0.00000 -0.00000 -0.00000 0.00000 0.00000 2.6490e-02 9.1289e-01 3.0228e-02 -2.4907e-04 4.0722e-01 -1.2578e-05 0.41136 0.44694 0.44231 -0.01250 -0.01492 0.00883 1.85872e-01 1.49897e-03 -5.7240472653e-01 -3.8503400895e-01
92.004 -0.00000 0.00000 0.00000 -0.00000 0.00000 0.00000 2.0116e-02 9.1294e-01 -3.7839e-02 -2.4907e-04 4.0722e-01 -1.2578e-05 0.43437 0.44702 0.41918 -0.01044 0.01768 -0.01449 1.85884e-01 1.49140e-03 -5.7240975207e-01 -3.8503441612e-01
94.004 -0.00000 0.00000 0.00000 -0.00000 0.00000 0.00000 -4.5553e-02 9.1297e-01 -7.7106e-03 -2.4907e-04 4.0722e-01 -1.2578e-05 0.42800 0.44714 0.42538 0.02121 0.00430 0.01453 1.85897e-01 1.48345e-03 -5.7241493675e-01 -3.8503486946e-01
96.004 0.00000 -0.00000 0.00000 -0.00000 0.00000 0.00000 6.8243e-03 9.1306e-01 4.7500e-02 -2.4907e-04 4.0722e-01 -1.2578e-05 0.41885 0.44719 0.43443 -0.00289 -0.02254 -0.00983 1.85908e-01 1.47616e-03 -5.7242001840e-01 -3.8503537172e-01
98.004 -0.00000 -0.00000 -0.00000 -0.00000 0.00000 0.00000 4.4273e-02 9.1313e-01 -2.2855e-02 -2.4907e-04 4.0722e-01 -1.2578e-05 0.43637 0.44726 0.41680 -0.02135 0.01027 0.00316 1.85918e-01 1.47059e-03 -5.7242468614e-01 -3.8503592225e-01
100.004 -0.00000 0.00000 0.00000 -0.00000 0.00000 0.00000 -3.7343e-02 9.1311e-01 -3.6984e-02 -2.4907e-04 4.0722e-01 -1.2578e-05 0.41906 0.44739 0.43395 0.01696 0.01765 0.00223 1.85924e-01 1.46762e-03 -5.7242859844e-01 -3.8503651637e-01
102.004 -0.00000 -0.00000 0.00000 -0.00000 0.00000 0.00000 -2.5203e-02 9.1313e-01 4.7445e-02 -2.4907e-04 4.0722e-01 -1.2578e-05 0.42944 0.44744 0.42348 0.01180 -0.02213 -0.00414 1.85927e-01 1.46768e-03 -5.7243141629e-01 -3.8503714533e-01
104.004 -0.00000 0.00000 -0.00000 -0.00000 -0.00000 0.00000 5.2901e-02 9.1316e-01 9.2503e-03 -2.4907e-04 4.0722e-01 -1.2578e-05 0.42704 0.44744 0.42587 -0.02504 -0.00447 0.00241 1.85924e-01 1.47065e-03 -5.7243284973e-01 -3.8503779706e-01
106.004 -0.00000 -0.00000 0.00000 -0.00000 0.00000 0.00000 -7.8543e-03 9.1309e-01 -5.3941e-02 -2.4907e-04 4.0722e-01 -1.2578e-05 0.42538 0.44750 0.42747 0.00345 0.02525 0.00105 1.85918e-01 1.47587e-03 -5.7243270960e-01 -3.8503845744e-01
108.004 0.00000 0.00000 -0.00000 -0.00000 0.00000 0.00000 -4.9308e-02 9.1303e-01 2.3005e-02 -2.4907e-04 4.0722e-01 -1.2578e-05 0.42462 0.44752 0.42823 0.02274 -0.01099 -0.00340 1.85910e-01 1.48234e-03 -5.7243095081e-01 -3.8503911203e-01
110.004 0.00000 -0.00000 -0.00000 -0.00000 0.00000 0.00000 3.5452e-02 9.1303e-01 3.8631e-02 -2.4907e-04 4.0722e-01 -1.2578e-05 0.43255 0.44744 0.42041 -0.01717 -0.01790 0.00242 1.85899e-01 1.48904e-03 -5.7242769214e-01 -3.8503974764e-01
112.004 0.00000 -0.00000 0.00000 -0.00000 -0.00000 0.00000 2.4423e-02 9.1296e-01 -4.4746e-02 -2.4907e-04 4.0722e-01 -1.2578e-05 0.41771 0.44739 0.43534 -0.01134 0.02126 0.00219 1.85888e-01 1.49520e-03 -5.7242320354e-01 -3.8504035342e-01
114.004 0.00000 -0.00000 0.00000 -0.00000 0.00000 0.00000 -4.8824e-02 9.1286e-01 -9.5095e-03 -2.4907e-04 4.0722e-01 -1.2578e-05 0.43421 0.44736 0.41892 0.02286 0.00389 -0.00856 1.85877e-01 1.50039e-03 -5.7241786313e-01 -3.8504092146e-01
116.004 -0.00000 0.00000 0.00000 -0.00000 0.00000 0.00000 5.3755e-03 9.1285e-01 4.6449e-02 -2.4907e-04 4.0722e-01 -1.2578e-05 0.42466 0.44724 0.42864 -0.00346 -0.02190 0.01350 1.85866e-01 1.50456e-03 -5.7241209653e-01 -3.8504144688e-01
118.004 0.00000 -0.00000 0.00000 -0.00000 -0.00000 0.00000 3.9285e-02 9.1282e-01 -1.9517e-02 -2.4907e-04 4.0722e-01 -1.2578e-05 0.42027 0.44713 0.43319 -0.01866 0.00986 -0.01410 1.85857e-01 1.50784e-03 -5.7240631597e-01 -3.8504192773e-01
120.004 -0.00000 -0.00000 0.00000 -0.00000 -0.00000 0.00000 -3.0313e-02 9.1274e-01 -2.9426e-02 -2.4907e-04 4.0722e-01 -1.2578e-05 0.44120 0.44708 0.41235 0.01468 0.01359 0.00919 1.85848e-01 1.51047e-03 -5.7240087383e-01 -3.8504236462e-01
122.004 0.00000 0.00000 0.00000 -0.00000 -0.00000 0.00000 -1.7087e-02 9.1271e-01 3.5751e-02 -2.4907e-04 4.0722e-01 -1.2578e-05 0.40840 0.44699 0.44529 0.00737 -0.01745 0.00005 1.85841e-01 1.51257e-03 -5.7239603751e-01 -3.8504276037e-01
124.004 -0.00000 0.00000 0.00000 -0.00000 -0.00000 0.00000 3.6579e-02 9.1271e-01 2.7604e-03 -2.4907e-04 4.0722e-01 -1.2578e-05 0.44333 0.44689 0.41049 -0.01801 -0.00083 -0.01052 1.85835e-01 1.51417e-03 -5.7239198503e-01 -3.8504311960e-01
126.004 -0.00000 0.00000 0.00000 -0.00000 0.00000 0.00000 -1.0842e-02 9.1266e-01 -3.3944e-02 -2.4907e-04 4.0722e-01 -1.2578e-05 0.41840 0.44687 0.43547 0.00538 0.01640 0.01839 1.85830e-01 1.51515e-03 -5.7238881532e-01 -3.8504344832e-01
128.004 0.00000 -0.00000 -0.00000 0.00000 0.00000 0.00000 -2.7213e-02 9.1264e-01 2.1276e-02 -2.4907e-04 4.0722e-01 -1.2578e-05 0.42423 0.44684 0.42969 0.01286 -0.01065 -0.02063 1.85828e-01 1.51530e-03 -5.7238656606e-01 -3.8504375360e-01
130.004 -0.00000 -0.00000 0.00000 -0.00000 -0.00000 0.00000 2.8590e-02 9.1267e-01 1.6231e-02 -2.4907e-04 4.0722e-01 -1.2578e-05 0.44053 0.44678 0.41346 -0.01436 -0.00787 0.01621 1.85827e-01 1.51435e-03 -5.7238523288e-01 -3.8504404318e-01
132.004 0.00000 0.00000 0.00000 -0.00000 -0.00000 0.00000 3.3456e-03 9.1266e-01 -3.3053e-02 -2.4907e-04 4.0722e-01 -1.2578e-05 0.40686 0.44679 0.44713 -0.00200 0.01620 -0.00648 1.85828e-01 1.51203e-03 -5.7238478588e-01 -3.8504432532e-01
134.004 0.00000 -0.00000 -0.00000 0.00000 -0.00000 0.00000 -3.3087e-02 9.1266e-01 9.0402e-03 -2.4907e-04 4.0722e-01 -1.2578e-05 0.44724 0.44682 0.40670 0.01599 -0.00423 -0.00525 1.85832e-01 1.50811e-03 -5.7238518135e-01 -3.8504460855e-01
136.004 0.00000 -0.00000 0.00000 0.00000 0.00000 0.00000 2.0691e-02 9.1272e-01 2.7636e-02 -2.4907e-04 4.0722e-01 -1.2578e-05 0.41296 0.44681 0.44098 -0.01009 -0.01371 0.01497 1.85839e-01 1.50250e-03 -5.7238636830e-01 -3.8504490157e-01
138.004 0.00000 0.00000 0.00000 0.00000 -0.00000 0.00000 1.8299e-02 9.1276e-01 -3.1303e-02 -2.4907e-04 4.0722e-01 -1.2578e-05 0.43064 0.44685 0.42325 -0.00957 0.01489 -0.01947 1.85848e-01 1.49528e-03 -5.7238828961e-01 -3.8504521307e-01
140.004 0.00000 0.00000 -0.00000 -0.00000 -0.00000 0.00000 -3.8504e-02 9.1278e-01 -6.9704e-03 -2.4907e-04 4.0722e-01 -1.2578e-05 0.43385 0.44693 0.41993 0.01816 0.00393 0.01750 1.85859e-01 1.48677e-03 -5.7239087846e-01 -3.8504555142e-01
142.004 -0.00000 -0.00000 0.00000 -0.00000 -0.00000 0.00000 6.3224e-03 9.1287e-01 4.0313e-02 -2.4907e-04 4.0722e-01 -1.2578e-05 0.41256 0.44697 0.44114 -0.00268 -0.01942 -0.01027 1.85871e-01 1.47754e-03 -5.7239405020e-01 -3.8504592432e-01
144.004 0.00000 0.00000 0.00000 -0.00000 -0.00000 0.00000 3.7390e-02 9.1295e-01 -2.1154e-02 -2.4907e-04 4.0722e-01 -1.2578e-05 0.44288 0.44703 0.41072 -0.01839 0.00947 0.00085 1.85883e-01 1.46847e-03 -5.7239769065e-01 -3.8504633812e-01
146.004 0.00000 0.00000 -0.00000 -0.00000 -0.00000 0.00000 -3.4711e-02 9.1296e-01 -3.0786e-02 -2.4907e-04 4.0722e-01 -1.2578e-05 0.41430 0.44715 0.43913 0.01572 0.01506 0.00710 1.85894e-01 1.46058e-03 -5.7240164249e-01 -3.8504679710e-01
148.004 0.00000 -0.00000 0.00000 -0.00000 -0.00000 0.00000 -1.9888e-02 9.1302e-01 4.4309e-02 -2.4907e-04 4.0722e-01 -1.2578e-05 0.43220 0.44724 0.42112 0.00967 -0.02069 -0.01089 1.85903e-01 1.45492e-03 -5.7240569337e-01 -3.8504730259e-01
150.004 -0.00000 0.00000 0.00000 -0.00000 -0.00000 0.00000 4.9725e-02 9.1309e-01 4.7649e-03 -2.4907e-04 4.0722e-01 -1.2578e-05 0.42780 0.44729 0.42542 -0.02362 -0.00277 0.00986 1.85909e-01 1.45226e-03 -5.7240957167e-01 -3.8504785234e-01
152.004 -0.00000 0.00000 -0.00000 -0.00000 0.00000 0.00000 -1.1798e-02 9.1306e-01 -5.1073e-02 -2.4907e-04 4.0722e-01 -1.2578e-05 0.42161 0.44741 0.43147 0.00487 0.02405 -0.00554 1.85912e-01 1.45287e-03 -5.7241295745e-01 -3.8504844029e-01
154.000 0.00000 0.00000 0.00000 0.00000 0.00000 0.00000 -4.6958e-02 9.1303e-01 2.6655e-02 -2.4907e-04 4.0722e-01 -1.2578e-05 0.43114 0.44750 0.42183 0.02188 -0.01228 0.00089 1.85910e-01 1.45635e-03 -5.7241551056e-01 -3.8504905583e-01
156.000 0.00000 -0.00000 0.00000 0.00000 -0.00000 0.00000 3.9417e-02 9.1306e-01 3.6586e-02 -2.4907e-04 4.0722e-01 -1.2578e-05 0.42489 0.44749 0.42807 -0.01867 -0.01723 0.00146 1.85906e-01 1.46173e-03 -5.7241694205e-01 -3.8504968981e-01
158.000 0.00000 0.00000 0.00000 0.00000 -0.00000 0.00000 2.2293e-02 9.1302e-01 -4.9258e-02 -2.4907e-04 4.0722e-01 -1.2578e-05 0.42481 0.44753 0.42811 -0.01066 0.02309 -0.00029 1.85899e-01 1.46771e-03 -5.7241704489e-01 -3.8505032855e-01
160.000 -0.00000 0.00000 0.00000 0.00000 -0.00000 0.00000 -5.3846e-02 9.1294e-01 -6.8284e-03 -2.4907e-04 4.0722e-01 -1.2578e-05 0.42888 0.44756 0.42403 0.02500 0.00296 -0.00336 1.85892e-01 1.47314e-03 -5.7241576891e-01 -3.8505095999e-01
162.000 -0.00000 0.00000 0.00000 0.00000 -0.00000 0.00000 8.9824e-03 9.1294e-01 5.1682e-02 -2.4907e-04 4.0722e-01 -1.2578e-05 0.42693 0.44748 0.42609 -0.00486 -0.02420 0.00681 1.85884e-01 1.47730e-03 -5.7241323611e-01 -3.8505157341e-01
164.000 0.00000 0.00000 0.00000 0.00000 -0.00000 0.00000 4.4272e-02 9.1293e-01 -2.4210e-02 -2.4907e-04 4.0722e-01 -1.2578e-05 0.42069 0.44739 0.43244 -0.02087 0.01181 -0.00728 1.85877e-01 1.48012e-03 -5.7240972130e-01 -3.8505215979e-01
166.000 -0.00000 0.00000 -0.00000 0.00000 -0.00000 0.00000 -3.5997e-02 9.1284e-01 -3.3699e-02 -2.4907e-04 4.0722e-01 -1.2578e-05 0.43780 0.44735 0.41542 0.01712 0.01546 0.00341 1.85871e-01 1.48202e-03 -5.7240559839e-01 -3.8505271211e-01
168.000 -0.00000 0.00000 0.00000 0.00000 -0.00000 0.00000 -2.0303e-02 9.1282e-01 4.2123e-02 -2.4907e-04 4.0722e-01 -1.2578e-05 0.41341 0.44724 0.43995 0.00874 -0.02023 0.00392 1.85864e-01 1.48370e-03 -5.7240127178e-01 -3.8505322549e-01
170.000 0.00000 0.00000 0.00000 0.00000 -0.00000 0.00000 4.3237e-02 9.1283e-01 4.7790e-03 -2.4907e-04 4.0722e-01 -1.2578e-05 0.43697 0.44711 0.41657 -0.02091 -0.00163 -0.01191 1.85858e-01 1.48577e-03 -5.7239711463e-01 -3.8505369733e-01
172.000 0.00000 0.00000 0.00000 0.00000 0.00000 0.00000 -9.9526e-03 9.1276e-01 -4.0507e-02 -2.4907e-04 4.0722e-01 -1.2578e-05 0.42449 0.44705 0.42914 0.00511 0.01922 0.01708 1.85851e-01 1.48862e-03 -5.7239342855e-01 -3.8505412747e-01
174.000 -0.00000 -0.00000 0.00000 0.00000 -0.00000 0.00000 -3.3420e-02 9.1271e-01 2.1294e-02 -2.4907e-04 4.0722e-01 -1.2578e-05 0.41905 0.44699 0.43468 0.01546 -0.01077 -0.01681 1.85844e-01 1.49233e-03 -5.7239042829e-01 -3.8505451801e-01
176.000 -0.00000 -0.00000 0.00000 0.00000 -0.00000 0.00000 2.9235e-02 9.1272e-01 2.1989e-02 -2.4907e-04 4.0722e-01 -1.2578e-05 0.44343 0.44688 0.41043 -0.01473 -0.01024 0.01054 1.85837e-01 1.49670e-03 -5.7238824640e-01 -3.8505487312e-01
178.000 -0.00000 -0.00000 0.00000 0.00000 0.00000 0.00000 8.7249e-03 9.1267e-01 -3.4085e-02 -2.4907e-04 4.0722e-01 -1.2578e-05 0.40662 0.44685 0.44728 -0.00416 0.01669 -0.00005 1.85830e-01 1.50133e-03 -5.7238694934e-01 -3.8505519856e-01
180.000 0.00000 0.00000 -0.00000 0.00000 -0.00000 0.00000 -3.4378e-02 9.1262e-01 3.8641e-03 -2.4907e-04 4.0722e-01 -1.2578e-05 0.44457 0.44684 0.40935 0.01652 -0.00217 -0.01113 1.85825e-01 1.50574e-03 -5.7238655672e-01 -3.8505550130e-01
182.000 0.00000 0.00000 -0.00000 0.00000 -0.00000 0.00000 1.5519e-02 9.1264e-01 2.9208e-02 -2.4907e-04 4.0722e-01 -1.2578e-05 0.41794 0.44680 0.43602 -0.00799 -0.01429 0.01908 1.85822e-01 1.50939e-03 -5.7238705839e-01 -3.8505578912e-01
184.000 0.00000 -0.00000 0.00000 0.00000 -0.00000 0.00000 2.0306e-02 9.1263e-01 -2.6002e-02 -2.4907e-04 4.0722e-01 -1.2578e-05 0.42442 0.44680 0.42953 -0.01031 0.01269 -0.02097 1.85821e-01 1.51181e-03 -5.7238842623e-01 -3.8505607030e-01
186.000 -0.00000 -0.00000 0.00000 0.00000 -0.00000 0.00000 -3.3067e-02 9.1261e-01 -9.6422e-03 -2.4907e-04 4.0722e-01 -1.2578e-05 0.44017 0.44685 0.41372 0.01585 0.00494 0.01616 1.85822e-01 1.51260e-03 -5.7239062015e-01 -3.8505635345e-01
188.000 0.00000 0.00000 -0.00000 0.00000 -0.00000 0.00000 2.7654e-03 9.1265e-01 3.4895e-02 -2.4907e-04 4.0722e-01 -1.2578e-05 0.40755 0.44686 0.44631 -0.00126 -0.01706 -0.00642 1.85825e-01 1.51148e-03 -5.7239358822e-01 -3.8505664730e-01
190.000 0.00000 -0.00000 -0.00000 0.00000 -0.00000 0.00000 3.2278e-02 9.1270e-01 -1.6593e-02 -2.4907e-04 4.0722e-01 -1.2578e-05 0.44601 0.44689 0.40779 -0.01613 0.00757 -0.00478 1.85832e-01 1.50830e-03 -5.7239726220e-01 -3.8505696058e-01
192.000 0.00000 0.00000 -0.00000 0.00000 -0.00000 0.00000 -2.9195e-02 9.1270e-01 -2.6329e-02 -2.4907e-04 4.0722e-01 -1.2578e-05 0.41396 0.44698 0.43971 0.01336 0.01310 0.01355 1.85841e-01 1.50317e-03 -5.7240154948e-01 -3.8505730177e-01
194.000 -0.00000 -0.00000 0.00000 0.00000 -0.00000 0.00000 -1.6398e-02 9.1277e-01 3.8079e-02 -2.4907e-04 4.0722e-01 -1.2578e-05 0.43009 0.44704 0.42348 0.00817 -0.01799 -0.01709 1.85852e-01 1.49641e-03 -5.7240632303e-01 -3.8505767871e-01
196.000 0.00000 0.00000 -0.00000 0.00000 -0.00000 0.00000 4.3174e-02 9.1286e-01 2.4119e-03 -2.4907e-04 4.0722e-01 -1.2578e-05 0.43263 0.44708 0.42085 -0.02077 -0.00182 0.01474 1.85865e-01 1.48865e-03 -5.7241141128e-01 -3.8505809806e-01
198.000 -0.00000 0.00000 -0.00000 0.00000 -0.00000 0.00000 -1.3060e-02 9.1289e-01 -4.4647e-02 -2.4907e-04 4.0722e-01 -1.2578e-05 0.41521 0.44720 0.43810 0.00527 0.02130 -0.00813 1.85877e-01 1.48079e-03 -5.7241659065e-01 -3.8505856454e-01
200.000 -0.00000 -0.00000 0.00000 -0.00000 -0.00000 0.00000 -4.0930e-02 9.1293e-01 2.7267e-02 -2.4907e-04 4.0722e-01 -1.2578e-05 0.43848 0.44730 0.41467 0.01937 -0.01238 0.00045 1.85889e-01 1.47390e-03 -5.7242158407e-01 -3.8505908003e-01
202.000 -0.00000 -0.00000 0.00000 -0.00000 -0.00000 0.00000 3.9584e-02 9.1302e-01 3.1183e-02 -2.4907e-04 4.0722e-01 -1.2578e-05 0.41841 0.44734 0.43467 -0.01859 -0.01508 0.00505 1.85897e-01 1.46900e-03 -5.7242606952e-01 -3.8505964280e-01
204.000 0.00000 -0.00000 0.00000 0.00000 -0.00000 0.00000 1.7453e-02 9.1303e-01 -4.9400e-02 -2.4907e-04 4.0722e-01 -1.2578e-05 0.42924 0.44743 0.42372 -0.00883 0.02304 -0.00647 1.85903e-01 1.46687e-03 -5.7242970225e-01 -3.8506024699e-01
206.000 0.00000 -0.00000 0.00000 -0.00000 -0.00000 0.00000 -5.4256e-02 9.1299e-01 -2.2618e-03 -2.4907e-04 4.0722e-01 -1.2578e-05 0.42758 0.44753 0.42525 0.02515 0.00129 0.00417 1.85903e-01 1.46779e-03 -5.7243215214e-01 -3.8506088284e-01
208.000 0.00000 0.00000 0.00000 -0.00000 -0.00000 0.00000 1.3681e-02 9.1302e-01 5.2413e-02 -2.4907e-04 4.0722e-01 -1.2578e-05 0.42467 0.44753 0.42816 -0.00661 -0.02459 -0.00044 1.85900e-01 1.47148e-03 -5.7243315280e-01 -3.8506153755e-01
210.000 0.00000 -0.00000 0.00000 -0.00000 -0.00000 0.00000 4.5116e-02 9.1300e-01 -2.9403e-02 -2.4907e-04 4.0722e-01 -1.2578e-05 0.42556 0.44753 0.42727 -0.02136 0.01384 -0.00183 1.85893e-01 1.47716e-03 -5.7243255241e-01 -3.8506219678e-01
212.000 0.00000 -0.00000 0.00000 -0.00000 -0.00000 0.00000 -4.1862e-02 9.1290e-01 -3.4258e-02 -2.4907e-04 4.0722e-01 -1.2578e-05 0.43093 0.44757 0.42188 0.01952 0.01585 0.00074 1.85884e-01 1.48379e-03 -5.7243035167e-01 -3.8506284632e-01
214.000 -0.00000 -0.00000 0.00000 -0.00000 -0.00000 0.00000 -2.0129e-02 9.1287e-01 4.8581e-02 -2.4907e-04 4.0722e-01 -1.2578e-05 0.42010 0.44751 0.43280 0.00880 -0.02297 0.00353 1.85873e-01 1.49040e-03 -5.7242671493e-01 -3.8506347356e-01
216.000 0.00000 -0.00000 -0.00000 -0.00000 -0.00000 0.00000 4.9977e-02 9.1285e-01 3.5305e-03 -2.4907e-04 4.0722e-01 -1.2578e-05 0.43082 0.44741 0.42223 -0.02383 -0.00117 -0.00880 1.85862e-01 1.49630e-03 -5.7242194813e-01 -3.8506406848e-01
218.000 -0.00000 0.00000 -0.00000 -0.00000 -0.00000 0.00000 -1.2407e-02 9.1276e-01 -4.7089e-02 -2.4907e-04 4.0722e-01 -1.2578e-05 0.42823 0.44737 0.42491 0.00617 0.02207 0.01198 1.85851e-01 1.50120e-03 -5.7241644917e-01 -3.8506462404e-01
220.000 0.00000 -0.00000 0.00000 -0.00000 -0.00000 0.00000 -3.9413e-02 9.1269e-01 2.4849e-02 -2.4907e-04 4.0722e-01 -1.2578e-05 0.41728 0.44729 0.43598 0.01804 -0.01234 -0.01066 1.85840e-01 1.50509e-03 -5.7241064549e-01 -3.8506513624e-01
222.000 -0.00000 0.00000 -0.00000 -0.00000 -0.00000 0.00000 3.3604e-02 9.1269e-01 2.7091e-02 -2.4907e-04 4.0722e-01 -1.2578e-05 0.44210 0.44716 0.41134 -0.01668 -0.01238 0.00438 1.85831e-01 1.50817e-03 -5.7240493606e-01 -3.8506560390e-01
224.000 0.00000 -0.00000 0.00000 -0.00000 -0.00000 0.00000 1.2826e-02 9.1264e-01 -3.8900e-02 -2.4907e-04 4.0722e-01 -1.2578e-05 0.41003 0.44709 0.44353 -0.00582 0.01882 0.00507 1.85823e-01 1.51063e-03 -5.7239965070e-01 -3.8506602829e-01
226.000 -0.00000 -0.00000 0.00000 -0.00000 -0.00000 0.00000 -3.9309e-02 9.1257e-01 6.7937e-04 -2.4907e-04 4.0722e-01 -1.2578e-05 0.43900 0.44704 0.41465 0.01865 -0.00094 -0.01425 1.85816e-01 1.51258e-03 -5.7239503116e-01 -3.8506641280e-01
228.000 0.00000 -0.00000 0.00000 -0.00000 -0.00000 0.00000 1.3034e-02 9.1258e-01 3.4046e-02 -2.4907e-04 4.0722e-01 -1.2578e-05 0.42413 0.44694 0.42965 -0.00706 -0.01632 0.01954 1.85810e-01 1.51400e-03 -5.7239123157e-01 -3.8506676249e-01
230.000 0.00000 0.00000 0.00000 -0.00000 -0.00000 0.00000 2.5011e-02 9.1257e-01 -2.3957e-02 -2.4907e-04 4.0722e-01 -1.2578e-05 0.41851 0.44689 0.43535 -0.01223 0.01193 -0.01863 1.85807e-01 1.51474e-03 -5.7238833163e-01 -3.8506708373e-01
232.000 -0.00000 0.00000 0.00000 -0.00000 -0.00000 0.00000 -3.1256e-02 9.1252e-01 -1.4327e-02 -2.4907e-04 4.0722e-01 -1.2578e-05 0.44440 0.44689 0.40947 0.01513 0.00681 0.01146 1.85804e-01 1.51457e-03 -5.7238635529e-01 -3.8506738379e-01
234.000 -0.00000 -0.00000 0.00000 -0.00000 -0.00000 0.00000 -2.1113e-03 9.1254e-01 3.3240e-02 -2.4907e-04 4.0722e-01 -1.2578e-05 0.40585 0.44685 0.44807 0.00068 -0.01634 -0.00034 1.85804e-01 1.51321e-03 -5.7238528951e-01 -3.8506767061e-01
236.000 -0.00000 -0.00000 -0.00000 -0.00000 -0.00000 0.00000 3.0857e-02 9.1257e-01 -1.1303e-02 -2.4907e-04 4.0722e-01 -1.2578e-05 0.44498 0.44683 0.40896 -0.01546 0.00542 -0.01098 1.85807e-01 1.51040e-03 -5.7238509946e-01 -3.8506795255e-01
238.000 0.00000 -0.00000 -0.00000 -0.00000 -0.00000 0.00000 -2.3352e-02 9.1256e-01 -2.5364e-02 -2.4907e-04 4.0722e-01 -1.2578e-05 0.41772 0.44687 0.43617 0.01093 0.01259 0.01865 1.85812e-01 1.50596e-03 -5.7238573881e-01 -3.8506823822e-01
240.000 -0.00000 -0.00000 0.00000 -0.00000 -0.00000 0.00000 -1.6187e-02 9.1260e-01 3.1694e-02 -2.4907e-04 4.0722e-01 -1.2578e-05 0.42479 0.44689 0.42907 0.00796 -0.01527 -0.02016 1.85819e-01 1.49982e-03 -5.7238715458e-01 -3.8506853634e-01
242.000 -0.00000 0.00000 -0.00000 -0.00000 -0.00000 0.00000 3.6438e-02 9.1268e-01 3.2354e-03 -2.4907e-04 4.0722e-01 -1.2578e-05 0.43904 0.44690 0.41478 -0.01786 -0.00209 0.01528 1.85828e-01 1.49215e-03 -5.7238928688e-01 -3.8506885555e-01
244.000 0.00000 -0.00000 0.00000 -0.00000 -0.00000 0.00000 -1.1040e-02 9.1271e-01 -3.7902e-02 -2.4907e-04 4.0722e-01 -1.2578e-05 0.40941 0.44699 0.44429 0.00443 0.01836 -0.00606 1.85840e-01 1.48334e-03 -5.7239206387e-01 -3.8506920406e-01
246.000 0.00000 -0.00000 0.00000 -0.00000 -0.00000 0.00000 -3.4591e-02 9.1275e-01 2.4085e-02 -2.4907e-04 4.0722e-01 -1.2578e-05 0.44345 0.44707 0.41014 0.01664 -0.01099 -0.00398 1.85852e-01 1.47407e-03 -5.7239539244e-01 -3.8506958923e-01
248.000 0.00000 -0.00000 0.00000 -0.00000 -0.00000 0.00000 3.5486e-02 9.1286e-01 2.5617e-02 -2.4907e-04 4.0722e-01 -1.2578e-05 0.41601 0.44711 0.43750 -0.01676 -0.01273 0.01121 1.85864e-01 1.46527e-03 -5.7239914569e-01 -3.8507001682e-01
250.000 0.00000 -0.00000 0.00000 -0.00000 -0.00000 0.00000 1.2864e-02 9.1289e-01 -4.4798e-02 -2.4907e-04 4.0722e-01 -1.2578e-05 0.42927 0.44721 0.42410 -0.00698 0.02099 -0.01342 1.85875e-01 1.45799e-03 -5.7240314936e-01 -3.8507049027e-01
252.000 0.00000 -0.00000 0.00000 -0.00000 -0.00000 0.00000 -4.9611e-02 9.1290e-01 1.3805e-03 -2.4907e-04 4.0722e-01 -1.2578e-05 0.43098 0.44734 0.42223 0.02313 -0.00007 0.01063 1.85883e-01 1.45324e-03 -5.7240717172e-01 -3.8507100982e-01
254.000 0.00000 0.00000 0.00000 -0.00000 -0.00000 0.00000 1.6642e-02 9.1296e-01 4.8094e-02 -2.4907e-04 4.0722e-01 -1.2578e-05 0.41896 0.44739 0.43415 -0.00765 -0.02279 -0.00503 1.85888e-01 1.45163e-03 -5.7241092337e-01 -3.8507157198e-01
256.000 -0.00000 0.00000 0.00000 -0.00000 -0.00000 0.00000 4.1274e-02 9.1298e-01 -3.2095e-02 -2.4907e-04 4.0722e-01 -1.2578e-05 0.43307 0.44746 0.41995 -0.01986 0.01476 -0.00023 1.85889e-01 1.45324e-03 -5.7241407465e-01 -3.8507216958e-01
258.000 -0.00000 0.00000 0.00000 -0.00000 -0.00000 0.00000 -4.4693e-02 9.1291e-01 -3.0775e-02 -2.4907e-04 4.0722e-01 -1.2578e-05 0.42356 0.44757 0.42933 0.02055 0.01459 0.00258 1.85886e-01 1.45746e-03 -5.7241629490e-01 -3.8507279238e-01
260.000 0.00000 -0.00000 0.00000 -0.00000 -0.00000 0.00000 -1.6669e-02 9.1291e-01 5.1800e-02 -2.4907e-04 4.0722e-01 -1.2578e-05 0.42587 0.44759 0.42699 0.00758 -0.02427 -0.00135 1.85881e-01 1.46317e-03 -5.7241730987e-01 -3.8507342836e-01
262.000 0.00000 0.00000 -0.00000 -0.00000 -0.00000 0.00000 5.3578e-02 9.1291e-01 -3.3731e-04 -2.4907e-04 4.0722e-01 -1.2578e-05 0.42774 0.44756 0.42516 -0.02538 0.00026 -0.00201 1.85874e-01 1.46909e-03 -5.7241696318e-01 -3.8507406508e-01
264.000 0.00000 0.00000 -0.00000 -0.00000 -0.00000 0.00000 -1.7038e-02 9.1283e-01 -5.0808e-02 -2.4907e-04 4.0722e-01 -1.2578e-05 0.42791 0.44758 0.42499 0.00798 0.02373 0.00478 1.85866e-01 1.47415e-03 -5.7241526027e-01 -3.8507469086e-01
266.000 0.00000 -0.00000 0.00000 -0.00000 -0.00000 0.00000 -4.2819e-02 9.1278e-01 3.0399e-02 -2.4907e-04 4.0722e-01 -1.2578e-05 0.42024 0.44754 0.43272 0.01959 -0.01463 -0.00444 1.85859e-01 1.47786e-03 -5.7241237684e-01 -3.8507529551e-01
268.000 0.00000 0.00000 0.00000 -0.00000 -0.00000 0.00000 3.9974e-02 9.1280e-01 2.9733e-02 -2.4907e-04 4.0722e-01 -1.2578e-05 0.43671 0.44742 0.41641 -0.01940 -0.01358 0.00014 1.85852e-01 1.48032e-03 -5.7240862687e-01 -3.8507587068e-01
270.000 -0.00000 -0.00000 0.00000 -0.00000 -0.00000 0.00000 1.4370e-02 9.1275e-01 -4.5782e-02 -2.4907e-04 4.0722e-01 -1.2578e-05 0.41621 0.44735 0.43703 -0.00649 0.02180 0.00675 1.85846e-01 1.48209e-03 -5.7240440158e-01 -3.8507641004e-01
272.000 0.00000 -0.00000 0.00000 -0.00000 -0.00000 0.00000 -4.6284e-02 9.1268e-01 3.6311e-04 -2.4907e-04 4.0722e-01 -1.2578e-05 0.43248 0.44728 0.42086 0.02166 -0.00085 -0.01322 1.85839e-01 1.48384e-03 -5.7240010101e-01 -3.8507690943e-01
274.000 0.00000 -0.00000 -0.00000 -0.00000 -0.00000 0.00000 1.3858e-02 9.1269e-01 4.0718e-02 -2.4907e-04 4.0722e-01 -1.2578e-05 0.42934 0.44715 0.42417 -0.00751 -0.01918 0.01601 1.85833e-01 1.48615e-03 -5.7239607814e-01 -3.8507736707e-01
276.000 -0.00000 0.00000 0.00000 -0.00000 -0.00000 0.00000 3.1107e-02 9.1266e-01 -2.5672e-02 -2.4907e-04 4.0722e-01 -1.2578e-05 0.41502 0.44706 0.43862 -0.01479 0.01277 -0.01318 1.85826e-01 1.48929e-03 -5.7239260685e-01 -3.8507778355e-01
278.000 -0.00000 -0.00000 0.00000 0.00000 -0.00000 0.00000 -3.3551e-02 9.1259e-01 -1.9751e-02 -2.4907e-04 4.0722e-01 -1.2578e-05 0.44504 0.44702 0.40866 0.01620 0.00902 0.00505 1.85818e-01 1.49325e-03 -5.7238987396e-01 -3.8507816170e-01
280.000 -0.00000 0.00000 0.00000 -0.00000 -0.00000 0.00000 -6.9371e-03 9.1257e-01 3.5837e-02 -2.4907e-04 4.0722e-01 -1.2578e-05 0.40793 0.44694 0.44587 0.00260 -0.01748 0.00579 1.85812e-01 1.49775e-03 -5.7238798856e-01 -3.8507850626e-01
282.000 -0.00000 -0.00000 -0.00000 -0.00000 -0.00000 0.00000 3.3599e-02 9.1257e-01 -6.8840e-03 -2.4907e-04 4.0722e-01 -1.2578e-05 0.44031 0.44688 0.41358 -0.01660 0.00368 -0.01556 1.85806e-01 1.50235e-03 -5.7238699983e-01 -3.8507882343e-01
284.000 -0.00000 0.00000 -0.00000 -0.00000 -0.00000 0.00000 -1.9117e-02 9.1251e-01 -2.8245e-02 -2.4907e-04 4.0722e-01 -1.2578e-05 0.42392 0.44689 0.42996 0.00925 0.01373 0.02070 1.85801e-01 1.50654e-03 -5.7238691607e-01 -3.8507912050e-01
286.000 -0.00000 -0.00000 -0.00000 -0.00000 -0.00000 0.00000 -1.9343e-02 9.1250e-01 2.7477e-02 -2.4907e-04 4.0722e-01 -1.2578e-05 0.41834 0.44687 0.43555 0.00917 -0.01354 -0.01927 1.85799e-01 1.50980e-03 -5.7238772016e-01 -3.8507940545e-01
288.000 -0.00000 0.00000 0.00000 0.00000 -0.00000 0.00000 3.2199e-02 9.1253e-01 6.8864e-03 -2.4907e-04 4.0722e-01 -1.2578e-05 0.44448 0.44685 0.40942 -0.01604 -0.00351 0.01165 1.85798e-01 1.51169e-03 -5.7238937945e-01 -3.8507968670e-01
290.000 0.00000 -0.00000 0.00000 0.00000 -0.00000 0.00000 -6.6713e-03 9.1251e-01 -3.3756e-02 -2.4907e-04 4.0722e-01 -1.2578e-05 0.40620 0.44690 0.44764 0.00268 0.01654 -0.00048 1.85800e-01 1.51183e-03 -5.7239184969e-01 -3.8507997293e-01
292.000 0.00000 -0.00000 0.00000 0.00000 -0.00000 0.00000 -3.0788e-02 9.1252e-01 1.8862e-02 -2.4907e-04 4.0722e-01 -1.2578e-05 0.44414 0.44695 0.40961 0.01493 -0.00883 -0.01039 1.85805e-01 1.50999e-03 -5.7239507348e-01 -3.8508027290e-01
294.000 -0.00000 -0.00000 0.00000 -0.00000 -0.00000 0.00000 2.9431e-02 9.1260e-01 2.2483e-02 -2.4907e-04 4.0722e-01 -1.2578e-05 0.41822 0.44696 0.43549 -0.01419 -0.01130 0.01731 1.85812e-01 1.50610e-03 -5.7239897447e-01 -3.8508059529e-01
296.000 -0.00000 0.00000 0.00000 0.00000 -0.00000 0.00000 1.0698e-02 9.1263e-01 -3.8115e-02 -2.4907e-04 4.0722e-01 -1.2578e-05 0.42493 0.44703 0.42867 -0.00601 0.01810 -0.01816 1.85822e-01 1.50034e-03 -5.7240344838e-01 -3.8508094841e-01
298.000 -0.00000 -0.00000 -0.00000 -0.00000 -0.00000 0.00000 -4.2655e-02 9.1266e-01 2.4035e-03 -2.4907e-04 4.0722e-01 -1.2578e-05 0.43721 0.44714 0.41624 0.02013 -0.00049 0.01321 1.85834e-01 1.49315e-03 -5.7240835274e-01 -3.8508133975e-01
300.000 0.00000 0.00000 0.00000 0.00000 -0.00000 0.00000 1.6543e-02 9.1276e-01 4.1287e-02 -2.4907e-04 4.0722e-01 -1.2578e-05 0.41228 0.44718 0.44108 -0.00752 -0.01988 -0.00489 1.85846e-01 1.48526e-03 -5.7241349742e-01 -3.8508177537e-01
302.000 0.00000 -0.00000 0.00000 -0.00000 -0.00000 0.00000 3.4984e-02 9.1283e-01 -3.1107e-02 -2.4907e-04 4.0722e-01 -1.2578e-05 0.43951 0.44726 0.41373 -0.01723 0.01421 -0.00326 1.85859e-01 1.47764e-03 -5.7241863893e-01 -3.8508225907e-01
304.000 -0.00000 -0.00000 0.00000 -0.00000 -0.00000 0.00000 -4.3204e-02 9.1283e-01 -2.5202e-02 -2.4907e-04 4.0722e-01 -1.2578e-05 0.41904 0.44739 0.43402 0.01979 0.01236 0.00817 1.85869e-01 1.47137e-03 -5.7242348212e-01 -3.8508279151e-01
306.000 0.00000 0.00000 0.00000 -0.00000 -0.00000 0.00000 -1.1775e-02 9.1289e-01 5.0236e-02 -2.4907e-04 4.0722e-01 -1.2578e-05 0.42772 0.44745 0.42524 0.00571 -0.02352 -0.00855 1.85877e-01 1.46742e-03 -5.7242769333e-01 -3.8508336947e-01
308.000 -0.00000 0.00000 0.00000 -0.00000 -0.00000 0.00000 5.2254e-02 9.1295e-01 -4.8133e-03 -2.4907e-04 4.0722e-01 -1.2578e-05 0.42927 0.44749 0.42362 -0.02481 0.00191 0.00535 1.85881e-01 1.46640e-03 -5.7243092820e-01 -3.8508398565e-01
310.000 -0.00000 -0.00000 -0.00000 -0.00000 -0.00000 0.00000 -2.1485e-02 9.1290e-01 -4.9817e-02 -2.4907e-04 4.0722e-01 -1.2578e-05 0.42324 0.44758 0.42954 0.00962 0.02340 -0.00117 1.85880e-01 1.46839e-03 -5.7243287398e-01 -3.8508462906e-01
312.000 0.00000 0.00000 -0.00000 -0.00000 -0.00000 0.00000 -4.1994e-02 9.1286e-01 3.5183e-02 -2.4907e-04 4.0722e-01 -1.2578e-05 0.42679 0.44762 0.42594 0.01941 -0.01648 -0.00116 1.85875e-01 1.47291e-03 -5.7243330066e-01 -3.8508528616e-01
314.000 -0.00000 -0.00000 0.00000 -0.00000 -0.00000 0.00000 4.5291e-02 9.1288e-01 2.8707e-02 -2.4907e-04 4.0722e-01 -1.2578e-05 0.42930 0.44758 0.42349 -0.02157 -0.01334 0.00009 1.85867e-01 1.47905e-03 -5.7243210897e-01 -3.8508594249e-01
316.000 -0.00000 -0.00000 -0.00000 -0.00000 -0.00000 0.00000 1.2713e-02 9.1280e-01 -5.1577e-02 -2.4907e-04 4.0722e-01 -1.2578e-05 0.42235 0.44758 0.43046 -0.00594 0.02426 0.00379 1.85857e-01 1.48578e-03 -5.7242935980e-01 -3.8508658430e-01
318.000 0.00000 0.00000 -0.00000 -0.00000 -0.00000 0.00000 -5.2265e-02 9.1271e-01 2.9907e-03 -2.4907e-04 4.0722e-01 -1.2578e-05 0.42788 0.44756 0.42498 0.02426 -0.00187 -0.00806 1.85846e-01 1.49219e-03 -5.7242527330e-01 -3.8508719988e-01
320.000 -0.00000 -0.00000 -0.00000 -0.00000 -0.00000 0.00000 1.7592e-02 9.1270e-01 4.6452e-02 -2.4907e-04 4.0722e-01 -1.2578e-05 0.43087 0.44745 0.42215 -0.00907 -0.02169 0.00973 1.85835e-01 1.49774e-03 -5.7242019563e-01 -3.8508778028e-01
322.000 0.00000 0.00000 0.00000 -0.00000 -0.00000 0.00000 3.6159e-02 9.1266e-01 -3.0411e-02 -2.4907e-04 4.0722e-01 -1.2578e-05 0.41570 0.44736 0.43745 -0.01697 0.01484 -0.00690 1.85824e-01 1.50226e-03 -5.7241454265e-01 -3.8508831960e-01
324.000 0.00000 0.00000 0.00000 -0.00000 -0.00000 0.00000 -3.9001e-02 9.1256e-01 -2.3811e-02 -2.4907e-04 4.0722e-01 -1.2578e-05 0.44147 0.44732 0.41178 0.01859 0.01072 -0.00021 1.85814e-01 1.50583e-03 -5.7240873726e-01 -3.8508881491e-01
326.000 0.00000 0.00000 -0.00000 -0.00000 -0.00000 0.00000 -9.8909e-03 9.1254e-01 4.1616e-02 -2.4907e-04 4.0722e-01 -1.2578e-05 0.41292 0.44721 0.44050 0.00378 -0.02000 0.00918 1.85805e-01 1.50865e-03 -5.7240315667e-01 -3.8508926598e-01
328.000 0.00000 0.00000 -0.00000 -0.00000 -0.00000 0.00000 3.9354e-02 9.1253e-01 -4.9522e-03 -2.4907e-04 4.0722e-01 -1.2578e-05 0.43403 0.44710 0.41954 -0.01908 0.00297 -0.01646 1.85798e-01 1.51091e-03 -5.7239809957e-01 -3.8508967490e-01
330.000 0.00000 0.00000 0.00000 -0.00000 -0.00000 0.00000 -1.7980e-02 9.1246e-01 -3.3747e-02 -2.4907e-04 4.0722e-01 -1.2578e-05 0.42975 0.44706 0.42390 0.00889 0.01604 0.01889 1.85791e-01 1.51266e-03 -5.7239377488e-01 -3.8509004574e-01
332.000 0.00000 -0.00000 0.00000 -0.00000 -0.00000 0.00000 -2.4531e-02 9.1244e-01 2.6860e-02 -2.4907e-04 4.0722e-01 -1.2578e-05 0.41367 0.44700 0.44006 0.01129 -0.01337 -0.01503 1.85786e-01 1.51383e-03 -5.7239030769e-01 -3.8509038407e-01
334.000 -0.00000 -0.00000 -0.00000 -0.00000 -0.00000 0.00000 3.1873e-02 9.1245e-01 1.1860e-02 -2.4907e-04 4.0722e-01 -1.2578e-05 0.44671 0.44692 0.40713 -0.01595 -0.00551 0.00581 1.85783e-01 1.51424e-03 -5.7238775515e-01 -3.8509069665e-01
336.000 -0.00000 0.00000 0.00000 -0.00000 -0.00000 0.00000 -1.7100e-03 9.1243e-01 -3.3616e-02 -2.4907e-04 4.0722e-01 -1.2578e-05 0.40675 0.44692 0.44710 0.00070 0.01647 0.00576 1.85782e-01 1.51363e-03 -5.7238612577e-01 -3.8509099104e-01
338.000 -0.00000 0.00000 0.00000 -0.00000 -0.00000 0.00000 -3.0885e-02 9.1241e-01 1.3695e-02 -2.4907e-04 4.0722e-01 -1.2578e-05 0.44096 0.44692 0.41289 0.01489 -0.00674 -0.01575 1.85782e-01 1.51172e-03 -5.7238539705e-01 -3.8509127535e-01
340.000 0.00000 -0.00000 -0.00000 -0.00000 -0.00000 0.00000 2.3910e-02 9.1246e-01 2.3008e-02 -2.4907e-04 4.0722e-01 -1.2578e-05 0.42351 0.44689 0.43037 -0.01189 -0.01141 0.02070 1.85786e-01 1.50828e-03 -5.7238552899e-01 -3.8509155807e-01
342.000 0.00000 -0.00000 -0.00000 -0.00000 -0.00000 0.00000 1.1923e-02 9.1248e-01 -3.2236e-02 -2.4907e-04 4.0722e-01 -1.2578e-05 0.41891 0.44692 0.43493 -0.00642 0.01560 -0.01899 1.85791e-01 1.50316e-03 -5.7238647234e-01 -3.8509184788e-01
344.000 -0.00000 0.00000 0.00000 -0.00000 -0.00000 0.00000 -3.6585e-02 9.1250e-01 2.1848e-04 -2.4907e-04 4.0722e-01 -1.2578e-05 0.44329 0.44698 0.41048 0.01750 0.00034 0.01139 1.85800e-01 1.49638e-03 -5.7238817145e-01 -3.8509215352e-01
346.000 -0.00000 -0.00000 -0.00000 -0.00000 -0.00000 0.00000 1.3246e-02 9.1258e-01 3.5339e-02 -2.4907e-04 4.0722e-01 -1.2578e-05 0.40778 0.44699 0.44594 -0.00616 -0.01727 -0.00078 1.85810e-01 1.48820e-03 -5.7239056218e-01 -3.8509248348e-01
348.000 0.00000 0.00000 -0.00000 -0.00000 -0.00000 0.00000 2.9545e-02 9.1264e-01 -2.6727e-02 -2.4907e-04 4.0722e-01 -1.2578e-05 0.44235 0.44704 0.41129 -0.01486 0.01232 -0.00901 1.85822e-01 1.47911e-03 -5.7239356507e-01 -3.8509284573e-01
350.000 0.00000 0.00000 0.00000 -0.00000 -0.00000 0.00000 -3.7975e-02 9.1266e-01 -2.0619e-02 -2.4907e-04 4.0722e-01 -1.2578e-05 0.41916 0.44716 0.43433 0.01750 0.01041 0.01466 1.85834e-01 1.46992e-03 -5.7239707467e-01 -3.8509324707e-01
352.000 0.00000 0.00000 0.00000 -0.00000 -0.00000 0.00000 -8.2464e-03 9.1274e-01 4.4554e-02 -2.4907e-04 4.0722e-01 -1.2578e-05 0.42528 0.44722 0.42810 0.00429 -0.02104 -0.01471 1.85846e-01 1.46161e-03 -5.7240094623e-01 -3.8509369245e-01
354.000 0.00000 0.00000 -0.00000 -0.00000 -0.00000 0.00000 4.6571e-02 9.1282e-01 -7.3126e-03 -2.4907e-04 4.0722e-01 -1.2578e-05 0.43463 0.44728 0.41866 -0.02237 0.00283 0.01002 1.85856e-01 1.45525e-03 -5.7240498290e-01 -3.8509418409e-01
356.000 0.00000 0.00000 0.00000 -0.00000 -0.00000 0.00000 -2.3210e-02 9.1281e-01 -4.4508e-02 -2.4907e-04 4.0722e-01 -1.2578e-05 0.41651 0.44741 0.43661 0.01016 0.02119 -0.00327 1.85862e-01 1.45172e-03 -5.7240892874e-01 -3.8509472078e-01
358.000 0.00000 0.00000 -0.00000 0.00000 -0.00000 0.00000 -3.7232e-02 9.1282e-01 3.6536e-02 -2.4907e-04 4.0722e-01 -1.2578e-05 0.43424 0.44751 0.41874 0.01753 -0.01687 -0.00228 1.85866e-01 1.45144e-03 -5.7241247483e-01 -3.8509529752e-01
360.000 0.00000 -0.00000 0.00000 -0.00000 -0.00000 0.00000 4.6687e-02 9.1287e-01 2.4406e-02 -2.4907e-04 4.0722e-01 -1.2578e-05 0.42319 0.44753 0.42974 -0.02203 -0.01173 0.00437 1.85865e-01 1.45420e-03 -5.7241528528e-01 -3.8509590581e-01
362.000 0.00000 0.00000 -0.00000 -0.00000 -0.00000 0.00000 8.5623e-03 9.1282e-01 -5.3287e-02 -2.4907e-04 4.0722e-01 -1.2578e-05 0.42603 0.44761 0.42682 -0.00443 0.02493 -0.00278 1.85861e-01 1.45917e-03 -5.7241704484e-01 -3.8509653454e-01
364.000 -0.00000 0.00000 0.00000 0.00000 -0.00000 0.00000 -5.4316e-02 9.1276e-01 7.4036e-03 -2.4907e-04 4.0722e-01 -1.2578e-05 0.42744 0.44767 0.42534 0.02517 -0.00350 -0.00064 1.85855e-01 1.46511e-03 -5.7241752020e-01 -3.8509717137e-01
366.000 -0.00000 0.00000 0.00000 -0.00000 -0.00000 0.00000 2.2623e-02 9.1277e-01 4.8611e-02 -2.4907e-04 4.0722e-01 -1.2578e-05 0.42799 0.44762 0.42485 -0.01104 -0.02272 0.00304 1.85848e-01 1.47078e-03 -5.7241661691e-01 -3.8509780407e-01
368.000 0.00000 0.00000 -0.00000 -0.00000 -0.00000 0.00000 3.8015e-02 9.1274e-01 -3.6222e-02 -2.4907e-04 4.0722e-01 -1.2578e-05 0.42079 0.44758 0.43212 -0.01789 0.01723 -0.00219 1.85841e-01 1.47532e-03 -5.7241441060e-01 -3.8509842155e-01
370.000 -0.00000 -0.00000 0.00000 -0.00000 -0.00000 0.00000 -4.5503e-02 9.1266e-01 -2.4923e-02 -2.4907e-04 4.0722e-01 -1.2578e-05 0.43484 0.44757 0.41811 0.02135 0.01129 -0.00224 1.85834e-01 1.47849e-03 -5.7241113869e-01 -3.8509901433e-01
372.000 -0.00000 0.00000 0.00000 0.00000 -0.00000 0.00000 -9.9255e-03 9.1265e-01 4.8503e-02 -2.4907e-04 4.0722e-01 -1.2578e-05 0.41929 0.44746 0.43380 0.00384 -0.02298 0.00839 1.85827e-01 1.48061e-03 -5.7240715449e-01 -3.8509957489e-01
374.000 -0.00000 0.00000 0.00000 -0.00000 -0.00000 0.00000 4.6203e-02 9.1265e-01 -6.1223e-03 -2.4907e-04 4.0722e-01 -1.2578e-05 0.42835 0.44734 0.42491 -0.02205 0.00350 -0.01315 1.85820e-01 1.48230e-03 -5.7240286055e-01 -3.8510009775e-01
376.000 -0.00000 -0.00000 -0.00000 0.00000 -0.00000 0.00000 -2.0262e-02 9.1257e-01 -4.0151e-02 -2.4907e-04 4.0722e-01 -1.2578e-05 0.43324 0.44728 0.42011 0.00995 0.01877 0.01367 1.85814e-01 1.48423e-03 -5.7239864322e-01 -3.8510057973e-01
378.000 -0.00000 -0.00000 0.00000 -0.00000 -0.00000 0.00000 -3.0207e-02 9.1254e-01 2.9992e-02 -2.4907e-04 4.0722e-01 -1.2578e-05 0.41239 0.44719 0.44109 0.01367 -0.01480 -0.00879 1.85807e-01 1.48687e-03 -5.7239482585e-01 -3.8510102001e-01
380.000 -0.00000 0.00000 0.00000 -0.00000 -0.00000 0.00000 3.5524e-02 9.1254e-01 1.6704e-02 -2.4907e-04 4.0722e-01 -1.2578e-05 0.44502 0.44707 0.40862 -0.01759 -0.00748 -0.00035 1.85800e-01 1.49036e-03 -5.7239164692e-01 -3.8510142014e-01
382.000 -0.00000 -0.00000 0.00000 -0.00000 -0.00000 0.00000 2.3748e-03 9.1248e-01 -3.7489e-02 -2.4907e-04 4.0722e-01 -1.2578e-05 0.41080 0.44703 0.44291 -0.00090 0.01816 0.01067 1.85793e-01 1.49458e-03 -5.7238926007e-01 -3.8510178376e-01
384.000 -0.00000 0.00000 0.00000 -0.00000 -0.00000 0.00000 -3.4800e-02 9.1243e-01 1.0172e-02 -2.4907e-04 4.0722e-01 -1.2578e-05 0.43503 0.44700 0.41873 0.01652 -0.00538 -0.01838 1.85786e-01 1.49917e-03 -5.7238774789e-01 -3.8510211626e-01
386.000 -0.00000 0.00000 0.00000 -0.00000 -0.00000 0.00000 2.0719e-02 9.1244e-01 2.6938e-02 -2.4907e-04 4.0722e-01 -1.2578e-05 0.42996 0.44693 0.42388 -0.01064 -0.01299 0.02047 1.85781e-01 1.50364e-03 -5.7238714092e-01 -3.8510242436e-01
388.000 -0.00000 -0.00000 -0.00000 -0.00000 -0.00000 0.00000 1.5985e-02 9.1242e-01 -2.9193e-02 -2.4907e-04 4.0722e-01 -1.2578e-05 0.41322 0.44691 0.44064 -0.00802 0.01436 -0.01592 1.85777e-01 1.50749e-03 -5.7238743558e-01 -3.8510271566e-01
390.000 0.00000 -0.00000 0.00000 -0.00000 -0.00000 0.00000 -3.3631e-02 9.1238e-01 -4.1820e-03 -2.4907e-04 4.0722e-01 -1.2578e-05 0.44706 0.44694 0.40676 0.01623 0.00208 0.00613 1.85775e-01 1.51021e-03 -5.7238860743e-01 -3.8510299836e-01
392.000 0.00000 -0.00000 0.00000 -0.00000 -0.00000 0.00000 8.2947e-03 9.1241e-01 3.2566e-02 -2.4907e-04 4.0722e-01 -1.2578e-05 0.40675 0.44693 0.44706 -0.00417 -0.01602 0.00555 1.85776e-01 1.51138e-03 -5.7239061860e-01 -3.8510328102e-01
394.000 -0.00000 0.00000 0.00000 -0.00000 -0.00000 0.00000 2.7176e-02 9.1243e-01 -2.1091e-02 -2.4907e-04 4.0722e-01 -1.2578e-05 0.44069 0.44695 0.41309 -0.01375 0.00999 -0.01516 1.85779e-01 1.51068e-03 -5.7239341932e-01 -3.8510357238e-01
396.000 -0.00000 0.00000 0.00000 -0.00000 -0.00000 0.00000 -3.1669e-02 9.1243e-01 -1.8950e-02 -2.4907e-04 4.0722e-01 -1.2578e-05 0.42340 0.44702 0.43027 0.01483 0.00960 0.01951 1.85785e-01 1.50795e-03 -5.7239694445e-01 -3.8510388121e-01
398.000 0.00000 -0.00000 0.00000 -0.00000 -0.00000 0.00000 -7.5551e-03 9.1248e-01 3.7765e-02 -2.4907e-04 4.0722e-01 -1.2578e-05 0.41959 0.44706 0.43401 0.00392 -0.01812 -0.01743 1.85794e-01 1.50322e-03 -5.7240110614e-01 -3.8510421607e-01
400.000 -0.00000 -0.00000 0.00000 -0.00000 -0.00000 0.00000 3.9633e-02 9.1256e-01 -6.8635e-03 -2.4907e-04 4.0722e-01 -1.2578e-05 0.44122 0.44710 0.41229 -0.01936 0.00265 0.01014 1.85804e-01 1.49678e-03 -5.7240578414e-01 -3.8510458497e-01
