# t x y z vx vy vz omx omy omz llx lly llz Ixx Iyy Izz Ixy Iyz Ixz KErot PEspr PEgrav Etot
0.000 -0.00000 -0.00000 0.00000 0.00000 -0.00000 -0.00000 3.3130e-02 9.2025e-01 -4.5143e-02 -2.5027e-04 4.0518e-01 -3.9873e-05 0.42511 0.44189 0.42833 -0.01566 0.02103 -0.00162 1.86431e-01 1.16733e-29 -5.7349039169e-01 -3.8705931370e-01
2.000 0.00000 0.00000 -0.00000 0.00000 0.00000 -0.00000 -5.2455e-02 9.1858e-01 -1.7975e-02 -2.5027e-04 4.0518e-01 -3.9873e-05 0.42733 0.44263 0.41844 0.02410 0.00806 -0.00150 1.86118e-01 7.07180e-04 -5.7508716895e-01 -3.8826219204e-01
4.004 0.00000 -0.00000 0.00000 0.00000 -0.00000 -0.00000 -3.0726e-04 9.1578e-01 5.3290e-02 -2.5027e-04 4.0518e-01 -3.9873e-05 0.41919 0.44388 0.42549 -0.00050 -0.02480 0.00625 1.85533e-01 1.08150e-03 -5.7507701628e-01 -3.8846293910e-01
6.004 -0.00000 -0.00000 -0.00000 0.00000 0.00000 -0.00000 4.8319e-02 9.1456e-01 -1.7158e-02 -2.5027e-04 4.0518e-01 -3.9873e-05 0.42008 0.44439 0.42418 -0.02264 0.00841 -0.00929 1.85278e-01 1.29756e-03 -5.7508186703e-01 -3.8850630095e-01
8.004 -0.00000 0.00000 -0.00000 0.00000 0.00000 -0.00000 -3.1533e-02 9.1391e-01 -3.9032e-02 -2.5027e-04 4.0518e-01 -3.9873e-05 0.43086 0.44463 0.41319 0.01493 0.01787 0.00785 1.85155e-01 1.41609e-03 -5.7508769042e-01 -3.8851635054e-01
10.000 0.00000 -0.00000 0.00000 0.00000 0.00000 0.00000 -2.5864e-02 9.1363e-01 4.0167e-02 -2.5027e-04 4.0518e-01 -3.9873e-05 0.40831 0.44465 0.43577 0.01136 -0.01925 -0.00166 1.85097e-01 1.47137e-03 -5.7508707925e-01 -3.8851919064e-01
12.000 0.00000 0.00000 0.00000 0.00000 0.00000 0.00000 4.3630e-02 9.1350e-01 9.4190e-03 -2.5027e-04 4.0518e-01 -3.9873e-05 0.43591 0.44459 0.40828 -0.02102 -0.00391 -0.00721 1.85062e-01 1.50167e-03 -5.7508369619e-01 -3.8852040415e-01
14.000 0.00000 -0.00000 0.00000 0.00000 0.00000 0.00000 -6.8959e-03 9.1337e-01 -4.2542e-02 -2.5027e-04 4.0518e-01 -3.9873e-05 0.41405 0.44458 0.43019 0.00355 0.02011 0.01497 1.85041e-01 1.51788e-03 -5.7508022215e-01 -3.8852116059e-01
16.000 -0.00000 0.00000 -0.00000 0.00000 0.00000 -0.00000 -3.6069e-02 9.1330e-01 2.0199e-02 -2.5027e-04 4.0518e-01 -3.9873e-05 0.42038 0.44453 0.42394 0.01673 -0.01013 -0.01805 1.85030e-01 1.52535e-03 -5.7507706295e-01 -3.8852177203e-01
18.000 0.00000 0.00000 -0.00000 0.00000 0.00000 -0.00000 3.0210e-02 9.1331e-01 2.4282e-02 -2.5027e-04 4.0518e-01 -3.9873e-05 0.43426 0.44444 0.41018 -0.01503 -0.01143 0.01467 1.85023e-01 1.52895e-03 -5.7507417797e-01 -3.8852232267e-01
20.004 -0.00000 -0.00000 -0.00000 0.00000 0.00000 -0.00000 9.7889e-03 9.1327e-01 -3.6800e-02 -2.5027e-04 4.0518e-01 -3.9873e-05 0.40355 0.44443 0.44092 -0.00482 0.01778 -0.00556 1.85020e-01 1.52924e-03 -5.7507189934e-01 -3.8852283657e-01
22.004 0.00000 0.00000 -0.00000 0.00000 0.00000 -0.00000 -3.7931e-02 9.1325e-01 4.4857e-03 -2.5027e-04 4.0518e-01 -3.9873e-05 0.44108 0.44443 0.40340 0.01807 -0.00227 -0.00579 1.85020e-01 1.52705e-03 -5.7507038691e-01 -3.8852333294e-01
24.004 0.00000 0.00000 0.00000 0.00000 0.00000 -0.00000 1.8211e-02 9.1330e-01 3.2722e-02 -2.5027e-04 4.0518e-01 -3.9873e-05 0.40981 0.44440 0.43470 -0.00899 -0.01592 0.01522 1.85023e-01 1.52315e-03 -5.7506957471e-01 -3.8852382724e-01
26.004 0.00000 -0.00000 0.00000 0.00000 0.00000 -0.00000 2.3006e-02 9.1332e-01 -3.0660e-02 -2.5027e-04 4.0518e-01 -3.9873e-05 0.42416 0.44442 0.42032 -0.01160 0.01455 -0.01920 1.85027e-01 1.51756e-03 -5.7506938522e-01 -3.8852433197e-01
28.004 0.00000 0.00000 -0.00000 0.00000 0.00000 -0.00000 -3.9086e-02 9.1332e-01 -1.0762e-02 -2.5027e-04 4.0518e-01 -3.9873e-05 0.43094 0.44449 0.41346 0.01836 0.00553 0.01644 1.85034e-01 1.51053e-03 -5.7506970217e-01 -3.8852486091e-01
30.004 0.00000 -0.00000 -0.00000 0.00000 0.00000 -0.00000 3.8607e-03 9.1339e-01 4.1482e-02 -2.5027e-04 4.0518e-01 -3.9873e-05 0.40661 0.44451 0.43775 -0.00161 -0.01989 -0.00833 1.85042e-01 1.50252e-03 -5.7507034692e-01 -3.8852542635e-01
32.004 -0.00000 0.00000 -0.00000 0.00000 0.00000 -0.00000 3.8606e-02 9.1345e-01 -2.0047e-02 -2.5027e-04 4.0518e-01 -3.9873e-05 0.43847 0.44457 0.40581 -0.01884 0.00893 -0.00166 1.85051e-01 1.49404e-03 -5.7507110459e-01 -3.8852603858e-01
34.004 0.00000 0.00000 -0.00000 0.00000 0.00000 -0.00000 -3.4581e-02 9.1344e-01 -3.1471e-02 -2.5027e-04 4.0518e-01 -3.9873e-05 0.41071 0.44469 0.43342 0.01560 0.01525 0.00953 1.85059e-01 1.48569e-03 -5.7507172899e-01 -3.8852670534e-01
36.004 0.00000 0.00000 -0.00000 0.00000 0.00000 -0.00000 -1.9497e-02 9.1349e-01 4.4673e-02 -2.5027e-04 4.0518e-01 -3.9873e-05 0.42541 0.44477 0.41862 0.00942 -0.02078 -0.01249 1.85066e-01 1.47816e-03 -5.7507194773e-01 -3.8852743051e-01
38.000 0.00000 -0.00000 -0.00000 0.00000 0.00000 0.00000 5.0083e-02 9.1355e-01 3.3014e-03 -2.5027e-04 4.0518e-01 -3.9873e-05 0.42566 0.44483 0.41830 -0.02365 -0.00211 0.01020 1.85071e-01 1.47198e-03 -5.7507149055e-01 -3.8852821179e-01
40.000 -0.00000 0.00000 -0.00000 0.00000 0.00000 0.00000 -1.4300e-02 9.1352e-01 -5.0879e-02 -2.5027e-04 4.0518e-01 -3.9873e-05 0.41482 0.44496 0.42899 0.00596 0.02378 -0.00467 1.85074e-01 1.46747e-03 -5.7507012076e-01 -3.8852904682e-01
42.000 -0.00000 -0.00000 -0.00000 0.00000 0.00000 0.00000 -4.5448e-02 9.1346e-01 2.9989e-02 -2.5027e-04 4.0518e-01 -3.9873e-05 0.42782 0.44506 0.41595 0.02103 -0.01373 -0.00072 1.85064e-01 1.46033e-03 -5.7505393493e-01 -3.8852925450e-01
44.000 -0.00000 0.00000 -0.00000 0.00000 0.00000 0.00000 4.2912e-02 9.1351e-01 3.3436e-02 -2.5027e-04 4.0518e-01 -3.9873e-05 0.41995 0.44506 0.42380 -0.02011 -0.01570 0.00304 1.85063e-01 1.46073e-03 -5.7505325826e-01 -3.8852943907e-01
46.000 0.00000 0.00000 0.00000 0.00000 0.00000 -0.00000 1.7553e-02 9.1347e-01 -5.2198e-02 -2.5027e-04 4.0518e-01 -3.9873e-05 0.42005 0.44511 0.42367 -0.00842 0.02419 -0.00138 1.85060e-01 1.46202e-03 -5.7505129090e-01 -3.8852962382e-01
48.000 -0.00000 0.00000 0.00000 0.00000 0.00000 -0.00000 -5.5370e-02 9.1339e-01 -7.5731e-04 -2.5027e-04 4.0518e-01 -3.9873e-05 0.42436 0.44514 0.41937 0.02545 0.00014 -0.00269 1.85052e-01 1.46178e-03 -5.7504312943e-01 -3.8852980998e-01
50.000 -0.00000 -0.00000 -0.00000 0.00000 0.00000 0.00000 1.5963e-02 9.1341e-01 5.1172e-02 -2.5027e-04 4.0518e-01 -3.9873e-05 0.42263 0.44506 0.42121 -0.00800 -0.02375 0.00606 1.85045e-01 1.46352e-03 -5.7503876875e-01 -3.8852998797e-01
52.000 0.00000 -0.00000 -0.00000 0.00000 0.00000 0.00000 4.1493e-02 9.1338e-01 -3.1333e-02 -2.5027e-04 4.0518e-01 -3.9873e-05 0.41576 0.44500 0.42818 -0.01936 0.01491 -0.00588 1.85038e-01 1.46511e-03 -5.7503334201e-01 -3.8853015985e-01
54.000 0.00000 0.00000 0.00000 0.00000 0.00000 0.00000 -4.2236e-02 9.1329e-01 -2.8622e-02 -2.5027e-04 4.0518e-01 -3.9873e-05 0.43281 0.44497 0.41120 0.01978 0.01290 0.00122 1.85030e-01 1.46738e-03 -5.7502754781e-01 -3.8853032385e-01
56.000 0.00000 -0.00000 0.00000 0.00000 0.00000 -0.00000 -1.3113e-02 9.1328e-01 4.6579e-02 -2.5027e-04 4.0518e-01 -3.9873e-05 0.41070 0.44486 0.43346 0.00530 -0.02206 0.00629 1.85022e-01 1.47101e-03 -5.7502342957e-01 -3.8853047657e-01
58.000 -0.00000 -0.00000 -0.00000 0.00000 -0.00000 -0.00000 4.5288e-02 9.1327e-01 -3.8993e-03 -2.5027e-04 4.0518e-01 -3.9873e-05 0.42877 0.44474 0.41555 -0.02159 0.00239 -0.01328 1.85014e-01 1.47542e-03 -5.7501993996e-01 -3.8853061824e-01
60.000 -0.00000 0.00000 -0.00000 0.00000 -0.00000 -0.00000 -1.9100e-02 9.1319e-01 -3.9675e-02 -2.5027e-04 4.0518e-01 -3.9873e-05 0.42442 0.44470 0.41997 0.00931 0.01854 0.01622 1.85006e-01 1.48069e-03 -5.7501751471e-01 -3.8853074862e-01
62.000 -0.00000 0.00000 0.00000 -0.00000 -0.00000 -0.00000 -2.9428e-02 9.1315e-01 2.9848e-02 -2.5027e-04 4.0518e-01 -3.9873e-05 0.41048 0.44463 0.43401 0.01338 -0.01465 -0.01315 1.84999e-01 1.48628e-03 -5.7501634977e-01 -3.8853086818e-01
64.000 0.00000 -0.00000 -0.00000 -0.00000 -0.00000 0.00000 3.6235e-02 9.1316e-01 1.5054e-02 -2.5027e-04 4.0518e-01 -3.9873e-05 0.44032 0.44453 0.40429 -0.01782 -0.00689 0.00464 1.84994e-01 1.49168e-03 -5.7501627604e-01 -3.8853097891e-01
66.000 -0.00000 -0.00000 0.00000 -0.00000 -0.00000 0.00000 -4.2590e-04 9.1312e-01 -3.8556e-02 -2.5027e-04 4.0518e-01 -3.9873e-05 0.40414 0.44452 0.44048 0.00018 0.01856 0.00633 1.84990e-01 1.49660e-03 -5.7501731505e-01 -3.8853108282e-01
68.000 -0.00000 0.00000 -0.00000 -0.00000 -0.00000 0.00000 -3.5436e-02 9.1309e-01 1.4276e-02 -2.5027e-04 4.0518e-01 -3.9873e-05 0.43415 0.44451 0.41048 0.01682 -0.00707 -0.01562 1.84988e-01 1.50037e-03 -5.7501940743e-01 -3.8853118206e-01
70.000 0.00000 -0.00000 -0.00000 0.00000 -0.00000 0.00000 2.6112e-02 9.1313e-01 2.6417e-02 -2.5027e-04 4.0518e-01 -3.9873e-05 0.42110 0.44447 0.42356 -0.01288 -0.01286 0.01964 1.84989e-01 1.50258e-03 -5.7502252183e-01 -3.8853127934e-01
72.000 0.00000 0.00000 0.00000 -0.00000 -0.00000 0.00000 1.3794e-02 9.1314e-01 -3.5437e-02 -2.5027e-04 4.0518e-01 -3.9873e-05 0.41260 0.44449 0.43201 -0.00716 0.01698 -0.01684 1.84992e-01 1.50298e-03 -5.7502656629e-01 -3.8853137731e-01
74.000 0.00000 -0.00000 -0.00000 -0.00000 -0.00000 0.00000 -3.9874e-02 9.1314e-01 8.9481e-05 -2.5027e-04 4.0518e-01 -3.9873e-05 0.43919 0.44455 0.40534 0.01890 0.00028 0.00840 1.84999e-01 1.50122e-03 -5.7503148504e-01 -3.8853147864e-01
76.000 -0.00000 -0.00000 0.00000 -0.00000 -0.00000 0.00000 1.4855e-02 9.1323e-01 3.7889e-02 -2.5027e-04 4.0518e-01 -3.9873e-05 0.40432 0.44456 0.44016 -0.00695 -0.01834 0.00232 1.85008e-01 1.49733e-03 -5.7503722404e-01 -3.8853158613e-01
78.004 -0.00000 0.00000 0.00000 -0.00000 -0.00000 0.00000 3.0661e-02 9.1329e-01 -2.9747e-02 -2.5027e-04 4.0518e-01 -3.9873e-05 0.43485 0.44461 0.40953 -0.01524 0.01367 -0.01125 1.85020e-01 1.49164e-03 -5.7504367401e-01 -3.8853170244e-01
80.004 0.00000 -0.00000 0.00000 -0.00000 -0.00000 0.00000 -4.1378e-02 9.1331e-01 -1.9913e-02 -2.5027e-04 4.0518e-01 -3.9873e-05 0.41829 0.44472 0.42593 0.01900 0.00992 0.01499 1.85034e-01 1.48463e-03 -5.7505066429e-01 -3.8853182906e-01
82.004 0.00000 0.00000 -0.00000 -0.00000 -0.00000 0.00000 -5.4919e-03 9.1341e-01 4.7412e-02 -2.5027e-04 4.0518e-01 -3.9873e-05 0.41732 0.44476 0.42680 0.00290 -0.02227 -0.01286 1.85049e-01 1.47717e-03 -5.7505799230e-01 -3.8853196769e-01
84.004 -0.00000 -0.00000 -0.00000 -0.00000 -0.00000 0.00000 4.8089e-02 9.1351e-01 -1.1825e-02 -2.5027e-04 4.0518e-01 -3.9873e-05 0.43161 0.44481 0.41240 -0.02291 0.00494 0.00665 1.85063e-01 1.47036e-03 -5.7506535473e-01 -3.8853211883e-01
86.004 0.00000 -0.00000 -0.00000 -0.00000 -0.00000 0.00000 -2.8659e-02 9.1352e-01 -4.3950e-02 -2.5027e-04 4.0518e-01 -3.9873e-05 0.41254 0.44493 0.43130 0.01268 0.02071 0.00021 1.85075e-01 1.46530e-03 -5.7507238846e-01 -3.8853228201e-01
88.004 -0.00000 -0.00000 -0.00000 -0.00000 -0.00000 0.00000 -3.4065e-02 9.1357e-01 4.1911e-02 -2.5027e-04 4.0518e-01 -3.9873e-05 0.42715 0.44499 0.41658 0.01586 -0.01932 -0.00442 1.85083e-01 1.46299e-03 -5.7507869510e-01 -3.8853245570e-01
90.004 0.00000 -0.00000 0.00000 -0.00000 -0.00000 0.00000 5.0974e-02 9.1363e-01 1.8666e-02 -2.5027e-04 4.0518e-01 -3.9873e-05 0.42147 0.44500 0.42222 -0.02388 -0.00891 0.00438 1.85087e-01 1.46405e-03 -5.7508387642e-01 -3.8853263717e-01
92.004 -0.00000 -0.00000 -0.00000 -0.00000 -0.00000 0.00000 9.1041e-04 9.1359e-01 -5.5433e-02 -2.5027e-04 4.0518e-01 -3.9873e-05 0.41962 0.44506 0.42398 -0.00075 0.02568 -0.00103 1.85086e-01 1.46846e-03 -5.7508759182e-01 -3.8853282294e-01
94.004 -0.00000 0.00000 -0.00000 -0.00000 -0.00000 0.00000 -5.3412e-02 9.1354e-01 1.5993e-02 -2.5027e-04 4.0518e-01 -3.9873e-05 0.42264 0.44509 0.42093 0.02449 -0.00758 -0.00280 1.85081e-01 1.47568e-03 -5.7508962643e-01 -3.8853300913e-01
96.004 -0.00000 -0.00000 -0.00000 -0.00000 -0.00000 0.00000 3.1038e-02 9.1355e-01 4.4300e-02 -2.5027e-04 4.0518e-01 -3.9873e-05 0.42521 0.44502 0.41844 -0.01491 -0.02047 0.00401 1.85072e-01 1.48468e-03 -5.7508992583e-01 -3.8853319187e-01
98.004 0.00000 0.00000 -0.00000 -0.00000 -0.00000 0.00000 3.0596e-02 9.1349e-01 -4.3172e-02 -2.5027e-04 4.0518e-01 -3.9873e-05 0.41418 0.44499 0.42952 -0.01420 0.02029 -0.00108 1.85061e-01 1.49431e-03 -5.7508860965e-01 -3.8853336792e-01
100.004 -0.00000 -0.00000 0.00000 -0.00000 -0.00000 0.00000 -4.9708e-02 9.1338e-01 -1.5075e-02 -2.5027e-04 4.0518e-01 -3.9873e-05 0.43070 0.44497 0.41304 0.02308 0.00650 -0.00503 1.85049e-01 1.50359e-03 -5.7508596074e-01 -3.8853353477e-01
102.004 -0.00000 0.00000 0.00000 -0.00000 -0.00000 0.00000 1.4095e-03 9.1336e-01 4.9116e-02 -2.5027e-04 4.0518e-01 -3.9873e-05 0.41678 0.44486 0.42712 -0.00152 -0.02303 0.01126 1.85037e-01 1.51180e-03 -5.7508236808e-01 -3.8853369081e-01
104.004 -0.00000 0.00000 0.00000 -0.00000 -0.00000 0.00000 4.2945e-02 9.1332e-01 -1.7653e-02 -2.5027e-04 4.0518e-01 -3.9873e-05 0.41950 0.44476 0.42454 -0.02027 0.00883 -0.01410 1.85026e-01 1.51856e-03 -5.7507825788e-01 -3.8853383534e-01
106.004 -0.00000 -0.00000 0.00000 -0.00000 -0.00000 0.00000 -3.0493e-02 9.1323e-01 -3.3110e-02 -2.5027e-04 4.0518e-01 -3.9873e-05 0.43326 0.44472 0.41086 0.01461 0.01523 0.01138 1.85016e-01 1.52375e-03 -5.7507403929e-01 -3.8853396847e-01
108.004 0.00000 0.00000 -0.00000 -0.00000 -0.00000 0.00000 -1.9793e-02 9.1321e-01 3.7633e-02 -2.5027e-04 4.0518e-01 -3.9873e-05 0.40513 0.44463 0.43912 0.00865 -0.01821 -0.00342 1.85009e-01 1.52733e-03 -5.7507005801e-01 -3.8853409101e-01
110.004 0.00000 -0.00000 0.00000 0.00000 -0.00000 0.00000 3.9650e-02 9.1321e-01 3.8376e-03 -2.5027e-04 4.0518e-01 -3.9873e-05 0.43919 0.44453 0.40519 -0.01931 -0.00144 -0.00701 1.85003e-01 1.52930e-03 -5.7506656905e-01 -3.8853420442e-01
112.004 0.00000 -0.00000 -0.00000 0.00000 -0.00000 0.00000 -1.1581e-02 9.1316e-01 -3.7400e-02 -2.5027e-04 4.0518e-01 -3.9873e-05 0.41155 0.44452 0.43286 0.00560 0.01789 0.01587 1.85000e-01 1.52967e-03 -5.7506373655e-01 -3.8853431063e-01
114.004 0.00000 0.00000 0.00000 0.00000 -0.00000 0.00000 -3.0075e-02 9.1315e-01 2.3772e-02 -2.5027e-04 4.0518e-01 -3.9873e-05 0.42230 0.44449 0.42216 0.01414 -0.01168 -0.01956 1.84999e-01 1.52841e-03 -5.7506164312e-01 -3.8853441190e-01
116.004 0.00000 -0.00000 0.00000 0.00000 -0.00000 0.00000 3.2576e-02 9.1319e-01 1.7733e-02 -2.5027e-04 4.0518e-01 -3.9873e-05 0.43311 0.44444 0.41141 -0.01604 -0.00862 0.01647 1.85000e-01 1.52549e-03 -5.7506029876e-01 -3.8853451080e-01
118.004 -0.00000 0.00000 0.00000 -0.00000 -0.00000 0.00000 3.0805e-03 9.1319e-01 -3.7877e-02 -2.5027e-04 4.0518e-01 -3.9873e-05 0.40424 0.44446 0.44025 -0.00196 0.01824 -0.00767 1.85004e-01 1.52094e-03 -5.7505965344e-01 -3.8853460999e-01
120.004 -0.00000 0.00000 0.00000 0.00000 -0.00000 0.00000 -3.7792e-02 9.1320e-01 1.1274e-02 -2.5027e-04 4.0518e-01 -3.9873e-05 0.44101 0.44450 0.40343 0.01802 -0.00517 -0.00351 1.85010e-01 1.51487e-03 -5.7505960897e-01 -3.8853471215e-01
122.004 0.00000 -0.00000 0.00000 0.00000 -0.00000 0.00000 2.4864e-02 9.1328e-01 3.1346e-02 -2.5027e-04 4.0518e-01 -3.9873e-05 0.40905 0.44450 0.43537 -0.01185 -0.01534 0.01285 1.85018e-01 1.50753e-03 -5.7506002255e-01 -3.8853481988e-01
124.004 0.00000 0.00000 0.00000 -0.00000 -0.00000 0.00000 2.0393e-02 9.1331e-01 -3.6910e-02 -2.5027e-04 4.0518e-01 -3.9873e-05 0.42575 0.44457 0.41859 -0.01047 0.01725 -0.01698 1.85026e-01 1.49933e-03 -5.7506070809e-01 -3.8853493555e-01
126.004 -0.00000 -0.00000 0.00000 -0.00000 -0.00000 0.00000 -4.4609e-02 9.1332e-01 -6.9869e-03 -2.5027e-04 4.0518e-01 -3.9873e-05 0.42812 0.44468 0.41609 0.02075 0.00386 0.01480 1.85036e-01 1.49082e-03 -5.7506144118e-01 -3.8853506108e-01
128.004 -0.00000 -0.00000 0.00000 -0.00000 -0.00000 0.00000 8.5873e-03 9.1340e-01 4.5925e-02 -2.5027e-04 4.0518e-01 -3.9873e-05 0.41012 0.44473 0.43402 -0.00373 -0.02179 -0.00790 1.85044e-01 1.48266e-03 -5.7506196551e-01 -3.8853519783e-01
130.004 -0.00000 0.00000 -0.00000 -0.00000 -0.00000 0.00000 4.1671e-02 9.1345e-01 -2.5343e-02 -2.5027e-04 4.0518e-01 -3.9873e-05 0.43442 0.44480 0.40962 -0.02010 0.01133 -0.00030 1.85051e-01 1.47546e-03 -5.7506200618e-01 -3.8853534631e-01
132.004 0.00000 0.00000 0.00000 -0.00000 -0.00000 0.00000 -3.9908e-02 9.1342e-01 -3.3010e-02 -2.5027e-04 4.0518e-01 -3.9873e-05 0.41380 0.44494 0.43008 0.01803 0.01577 0.00614 1.85056e-01 1.46974e-03 -5.7506129787e-01 -3.8853550612e-01
134.004 -0.00000 -0.00000 0.00000 -0.00000 -0.00000 0.00000 -1.9609e-02 9.1345e-01 4.9416e-02 -2.5027e-04 4.0518e-01 -3.9873e-05 0.42396 0.44501 0.41984 0.00923 -0.02292 -0.00750 1.85058e-01 1.46573e-03 -5.7505962384e-01 -3.8853567590e-01
136.004 -0.00000 0.00000 0.00000 -0.00000 -0.00000 0.00000 5.3703e-02 9.1349e-01 2.1740e-03 -2.5027e-04 4.0518e-01 -3.9873e-05 0.42426 0.44504 0.41951 -0.02523 -0.00132 0.00474 1.85058e-01 1.46338e-03 -5.7505685889e-01 -3.8853585339e-01
138.004 -0.00000 0.00000 0.00000 -0.00000 -0.00000 0.00000 -1.5847e-02 9.1343e-01 -5.2948e-02 -2.5027e-04 4.0518e-01 -3.9873e-05 0.41884 0.44513 0.42484 0.00697 0.02458 -0.00037 1.85055e-01 1.46239e-03 -5.7505300841e-01 -3.8853603571e-01
140.004 -0.00000 -0.00000 -0.00000 -0.00000 -0.00000 0.00000 -4.5942e-02 9.1339e-01 3.1201e-02 -2.5027e-04 4.0518e-01 -3.9873e-05 0.42188 0.44516 0.42180 0.02103 -0.01457 -0.00241 1.85050e-01 1.46239e-03 -5.7504822701e-01 -3.8853621963e-01
142.004 -0.00000 -0.00000 -0.00000 -0.00000 -0.00000 0.00000 4.3086e-02 9.1341e-01 3.2707e-02 -2.5027e-04 4.0518e-01 -3.9873e-05 0.42595 0.44509 0.41783 -0.02042 -0.01508 0.00149 1.85043e-01 1.46305e-03 -5.7504280404e-01 -3.8853640183e-01
144.004 -0.00000 0.00000 0.00000 -0.00000 -0.00000 -0.00000 1.6250e-02 9.1336e-01 -5.0877e-02 -2.5027e-04 4.0518e-01 -3.9873e-05 0.41581 0.44507 0.42802 -0.00751 0.02375 0.00291 1.85036e-01 1.46427e-03 -5.7503711983e-01 -3.8853657923e-01
146.004 -0.00000 -0.00000 0.00000 -0.00000 -0.00000 -0.00000 -5.2461e-02 9.1328e-01 3.4446e-04 -2.5027e-04 4.0518e-01 -3.9873e-05 0.42592 0.44504 0.41798 0.02420 -0.00068 -0.00832 1.85029e-01 1.46613e-03 -5.7503158403e-01 -3.8853674917e-01
148.004 -0.00000 0.00000 -0.00000 -0.00000 -0.00000 0.00000 1.6150e-02 9.1329e-01 4.6944e-02 -2.5027e-04 4.0518e-01 -3.9873e-05 0.42417 0.44492 0.41990 -0.00836 -0.02183 0.01131 1.85021e-01 1.46881e-03 -5.7502657293e-01 -3.8853690958e-01
150.004 -0.00000 -0.00000 -0.00000 -0.00000 -0.00000 0.00000 3.6478e-02 9.1325e-01 -3.0117e-02 -2.5027e-04 4.0518e-01 -3.9873e-05 0.41241 0.44483 0.43180 -0.01706 0.01457 -0.00943 1.85013e-01 1.47243e-03 -5.7502238436e-01 -3.8853705913e-01
152.004 -0.00000 0.00000 -0.00000 -0.00000 -0.00000 0.00000 -3.9431e-02 9.1317e-01 -2.3468e-02 -2.5027e-04 4.0518e-01 -3.9873e-05 0.43721 0.44478 0.40708 0.01867 0.01053 0.00255 1.85005e-01 1.47698e-03 -5.7501921821e-01 -3.8853719729e-01
154.000 0.00000 0.00000 -0.00000 -0.00000 -0.00000 0.00000 -8.5943e-03 9.1316e-01 4.2250e-02 -2.5027e-04 4.0518e-01 -3.9873e-05 0.40691 0.44468 0.43751 0.00324 -0.02022 0.00685 1.84998e-01 1.48223e-03 -5.7501718264e-01 -3.8853732410e-01
156.000 0.00000 -0.00000 0.00000 -0.00000 -0.00000 0.00000 3.9812e-02 9.1315e-01 -7.4939e-03 -2.5027e-04 4.0518e-01 -3.9873e-05 0.43178 0.44459 0.41275 -0.01922 0.00401 -0.01520 1.84991e-01 1.48780e-03 -5.7501629931e-01 -3.8853744110e-01
158.000 -0.00000 -0.00000 -0.00000 -0.00000 -0.00000 0.00000 -2.1515e-02 9.1309e-01 -3.3427e-02 -2.5027e-04 4.0518e-01 -3.9873e-05 0.42285 0.44457 0.42172 0.01038 0.01584 0.01878 1.84986e-01 1.49318e-03 -5.7501655365e-01 -3.8853754966e-01
160.000 0.00000 0.00000 0.00000 -0.00000 -0.00000 0.00000 -2.2772e-02 9.1307e-01 3.0990e-02 -2.5027e-04 4.0518e-01 -3.9873e-05 0.41109 0.44453 0.43353 0.01051 -0.01515 -0.01578 1.84982e-01 1.49782e-03 -5.7501789988e-01 -3.8853765191e-01
162.000 -0.00000 0.00000 -0.00000 -0.00000 -0.00000 0.00000 3.6114e-02 9.1310e-01 8.2907e-03 -2.5027e-04 4.0518e-01 -3.9873e-05 0.44067 0.44448 0.40399 -0.01777 -0.00399 0.00706 1.84981e-01 1.50120e-03 -5.7502028348e-01 -3.8853775029e-01
164.000 -0.00000 -0.00000 -0.00000 -0.00000 -0.00000 0.00000 -7.0637e-03 9.1308e-01 -3.7224e-02 -2.5027e-04 4.0518e-01 -3.9873e-05 0.40315 0.44451 0.44146 0.00302 0.01799 0.00424 1.84983e-01 1.50291e-03 -5.7502364995e-01 -3.8853784744e-01
166.000 -0.00000 -0.00000 -0.00000 -0.00000 -0.00000 0.00000 -3.2946e-02 9.1309e-01 2.0593e-02 -2.5027e-04 4.0518e-01 -3.9873e-05 0.43566 0.44454 0.40891 0.01576 -0.00977 -0.01391 1.84987e-01 1.50263e-03 -5.7502794517e-01 -3.8853794609e-01
168.000 -0.00000 0.00000 -0.00000 -0.00000 -0.00000 0.00000 3.1909e-02 9.1317e-01 2.2817e-02 -2.5027e-04 4.0518e-01 -3.9873e-05 0.41895 0.44453 0.42558 -0.01537 -0.01132 0.01840 1.84995e-01 1.50024e-03 -5.7503310801e-01 -3.8853804896e-01
170.000 -0.00000 0.00000 -0.00000 -0.00000 -0.00000 0.00000 9.1594e-03 9.1320e-01 -4.0477e-02 -2.5027e-04 4.0518e-01 -3.9873e-05 0.41513 0.44459 0.42930 -0.00516 0.01915 -0.01631 1.85005e-01 1.49581e-03 -5.7503905699e-01 -3.8853815864e-01
172.000 0.00000 -0.00000 -0.00000 -0.00000 -0.00000 0.00000 -4.3885e-02 9.1323e-01 5.6054e-03 -2.5027e-04 4.0518e-01 -3.9873e-05 0.43607 0.44468 0.40822 0.02063 -0.00212 0.00890 1.85018e-01 1.48967e-03 -5.7504567346e-01 -3.8853827745e-01
174.000 -0.00000 0.00000 -0.00000 -0.00000 -0.00000 0.00000 2.0971e-02 9.1335e-01 4.0603e-02 -2.5027e-04 4.0518e-01 -3.9873e-05 0.40711 0.44471 0.43710 -0.00964 -0.01948 0.00043 1.85032e-01 1.48245e-03 -5.7505278420e-01 -3.8853840727e-01
176.000 0.00000 0.00000 0.00000 -0.00000 -0.00000 0.00000 3.2005e-02 9.1342e-01 -3.5911e-02 -2.5027e-04 4.0518e-01 -3.9873e-05 0.43267 0.44478 0.41141 -0.01574 0.01640 -0.00778 1.85047e-01 1.47506e-03 -5.7506014798e-01 -3.8853854931e-01
178.000 -0.00000 -0.00000 0.00000 -0.00000 -0.00000 -0.00000 -4.7216e-02 9.1344e-01 -1.9812e-02 -2.5027e-04 4.0518e-01 -3.9873e-05 0.41843 0.44490 0.42547 0.02158 0.00973 0.01046 1.85060e-01 1.46862e-03 -5.7506745155e-01 -3.8853870388e-01
180.000 -0.00000 0.00000 -0.00000 -0.00000 -0.00000 -0.00000 -4.1685e-03 9.1353e-01 5.2375e-02 -2.5027e-04 4.0518e-01 -3.9873e-05 0.41920 0.44495 0.42461 0.00211 -0.02443 -0.00825 1.85071e-01 1.46424e-03 -5.7507432057e-01 -3.8853887021e-01
182.000 -0.00000 -0.00000 -0.00000 -0.00000 -0.00000 0.00000 5.1736e-02 9.1359e-01 -1.3893e-02 -2.5027e-04 4.0518e-01 -3.9873e-05 0.42711 0.44498 0.41662 -0.02441 0.00611 0.00330 1.85078e-01 1.46285e-03 -5.7508034951e-01 -3.8853904636e-01
184.000 -0.00000 -0.00000 0.00000 -0.00000 -0.00000 0.00000 -3.0806e-02 9.1355e-01 -4.6086e-02 -2.5027e-04 4.0518e-01 -3.9873e-05 0.41823 0.44507 0.42537 0.01388 0.02145 0.00105 1.85081e-01 1.46488e-03 -5.7508514993e-01 -3.8853922938e-01
186.000 -0.00000 -0.00000 0.00000 -0.00000 -0.00000 0.00000 -3.4829e-02 9.1354e-01 4.3424e-02 -2.5027e-04 4.0518e-01 -3.9873e-05 0.42138 0.44509 0.42219 0.01589 -0.02019 -0.00216 1.85079e-01 1.47018e-03 -5.7508841050e-01 -3.8853941558e-01
188.000 -0.00000 0.00000 0.00000 -0.00000 -0.00000 0.00000 5.1277e-02 9.1356e-01 1.8528e-02 -2.5027e-04 4.0518e-01 -3.9873e-05 0.42529 0.44504 0.41832 -0.02413 -0.00850 -0.00051 1.85072e-01 1.47800e-03 -5.7508995437e-01 -3.8853960106e-01
190.000 0.00000 0.00000 -0.00000 -0.00000 -0.00000 0.00000 5.6901e-04 9.1348e-01 -5.4242e-02 -2.5027e-04 4.0518e-01 -3.9873e-05 0.41875 0.44505 0.42486 -0.00023 0.02518 0.00508 1.85063e-01 1.48729e-03 -5.7508977702e-01 -3.8853978212e-01
192.000 -0.00000 0.00000 0.00000 -0.00000 -0.00000 0.00000 -5.0814e-02 9.1339e-01 1.5789e-02 -2.5027e-04 4.0518e-01 -3.9873e-05 0.42047 0.44503 0.42320 0.02326 -0.00782 -0.00834 1.85051e-01 1.49691e-03 -5.7508805091e-01 -3.8853995570e-01
194.000 -0.00000 0.00000 -0.00000 -0.00000 -0.00000 0.00000 2.9681e-02 9.1339e-01 4.0721e-02 -2.5027e-04 4.0518e-01 -3.9873e-05 0.42970 0.44491 0.41412 -0.01457 -0.01875 0.00752 1.85039e-01 1.50593e-03 -5.7508509415e-01 -3.8854011956e-01
196.000 0.00000 0.00000 -0.00000 -0.00000 -0.00000 0.00000 2.6673e-02 9.1332e-01 -4.0334e-02 -2.5027e-04 4.0518e-01 -3.9873e-05 0.40916 0.44484 0.43476 -0.01231 0.01921 -0.00194 1.85027e-01 1.51376e-03 -5.7508131303e-01 -3.8854027233e-01
198.000 0.00000 -0.00000 0.00000 -0.00000 -0.00000 0.00000 -4.5384e-02 9.1322e-01 -1.1485e-02 -2.5027e-04 4.0518e-01 -3.9873e-05 0.43529 0.44480 0.40871 0.02128 0.00477 -0.00653 1.85017e-01 1.52008e-03 -5.7507713597e-01 -3.8854041355e-01
200.000 -0.00000 0.00000 0.00000 -0.00000 -0.00000 0.00000 4.1062e-03 9.1322e-01 4.3572e-02 -2.5027e-04 4.0518e-01 -3.9873e-05 0.41398 0.44468 0.43018 -0.00282 -0.02063 0.01426 1.85008e-01 1.52481e-03 -5.7507295625e-01 -3.8854054353e-01
202.000 -0.00000 -0.00000 -0.00000 -0.00000 -0.00000 0.00000 3.6611e-02 9.1319e-01 -1.9102e-02 -2.5027e-04 4.0518e-01 -3.9873e-05 0.42081 0.44460 0.42347 -0.01751 0.00952 -0.01761 1.85001e-01 1.52793e-03 -5.7506909405e-01 -3.8854066329e-01
204.000 0.00000 0.00000 -0.00000 -0.00000 -0.00000 0.00000 -3.0560e-02 9.1313e-01 -2.6446e-02 -2.5027e-04 4.0518e-01 -3.9873e-05 0.43366 0.44458 0.41068 0.01466 0.01234 0.01463 1.84996e-01 1.52945e-03 -5.7506577965e-01 -3.8854077442e-01
206.000 0.00000 0.00000 0.00000 -0.00000 -0.00000 0.00000 -1.3200e-02 9.1313e-01 3.6356e-02 -2.5027e-04 4.0518e-01 -3.9873e-05 0.40389 0.44451 0.44053 0.00580 -0.01767 -0.00600 1.84993e-01 1.52935e-03 -5.7506315330e-01 -3.8854087897e-01
208.000 0.00000 0.00000 -0.00000 -0.00000 -0.00000 0.00000 3.7163e-02 9.1316e-01 -2.3877e-03 -2.5027e-04 4.0518e-01 -3.9873e-05 0.44118 0.44446 0.40331 -0.01824 0.00122 -0.00523 1.84993e-01 1.52761e-03 -5.7506127480e-01 -3.8854097931e-01
210.000 -0.00000 -0.00000 0.00000 -0.00000 -0.00000 0.00000 -1.7241e-02 9.1313e-01 -3.3858e-02 -2.5027e-04 4.0518e-01 -3.9873e-05 0.40932 0.44448 0.43516 0.00801 0.01637 0.01486 1.84995e-01 1.52421e-03 -5.7506013633e-01 -3.8854107802e-01
212.000 0.00000 0.00000 -0.00000 -0.00000 -0.00000 0.00000 -2.5617e-02 9.1316e-01 2.8723e-02 -2.5027e-04 4.0518e-01 -3.9873e-05 0.42472 0.44449 0.41974 0.01225 -0.01379 -0.01930 1.84999e-01 1.51921e-03 -5.7505967390e-01 -3.8854117780e-01
214.000 -0.00000 0.00000 0.00000 -0.00000 -0.00000 0.00000 3.6683e-02 9.1322e-01 1.2479e-02 -2.5027e-04 4.0518e-01 -3.9873e-05 0.43062 0.44448 0.41384 -0.01780 -0.00638 0.01699 1.85006e-01 1.51274e-03 -5.7505977543e-01 -3.8854128131e-01
216.000 0.00000 -0.00000 0.00000 -0.00000 -0.00000 0.00000 -2.8359e-03 9.1323e-01 -4.0981e-02 -2.5027e-04 4.0518e-01 -3.9873e-05 0.40651 0.44456 0.43786 0.00058 0.01958 -0.00907 1.85014e-01 1.50510e-03 -5.7506028511e-01 -3.8854139110e-01
218.000 -0.00000 -0.00000 -0.00000 -0.00000 -0.00000 0.00000 -3.9715e-02 9.1326e-01 1.7654e-02 -2.5027e-04 4.0518e-01 -3.9873e-05 0.43906 0.44464 0.40521 0.01884 -0.00793 -0.00114 1.85023e-01 1.49675e-03 -5.7506100590e-01 -3.8854150943e-01
220.000 -0.00000 -0.00000 0.00000 -0.00000 -0.00000 0.00000 3.1404e-02 9.1335e-01 3.1935e-02 -2.5027e-04 4.0518e-01 -3.9873e-05 0.40987 0.44467 0.43435 -0.01470 -0.01556 0.00956 1.85032e-01 1.48827e-03 -5.7506170298e-01 -3.8854163808e-01
222.000 0.00000 0.00000 0.00000 -0.00000 -0.00000 0.00000 1.9594e-02 9.1338e-01 -4.3198e-02 -2.5027e-04 4.0518e-01 -3.9873e-05 0.42622 0.44477 0.41787 -0.01004 0.02000 -0.01316 1.85040e-01 1.48032e-03 -5.7506211238e-01 -3.8854177817e-01
224.000 -0.00000 0.00000 0.00000 -0.00000 -0.00000 0.00000 -5.0167e-02 9.1337e-01 -4.9246e-03 -2.5027e-04 4.0518e-01 -3.9873e-05 0.42549 0.44490 0.41845 0.02316 0.00283 0.01123 1.85047e-01 1.47351e-03 -5.7506195915e-01 -3.8854192998e-01
226.000 -0.00000 0.00000 -0.00000 -0.00000 -0.00000 0.00000 1.1567e-02 9.1343e-01 5.0312e-02 -2.5027e-04 4.0518e-01 -3.9873e-05 0.41428 0.44495 0.42959 -0.00521 -0.02363 -0.00563 1.85051e-01 1.46828e-03 -5.7506098766e-01 -3.8854209281e-01
228.000 -0.00000 0.00000 -0.00000 -0.00000 -0.00000 0.00000 4.4604e-02 9.1345e-01 -2.8685e-02 -2.5027e-04 4.0518e-01 -3.9873e-05 0.42897 0.44502 0.41482 -0.02123 0.01299 -0.00025 1.85052e-01 1.46477e-03 -5.7505900282e-01 -3.8854226502e-01
230.000 0.00000 -0.00000 0.00000 -0.00000 -0.00000 0.00000 -4.2941e-02 9.1339e-01 -3.4478e-02 -2.5027e-04 4.0518e-01 -3.9873e-05 0.41867 0.44513 0.42501 0.01953 0.01615 0.00330 1.85051e-01 1.46285e-03 -5.7505591430e-01 -3.8854244417e-01
232.000 -0.00000 -0.00000 -0.00000 -0.00000 -0.00000 0.00000 -1.9925e-02 9.1340e-01 5.1506e-02 -2.5027e-04 4.0518e-01 -3.9873e-05 0.42084 0.44515 0.42284 0.00904 -0.02394 -0.00233 1.85047e-01 1.46218e-03 -5.7505177045e-01 -3.8854262722e-01
234.000 0.00000 -0.00000 -0.00000 -0.00000 -0.00000 0.00000 5.4422e-02 9.1341e-01 1.9313e-03 -2.5027e-04 4.0518e-01 -3.9873e-05 0.42431 0.44512 0.41942 -0.02555 -0.00085 -0.00142 1.85042e-01 1.46239e-03 -5.7504676774e-01 -3.8854281089e-01
236.000 0.00000 0.00000 -0.00000 -0.00000 -0.00000 0.00000 -1.5912e-02 9.1333e-01 -5.2204e-02 -2.5027e-04 4.0518e-01 -3.9873e-05 0.42191 0.44514 0.42183 0.00736 0.02415 0.00499 1.85035e-01 1.46322e-03 -5.7504122779e-01 -3.8854299192e-01
238.000 -0.00000 -0.00000 0.00000 -0.00000 -0.00000 0.00000 -4.4006e-02 9.1328e-01 3.0397e-02 -2.5027e-04 4.0518e-01 -3.9873e-05 0.41677 0.44510 0.42706 0.01999 -0.01452 -0.00545 1.85028e-01 1.46461e-03 -5.7503554632e-01 -3.8854316733e-01
240.000 0.00000 0.00000 0.00000 -0.00000 -0.00000 0.00000 4.0942e-02 9.1330e-01 3.0141e-02 -2.5027e-04 4.0518e-01 -3.9873e-05 0.43178 0.44498 0.41220 -0.01968 -0.01372 0.00155 1.85020e-01 1.46669e-03 -5.7503012891e-01 -3.8854333461e-01
242.000 0.00000 -0.00000 -0.00000 -0.00000 -0.00000 0.00000 1.3746e-02 9.1324e-01 -4.7244e-02 -2.5027e-04 4.0518e-01 -3.9873e-05 0.41125 0.44492 0.43283 -0.00618 0.02227 0.00547 1.85012e-01 1.46963e-03 -5.7502533258e-01 -3.8854349190e-01
244.000 0.00000 0.00000 0.00000 -0.00000 -0.00000 0.00000 -4.7514e-02 9.1316e-01 2.1360e-03 -2.5027e-04 4.0518e-01 -3.9873e-05 0.42872 0.44486 0.41546 0.02206 -0.00166 -0.01240 1.85004e-01 1.47354e-03 -5.7502142766e-01 -3.8854363810e-01
246.000 -0.00000 -0.00000 -0.00000 -0.00000 -0.00000 0.00000 1.6761e-02 9.1317e-01 4.1092e-02 -2.5027e-04 4.0518e-01 -3.9873e-05 0.42388 0.44474 0.42047 -0.00876 -0.01925 0.01567 1.84996e-01 1.47833e-03 -5.7501858523e-01 -3.8854377291e-01
248.000 -0.00000 0.00000 0.00000 -0.00000 -0.00000 0.00000 3.0234e-02 9.1313e-01 -2.9321e-02 -2.5027e-04 4.0518e-01 -3.9873e-05 0.41117 0.44466 0.43329 -0.01431 0.01430 -0.01308 1.84989e-01 1.48372e-03 -5.7501688617e-01 -3.8854389686e-01
250.000 -0.00000 0.00000 0.00000 -0.00000 -0.00000 0.00000 -3.7227e-02 9.1306e-01 -1.7324e-02 -2.5027e-04 4.0518e-01 -3.9873e-05 0.43975 0.44463 0.40475 0.01775 0.00784 0.00498 1.84983e-01 1.48929e-03 -5.7501634324e-01 -3.8854401117e-01
252.000 -0.00000 0.00000 -0.00000 -0.00000 -0.00000 0.00000 -2.7699e-03 9.1307e-01 3.8820e-02 -2.5027e-04 4.0518e-01 -3.9873e-05 0.40421 0.44456 0.44037 0.00070 -0.01875 0.00582 1.84978e-01 1.49451e-03 -5.7501692679e-01 -3.8854411762e-01
254.000 -0.00000 0.00000 0.00000 -0.00000 -0.00000 0.00000 3.5292e-02 9.1307e-01 -1.2571e-02 -2.5027e-04 4.0518e-01 -3.9873e-05 0.43447 0.44451 0.41016 -0.01728 0.00619 -0.01522 1.84976e-01 1.49882e-03 -5.7501858705e-01 -3.8854421846e-01
256.000 -0.00000 -0.00000 0.00000 -0.00000 -0.00000 0.00000 -2.5679e-02 9.1303e-01 -2.8046e-02 -2.5027e-04 4.0518e-01 -3.9873e-05 0.42058 0.44453 0.42402 0.01216 0.01353 0.01957 1.84975e-01 1.50175e-03 -5.7502126896e-01 -3.8854431620e-01
258.000 -0.00000 0.00000 0.00000 -0.00000 -0.00000 0.00000 -1.6731e-02 9.1305e-01 3.4136e-02 -2.5027e-04 4.0518e-01 -3.9873e-05 0.41294 0.44453 0.43165 0.00793 -0.01650 -0.01716 1.84978e-01 1.50289e-03 -5.7502491843e-01 -3.8854441352e-01
260.000 -0.00000 0.00000 -0.00000 -0.00000 -0.00000 0.00000 3.8153e-02 9.1311e-01 1.7656e-03 -2.5027e-04 4.0518e-01 -3.9873e-05 0.43923 0.44452 0.40534 -0.01864 -0.00120 0.00895 1.84983e-01 1.50200e-03 -5.7502948017e-01 -3.8854451315e-01
262.000 -0.00000 0.00000 -0.00000 -0.00000 -0.00000 0.00000 -1.3884e-02 9.1312e-01 -3.8056e-02 -2.5027e-04 4.0518e-01 -3.9873e-05 0.40388 0.44459 0.44058 0.00594 0.01835 0.00186 1.84991e-01 1.49898e-03 -5.7503488837e-01 -3.8854461780e-01
264.000 -0.00000 0.00000 -0.00000 -0.00000 -0.00000 0.00000 -3.2471e-02 9.1317e-01 2.7461e-02 -2.5027e-04 4.0518e-01 -3.9873e-05 0.43560 0.44465 0.40877 0.01555 -0.01273 -0.01111 1.85002e-01 1.49399e-03 -5.7504105212e-01 -3.8854472997e-01
266.000 -0.00000 -0.00000 -0.00000 -0.00000 -0.00000 0.00000 3.8494e-02 9.1327e-01 2.0989e-02 -2.5027e-04 4.0518e-01 -3.9873e-05 0.41761 0.44467 0.42668 -0.01823 -0.01050 0.01546 1.85016e-01 1.48745e-03 -5.7504783795e-01 -3.8854485189e-01
268.000 -0.00000 0.00000 -0.00000 -0.00000 -0.00000 0.00000 6.0501e-03 9.1332e-01 -4.6374e-02 -2.5027e-04 4.0518e-01 -3.9873e-05 0.41763 0.44476 0.42651 -0.00374 0.02170 -0.01379 1.85030e-01 1.48008e-03 -5.7505505315e-01 -3.8854498525e-01
270.000 -0.00000 -0.00000 0.00000 -0.00000 -0.00000 0.00000 -4.8673e-02 9.1336e-01 9.7415e-03 -2.5027e-04 4.0518e-01 -3.9873e-05 0.43195 0.44487 0.41203 0.02266 -0.00403 0.00762 1.85044e-01 1.47286e-03 -5.7506243459e-01 -3.8854513103e-01
272.000 0.00000 -0.00000 0.00000 -0.00000 -0.00000 0.00000 2.5676e-02 9.1347e-01 4.3950e-02 -2.5027e-04 4.0518e-01 -3.9873e-05 0.41161 0.44489 0.43229 -0.01183 -0.02083 -0.00031 1.85057e-01 1.46693e-03 -5.7506964865e-01 -3.8854528921e-01
274.000 -0.00000 0.00000 -0.00000 -0.00000 -0.00000 0.00000 3.3783e-02 9.1352e-01 -4.0566e-02 -2.5027e-04 4.0518e-01 -3.9873e-05 0.42837 0.44497 0.41541 -0.01632 0.01857 -0.00462 1.85067e-01 1.46337e-03 -5.7507630754e-01 -3.8854545869e-01
276.000 -0.00000 0.00000 0.00000 -0.00000 -0.00000 0.00000 -5.1152e-02 9.1350e-01 -2.0186e-02 -2.5027e-04 4.0518e-01 -3.9873e-05 0.42056 0.44507 0.42307 0.02339 0.00960 0.00527 1.85073e-01 1.46299e-03 -5.7508200509e-01 -3.8854563719e-01
278.000 -0.00000 -0.00000 -0.00000 -0.00000 -0.00000 0.00000 -3.6076e-03 9.1354e-01 5.5035e-02 -2.5027e-04 4.0518e-01 -3.9873e-05 0.41974 0.44507 0.42386 0.00152 -0.02559 -0.00226 1.85074e-01 1.46605e-03 -5.7508636964e-01 -3.8854582150e-01
280.000 -0.00000 0.00000 -0.00000 -0.00000 -0.00000 0.00000 5.2830e-02 9.1355e-01 -1.4687e-02 -2.5027e-04 4.0518e-01 -3.9873e-05 0.42336 0.44507 0.42024 -0.02478 0.00681 -0.00173 1.85071e-01 1.47221e-03 -5.7508912494e-01 -3.8854600781e-01
282.000 -0.00000 -0.00000 0.00000 -0.00000 -0.00000 0.00000 -3.1061e-02 9.1346e-01 -4.5693e-02 -2.5027e-04 4.0518e-01 -3.9873e-05 0.42398 0.44511 0.41957 0.01432 0.02106 0.00356 1.85063e-01 1.48060e-03 -5.7509014343e-01 -3.8854619225e-01
284.000 -0.00000 0.00000 0.00000 -0.00000 -0.00000 0.00000 -3.3390e-02 9.1342e-01 4.2495e-02 -2.5027e-04 4.0518e-01 -3.9873e-05 0.41524 0.44507 0.42836 0.01497 -0.02002 -0.00142 1.85053e-01 1.49009e-03 -5.7508947514e-01 -3.8854637127e-01
286.000 0.00000 -0.00000 -0.00000 -0.00000 -0.00000 0.00000 4.8806e-02 9.1341e-01 1.6735e-02 -2.5027e-04 4.0518e-01 -3.9873e-05 0.43010 0.44497 0.41364 -0.02318 -0.00740 -0.00408 1.85041e-01 1.49961e-03 -5.7508734117e-01 -3.8854654204e-01
288.000 -0.00000 0.00000 -0.00000 -0.00000 -0.00000 0.00000 -8.1532e-04 9.1331e-01 -5.0240e-02 -2.5027e-04 4.0518e-01 -3.9873e-05 0.41665 0.44493 0.42716 0.00066 0.02346 0.01019 1.85029e-01 1.50832e-03 -5.7508409297e-01 -3.8854670259e-01
290.000 -0.00000 -0.00000 0.00000 -0.00000 -0.00000 0.00000 -4.5626e-02 9.1323e-01 1.6119e-02 -2.5027e-04 4.0518e-01 -3.9873e-05 0.42009 0.44487 0.42382 0.02095 -0.00819 -0.01341 1.85018e-01 1.51572e-03 -5.7508015029e-01 -3.8854685184e-01
292.000 -0.00000 0.00000 0.00000 -0.00000 -0.00000 0.00000 2.8558e-02 9.1323e-01 3.4905e-02 -2.5027e-04 4.0518e-01 -3.9873e-05 0.43238 0.44474 0.41170 -0.01423 -0.01613 0.01132 1.85007e-01 1.52156e-03 -5.7507593615e-01 -3.8854698955e-01
294.000 -0.00000 0.00000 0.00000 -0.00000 -0.00000 0.00000 2.0844e-02 9.1318e-01 -3.7648e-02 -2.5027e-04 4.0518e-01 -3.9873e-05 0.40576 0.44467 0.43842 -0.00970 0.01812 -0.00392 1.84999e-01 1.52580e-03 -5.7507182472e-01 -3.8854711627e-01
296.000 -0.00000 -0.00000 0.00000 -0.00000 -0.00000 0.00000 -4.1271e-02 9.1311e-01 -6.1803e-03 -2.5027e-04 4.0518e-01 -3.9873e-05 0.43895 0.44464 0.40530 0.01952 0.00242 -0.00628 1.84992e-01 1.52843e-03 -5.7506810993e-01 -3.8854723321e-01
298.000 -0.00000 0.00000 0.00000 -0.00000 -0.00000 0.00000 8.5048e-03 9.1312e-01 3.8319e-02 -2.5027e-04 4.0518e-01 -3.9873e-05 0.41117 0.44455 0.43321 -0.00475 -0.01837 0.01529 1.84988e-01 1.52946e-03 -5.7506499426e-01 -3.8854734210e-01
300.000 -0.00000 0.00000 0.00000 -0.00000 -0.00000 0.00000 3.0551e-02 9.1312e-01 -2.2381e-02 -2.5027e-04 4.0518e-01 -3.9873e-05 0.42296 0.44450 0.42148 -0.01490 0.01094 -0.01940 1.84986e-01 1.52886e-03 -5.7506259237e-01 -3.8854744511e-01
302.000 -0.00000 0.00000 0.00000 -0.00000 -0.00000 0.00000 -3.2635e-02 9.1308e-01 -1.9889e-02 -2.5027e-04 4.0518e-01 -3.9873e-05 0.43247 0.44451 0.41196 0.01555 0.00953 0.01678 1.84987e-01 1.52661e-03 -5.7506094222e-01 -3.8854754468e-01
304.000 -0.00000 0.00000 0.00000 -0.00000 -0.00000 0.00000 -6.3976e-03 9.1312e-01 3.7214e-02 -2.5027e-04 4.0518e-01 -3.9873e-05 0.40442 0.44449 0.44005 0.00290 -0.01804 -0.00829 1.84990e-01 1.52271e-03 -5.7506001782e-01 -3.8854764344e-01
306.000 -0.00000 0.00000 0.00000 -0.00000 -0.00000 0.00000 3.6805e-02 9.1317e-01 -9.2270e-03 -2.5027e-04 4.0518e-01 -3.9873e-05 0.44136 0.44448 0.40311 -0.01809 0.00415 -0.00290 1.84995e-01 1.51723e-03 -5.7505973983e-01 -3.8854774408e-01
308.000 -0.00000 0.00000 0.00000 -0.00000 -0.00000 0.00000 -2.3913e-02 9.1316e-01 -3.2282e-02 -2.5027e-04 4.0518e-01 -3.9873e-05 0.40834 0.44455 0.43604 0.01086 0.01570 0.01257 1.85002e-01 1.51036e-03 -5.7505998240e-01 -3.8854784926e-01
310.000 0.00000 -0.00000 -0.00000 -0.00000 -0.00000 0.00000 -2.2829e-02 9.1321e-01 3.4986e-02 -2.5027e-04 4.0518e-01 -3.9873e-05 0.42645 0.44460 0.41788 0.01105 -0.01648 -0.01725 1.85010e-01 1.50245e-03 -5.7506057678e-01 -3.8854796145e-01
312.000 0.00000 -0.00000 0.00000 -0.00000 -0.00000 0.00000 4.2238e-02 9.1329e-01 8.5420e-03 -2.5027e-04 4.0518e-01 -3.9873e-05 0.42780 0.44463 0.41647 -0.02020 -0.00466 0.01557 1.85019e-01 1.49399e-03 -5.7506131372e-01 -3.8854808278e-01
314.000 0.00000 0.00000 0.00000 -0.00000 -0.00000 0.00000 -7.7403e-03 9.1330e-01 -4.5495e-02 -2.5027e-04 4.0518e-01 -3.9873e-05 0.40989 0.44474 0.43424 0.00276 0.02151 -0.00881 1.85028e-01 1.48561e-03 -5.7506194808e-01 -3.8854821485e-01
316.000 -0.00000 0.00000 0.00000 -0.00000 -0.00000 0.00000 -4.2883e-02 9.1332e-01 2.3183e-02 -2.5027e-04 4.0518e-01 -3.9873e-05 0.43518 0.44484 0.40883 0.02015 -0.01041 0.00029 1.85036e-01 1.47795e-03 -5.7506221002e-01 -3.8854835853e-01
318.000 -0.00000 0.00000 0.00000 -0.00000 -0.00000 0.00000 3.7054e-02 9.1340e-01 3.3579e-02 -2.5027e-04 4.0518e-01 -3.9873e-05 0.41279 0.44489 0.43115 -0.01725 -0.01615 0.00622 1.85042e-01 1.47159e-03 -5.7506182676e-01 -3.8854851381e-01
320.000 0.00000 0.00000 0.00000 -0.00000 -0.00000 0.00000 1.9760e-02 9.1340e-01 -4.8369e-02 -2.5027e-04 4.0518e-01 -3.9873e-05 0.42482 0.44499 0.41900 -0.00990 0.02232 -0.00828 1.85045e-01 1.46688e-03 -5.7506055669e-01 -3.8854867970e-01
322.000 -0.00000 -0.00000 0.00000 -0.00000 -0.00000 0.00000 -5.4281e-02 9.1336e-01 -3.9380e-03 -2.5027e-04 4.0518e-01 -3.9873e-05 0.42401 0.44511 0.41969 0.02495 0.00212 0.00589 1.85045e-01 1.46389e-03 -5.7505823266e-01 -3.8854885428e-01
324.000 0.00000 0.00000 0.00000 -0.00000 -0.00000 0.00000 1.3121e-02 9.1340e-01 5.2970e-02 -2.5027e-04 4.0518e-01 -3.9873e-05 0.41827 0.44512 0.42543 -0.00620 -0.02470 -0.00139 1.85043e-01 1.46240e-03 -5.7505480457e-01 -3.8854903490e-01
326.000 0.00000 0.00000 -0.00000 -0.00000 -0.00000 0.00000 4.5714e-02 9.1339e-01 -3.0070e-02 -2.5027e-04 4.0518e-01 -3.9873e-05 0.42303 0.44514 0.42066 -0.02151 0.01390 -0.00195 1.85039e-01 1.46203e-03 -5.7505036713e-01 -3.8854921843e-01
328.000 0.00000 0.00000 0.00000 -0.00000 -0.00000 0.00000 -4.3445e-02 9.1331e-01 -3.4313e-02 -2.5027e-04 4.0518e-01 -3.9873e-05 0.42472 0.44519 0.41895 0.02000 0.01578 0.00178 1.85033e-01 1.46245e-03 -5.7504515949e-01 -3.8854940155e-01
330.000 0.00000 0.00000 -0.00000 -0.00000 -0.00000 0.00000 -1.9069e-02 9.1330e-01 5.0627e-02 -2.5027e-04 4.0518e-01 -3.9873e-05 0.41646 0.44513 0.42730 0.00831 -0.02369 0.00201 1.85026e-01 1.46345e-03 -5.7503953267e-01 -3.8854958106e-01
332.000 0.00000 0.00000 0.00000 -0.00000 -0.00000 0.00000 5.1997e-02 9.1330e-01 1.1354e-03 -2.5027e-04 4.0518e-01 -3.9873e-05 0.42598 0.44504 0.41791 -0.02452 -0.00015 -0.00720 1.85019e-01 1.46504e-03 -5.7503389233e-01 -3.8854975412e-01
334.000 -0.00000 0.00000 -0.00000 -0.00000 -0.00000 0.00000 -1.5924e-02 9.1321e-01 -4.8440e-02 -2.5027e-04 4.0518e-01 -3.9873e-05 0.42343 0.44501 0.42053 0.00767 0.02245 0.01049 1.85011e-01 1.46737e-03 -5.7502863448e-01 -3.8854991840e-01
336.000 0.00000 -0.00000 -0.00000 -0.00000 -0.00000 0.00000 -3.9400e-02 9.1317e-01 2.9098e-02 -2.5027e-04 4.0518e-01 -3.9873e-05 0.41328 0.44493 0.43081 0.01785 -0.01417 -0.00925 1.85003e-01 1.47061e-03 -5.7502409215e-01 -3.8855007227e-01
338.000 0.00000 -0.00000 0.00000 -0.00000 -0.00000 0.00000 3.8101e-02 9.1318e-01 2.5335e-02 -2.5027e-04 4.0518e-01 -3.9873e-05 0.43644 0.44480 0.40782 -0.01857 -0.01148 0.00302 1.84995e-01 1.47481e-03 -5.7502050512e-01 -3.8855021488e-01
340.000 0.00000 0.00000 0.00000 -0.00000 -0.00000 0.00000 9.3634e-03 9.1311e-01 -4.2922e-02 -2.5027e-04 4.0518e-01 -3.9873e-05 0.40720 0.44474 0.43715 -0.00416 0.02044 0.00615 1.84988e-01 1.47982e-03 -5.7501801476e-01 -3.8855034620e-01
342.000 0.00000 -0.00000 0.00000 -0.00000 -0.00000 0.00000 -4.1992e-02 9.1305e-01 5.6101e-03 -2.5027e-04 4.0518e-01 -3.9873e-05 0.43190 0.44469 0.41253 0.01968 -0.00325 -0.01456 1.84981e-01 1.48533e-03 -5.7501667819e-01 -3.8855046696e-01
344.000 0.00000 -0.00000 0.00000 -0.00000 -0.00000 0.00000 1.9033e-02 9.1306e-01 3.4760e-02 -2.5027e-04 4.0518e-01 -3.9873e-05 0.42232 0.44459 0.42223 -0.00978 -0.01650 0.01849 1.84975e-01 1.49084e-03 -5.7501649236e-01 -3.8855057859e-01
346.000 0.00000 -0.00000 0.00000 -0.00000 -0.00000 0.00000 2.3487e-02 9.1304e-01 -3.0279e-02 -2.5027e-04 4.0518e-01 -3.9873e-05 0.41165 0.44455 0.43294 -0.01139 0.01472 -0.01594 1.84971e-01 1.49583e-03 -5.7501741935e-01 -3.8855068303e-01
348.000 -0.00000 -0.00000 -0.00000 -0.00000 -0.00000 0.00000 -3.6884e-02 9.1299e-01 -1.0493e-02 -2.5027e-04 4.0518e-01 -3.9873e-05 0.44033 0.44456 0.40425 0.01760 0.00491 0.00752 1.84969e-01 1.49976e-03 -5.7501940654e-01 -3.8855078262e-01
350.000 -0.00000 -0.00000 -0.00000 -0.00000 -0.00000 0.00000 3.8889e-03 9.1303e-01 3.7246e-02 -2.5027e-04 4.0518e-01 -3.9873e-05 0.40301 0.44452 0.44160 -0.00214 -0.01807 0.00374 1.84969e-01 1.50217e-03 -5.7502239891e-01 -3.8855087995e-01
352.000 -0.00000 0.00000 0.00000 -0.00000 -0.00000 0.00000 3.2565e-02 9.1306e-01 -1.8860e-02 -2.5027e-04 4.0518e-01 -3.9873e-05 0.43617 0.44452 0.40841 -0.01611 0.00888 -0.01364 1.84973e-01 1.50269e-03 -5.7502634245e-01 -3.8855097771e-01
354.000 0.00000 0.00000 -0.00000 -0.00000 -0.00000 0.00000 -3.1412e-02 9.1305e-01 -2.4234e-02 -2.5027e-04 4.0518e-01 -3.9873e-05 0.41834 0.44459 0.42616 0.01461 0.01190 0.01853 1.84979e-01 1.50112e-03 -5.7503117972e-01 -3.8855107864e-01
356.000 0.00000 0.00000 -0.00000 -0.00000 -0.00000 0.00000 -1.1914e-02 9.1311e-01 3.9101e-02 -2.5027e-04 4.0518e-01 -3.9873e-05 0.41547 0.44461 0.42896 0.00587 -0.01863 -0.01684 1.84988e-01 1.49746e-03 -5.7503683855e-01 -3.8855118540e-01
358.000 -0.00000 0.00000 -0.00000 -0.00000 -0.00000 0.00000 4.2099e-02 9.1320e-01 -3.9154e-03 -2.5027e-04 4.0518e-01 -3.9873e-05 0.43626 0.44464 0.40810 -0.02034 0.00126 0.00961 1.85000e-01 1.49193e-03 -5.7504321630e-01 -3.8855130042e-01
360.000 0.00000 0.00000 -0.00000 -0.00000 -0.00000 0.00000 -2.0175e-02 9.1322e-01 -4.0730e-02 -2.5027e-04 4.0518e-01 -3.9873e-05 0.40648 0.44474 0.43772 0.00870 0.01948 -0.00009 1.85014e-01 1.48504e-03 -5.7505016221e-01 -3.8855142579e-01
362.000 0.00000 -0.00000 0.00000 -0.00000 -0.00000 0.00000 -3.3682e-02 9.1329e-01 3.3969e-02 -2.5027e-04 4.0518e-01 -3.9873e-05 0.43352 0.44482 0.41054 0.01600 -0.01560 -0.00778 1.85028e-01 1.47760e-03 -5.7505746189e-01 -3.8855156299e-01
364.000 0.00000 0.00000 0.00000 -0.00000 -0.00000 0.00000 4.4703e-02 9.1341e-01 2.0698e-02 -2.5027e-04 4.0518e-01 -3.9873e-05 0.41776 0.44485 0.42622 -0.02097 -0.01024 0.01110 1.85042e-01 1.47067e-03 -5.7506482907e-01 -3.8855171270e-01
366.000 -0.00000 0.00000 0.00000 -0.00000 -0.00000 0.00000 4.4506e-03 9.1344e-01 -5.1728e-02 -2.5027e-04 4.0518e-01 -3.9873e-05 0.41943 0.44495 0.42440 -0.00284 0.02404 -0.00929 1.85055e-01 1.46539e-03 -5.7507191022e-01 -3.8855187459e-01
368.000 0.00000 0.00000 0.00000 -0.00000 -0.00000 0.00000 -5.2700e-02 9.1345e-01 1.2196e-02 -2.5027e-04 4.0518e-01 -3.9873e-05 0.42754 0.44505 0.41614 0.02433 -0.00535 0.00429 1.85063e-01 1.46278e-03 -5.7507830691e-01 -3.8855204716e-01
370.000 -0.00000 -0.00000 0.00000 -0.00000 -0.00000 0.00000 2.8326e-02 9.1353e-01 4.6403e-02 -2.5027e-04 4.0518e-01 -3.9873e-05 0.41724 0.44505 0.42640 -0.01324 -0.02172 0.00058 1.85068e-01 1.46350e-03 -5.7508361762e-01 -3.8855222782e-01
372.000 -0.00000 0.00000 0.00000 -0.00000 -0.00000 0.00000 3.4745e-02 9.1352e-01 -4.2672e-02 -2.5027e-04 4.0518e-01 -3.9873e-05 0.42254 0.44508 0.42105 -0.01646 0.01972 -0.00241 1.85067e-01 1.46761e-03 -5.7508749450e-01 -3.8855241312e-01
374.000 0.00000 -0.00000 -0.00000 -0.00000 -0.00000 0.00000 -5.2077e-02 9.1345e-01 -2.0085e-02 -2.5027e-04 4.0518e-01 -3.9873e-05 0.42446 0.44514 0.41906 0.02393 0.00919 0.00034 1.85063e-01 1.47458e-03 -5.7508970372e-01 -3.8855259917e-01
376.000 -0.00000 -0.00000 0.00000 -0.00000 -0.00000 0.00000 -3.1378e-03 9.1344e-01 5.4416e-02 -2.5027e-04 4.0518e-01 -3.9873e-05 0.41880 0.44509 0.42478 0.00093 -0.02534 0.00400 1.85054e-01 1.48345e-03 -5.7509017267e-01 -3.8855278216e-01
378.000 -0.00000 -0.00000 0.00000 -0.00000 -0.00000 0.00000 5.0682e-02 9.1341e-01 -1.4740e-02 -2.5027e-04 4.0518e-01 -3.9873e-05 0.42110 0.44502 0.42256 -0.02376 0.00719 -0.00747 1.85043e-01 1.49306e-03 -5.7508900830e-01 -3.8855295875e-01
380.000 -0.00000 0.00000 0.00000 -0.00000 -0.00000 0.00000 -3.0019e-02 9.1330e-01 -4.2395e-02 -2.5027e-04 4.0518e-01 -3.9873e-05 0.42868 0.44501 0.41503 0.01415 0.01946 0.00720 1.85031e-01 1.50240e-03 -5.7508647893e-01 -3.8855312637e-01
382.000 -0.00000 -0.00000 0.00000 -0.00000 -0.00000 0.00000 -2.9580e-02 9.1325e-01 3.9946e-02 -2.5027e-04 4.0518e-01 -3.9873e-05 0.40995 0.44493 0.43387 0.01310 -0.01909 -0.00225 1.85019e-01 1.51072e-03 -5.7508296492e-01 -3.8855328334e-01
384.000 0.00000 0.00000 -0.00000 -0.00000 -0.00000 0.00000 4.4677e-02 9.1324e-01 1.3131e-02 -2.5027e-04 4.0518e-01 -3.9873e-05 0.43490 0.44481 0.40909 -0.02147 -0.00564 -0.00578 1.85008e-01 1.51764e-03 -5.7507889369e-01 -3.8855342884e-01
386.000 -0.00000 0.00000 0.00000 -0.00000 -0.00000 0.00000 -3.5841e-03 9.1316e-01 -4.4764e-02 -2.5027e-04 4.0518e-01 -3.9873e-05 0.41378 0.44476 0.43029 0.00201 0.02110 0.01348 1.84998e-01 1.52297e-03 -5.7507467738e-01 -3.8855356291e-01
388.000 0.00000 0.00000 -0.00000 -0.00000 -0.00000 0.00000 -3.9234e-02 9.1310e-01 1.7627e-02 -2.5027e-04 4.0518e-01 -3.9873e-05 0.42130 0.44469 0.42288 0.01816 -0.00895 -0.01718 1.84990e-01 1.52669e-03 -5.7507066695e-01 -3.8855368632e-01
390.000 0.00000 0.00000 0.00000 -0.00000 -0.00000 0.00000 2.8616e-02 9.1312e-01 2.8097e-02 -2.5027e-04 4.0518e-01 -3.9873e-05 0.43302 0.44459 0.41130 -0.01430 -0.01316 0.01471 1.84985e-01 1.52880e-03 -5.7506712750e-01 -3.8855380046e-01
392.000 0.00000 -0.00000 0.00000 -0.00000 -0.00000 0.00000 1.4072e-02 9.1308e-01 -3.6267e-02 -2.5027e-04 4.0518e-01 -3.9873e-05 0.40428 0.44455 0.44010 -0.00676 0.01754 -0.00648 1.84981e-01 1.52931e-03 -5.7506423263e-01 -3.8855390721e-01
394.000 0.00000 0.00000 0.00000 -0.00000 -0.00000 0.00000 -3.8585e-02 9.1305e-01 2.0590e-04 -2.5027e-04 4.0518e-01 -3.9873e-05 0.44115 0.44454 0.40326 0.01837 -0.00033 -0.00465 1.84980e-01 1.52818e-03 -5.7506207108e-01 -3.8855400884e-01
396.000 0.00000 -0.00000 0.00000 -0.00000 -0.00000 0.00000 1.4268e-02 9.1309e-01 3.4509e-02 -2.5027e-04 4.0518e-01 -3.9873e-05 0.40889 0.44449 0.43557 -0.00721 -0.01673 0.01449 1.84981e-01 1.52540e-03 -5.7506065903e-01 -3.8855410786e-01
398.000 -0.00000 -0.00000 0.00000 -0.00000 -0.00000 0.00000 2.5789e-02 9.1311e-01 -2.7360e-02 -2.5027e-04 4.0518e-01 -3.9873e-05 0.42533 0.44449 0.41913 -0.01287 0.01306 -0.01933 1.84985e-01 1.52097e-03 -5.7505995235e-01 -3.8855420695e-01
400.000 -0.00000 0.00000 -0.00000 -0.00000 -0.00000 0.00000 -3.6695e-02 9.1310e-01 -1.4325e-02 -2.5027e-04 4.0518e-01 -3.9873e-05 0.43014 0.44455 0.41426 0.01729 0.00716 0.01742 1.84991e-01 1.51501e-03 -5.7505985612e-01 -3.8855430878e-01
