# t x y z vx vy vz omx omy omz llx lly llz Ixx Iyy Izz Ixy Iyz Ixz KErot PEspr PEgrav Etot
0.000 0.00000 0.00000 0.00000 0.00000 -0.00000 -0.00000 3.1897e-02 9.2053e-01 -4.0072e-02 -2.4819e-04 4.0654e-01 -4.1597e-06 0.42804 0.44298 0.42995 -0.01518 0.01878 -0.00191 1.87112e-01 8.37887e-29 -5.7206603319e-01 -3.8495365786e-01
2.000 -0.00000 0.00000 -0.00000 -0.00000 -0.00000 -0.00000 -4.8603e-02 9.1996e-01 -1.7437e-02 -2.4819e-04 4.0654e-01 -4.1597e-06 0.43210 0.44325 0.42508 0.02255 0.00802 -0.00066 1.87007e-01 1.14761e-04 -5.7218912385e-01 -3.8506755942e-01
4.004 -0.00000 -0.00000 0.00000 0.00000 -0.00000 0.00000 -1.0454e-03 9.1999e-01 5.0238e-02 -2.4819e-04 4.0654e-01 -4.1597e-06 0.42577 0.44318 0.43148 -0.00005 -0.02356 0.00482 1.87007e-01 1.14359e-04 -5.7218917623e-01 -3.8506761202e-01
6.004 0.00000 -0.00000 -0.00000 0.00000 -0.00000 0.00000 4.5809e-02 9.2002e-01 -1.5777e-02 -2.4819e-04 4.0654e-01 -4.1597e-06 0.42736 0.44309 0.42998 -0.02168 0.00774 -0.00751 1.87007e-01 1.14253e-04 -5.7218900142e-01 -3.8506763456e-01
8.004 -0.00000 0.00000 -0.00000 0.00000 -0.00000 0.00000 -2.9952e-02 9.1997e-01 -3.7160e-02 -2.4819e-04 4.0654e-01 -4.1597e-06 0.43577 0.44306 0.42161 0.01418 0.01723 0.00638 1.87007e-01 1.14117e-04 -5.7218884414e-01 -3.8506765604e-01
10.000 -0.00000 -0.00000 0.00000 0.00000 -0.00000 0.00000 -2.4681e-02 9.1998e-01 3.8608e-02 -2.4819e-04 4.0654e-01 -4.1597e-06 0.41749 0.44297 0.43997 0.01098 -0.01850 -0.00112 1.87007e-01 1.13993e-04 -5.7218871488e-01 -3.8506767629e-01
12.000 -0.00000 0.00000 0.00000 0.00000 -0.00000 0.00000 4.2099e-02 9.2002e-01 8.8367e-03 -2.4819e-04 4.0654e-01 -4.1597e-06 0.43989 0.44285 0.41770 -0.02034 -0.00372 -0.00647 1.87007e-01 1.13925e-04 -5.7218861840e-01 -3.8506769527e-01
14.000 0.00000 0.00000 -0.00000 0.00000 -0.00000 0.00000 -7.0828e-03 9.1999e-01 -4.1101e-02 -2.4819e-04 4.0654e-01 -4.1597e-06 0.42304 0.44280 0.43460 0.00356 0.01951 0.01290 1.87007e-01 1.13939e-04 -5.7218855649e-01 -3.8506771293e-01
16.000 0.00000 0.00000 0.00000 0.00000 -0.00000 0.00000 -3.4908e-02 9.1997e-01 2.0029e-02 -2.4819e-04 4.0654e-01 -4.1597e-06 0.42587 0.44274 0.43184 0.01621 -0.00997 -0.01494 1.87007e-01 1.14041e-04 -5.7218852744e-01 -3.8506772933e-01
18.000 0.00000 -0.00000 -0.00000 0.00000 -0.00000 0.00000 2.9522e-02 9.2001e-01 2.3469e-02 -2.4819e-04 4.0654e-01 -4.1597e-06 0.44057 0.44264 0.41723 -0.01469 -0.01100 0.01109 1.87007e-01 1.14220e-04 -5.7218852706e-01 -3.8506774461e-01
20.004 0.00000 -0.00000 0.00000 0.00000 -0.00000 0.00000 9.2858e-03 9.2000e-01 -3.5569e-02 -2.4819e-04 4.0654e-01 -4.1597e-06 0.41239 0.44261 0.44545 -0.00452 0.01724 -0.00234 1.87006e-01 1.14451e-04 -5.7218854948e-01 -3.8506775899e-01
22.004 -0.00000 -0.00000 0.00000 0.00000 -0.00000 0.00000 -3.6344e-02 9.1997e-01 4.5033e-03 -2.4819e-04 4.0654e-01 -4.1597e-06 0.44413 0.44260 0.41371 0.01731 -0.00234 -0.00775 1.87006e-01 1.14698e-04 -5.7218858754e-01 -3.8506777266e-01
24.004 0.00000 0.00000 0.00000 0.00000 -0.00000 0.00000 1.7351e-02 9.2000e-01 3.0898e-02 -2.4819e-04 4.0654e-01 -4.1597e-06 0.42086 0.44256 0.43703 -0.00872 -0.01497 0.01522 1.87006e-01 1.14925e-04 -5.7218863360e-01 -3.8506778592e-01
26.004 -0.00000 0.00000 -0.00000 0.00000 -0.00000 -0.00000 2.1021e-02 9.2000e-01 -2.8691e-02 -2.4819e-04 4.0654e-01 -4.1597e-06 0.42686 0.44256 0.43102 -0.01055 0.01383 -0.01704 1.87006e-01 1.15097e-04 -5.7218867969e-01 -3.8506779907e-01
28.004 -0.00000 0.00000 -0.00000 0.00000 -0.00000 -0.00000 -3.6013e-02 9.1996e-01 -8.9750e-03 -2.4819e-04 4.0654e-01 -4.1597e-06 0.44017 0.44262 0.41765 0.01708 0.00456 0.01252 1.87006e-01 1.15180e-04 -5.7218871786e-01 -3.8506781239e-01
30.004 -0.00000 -0.00000 0.00000 0.00000 -0.00000 -0.00000 4.8299e-03 9.1999e-01 3.7296e-02 -2.4819e-04 4.0654e-01 -4.1597e-06 0.41301 0.44264 0.44480 -0.00229 -0.01802 -0.00365 1.87006e-01 1.15147e-04 -5.7218874036e-01 -3.8506782620e-01
32.004 0.00000 0.00000 0.00000 0.00000 -0.00000 0.00000 3.3322e-02 9.2001e-01 -1.9706e-02 -2.4819e-04 4.0654e-01 -4.1597e-06 0.44328 0.44268 0.41448 -0.01645 0.00909 -0.00588 1.87006e-01 1.14980e-04 -5.7218873999e-01 -3.8506784077e-01
34.004 -0.00000 0.00000 -0.00000 0.00000 -0.00000 0.00000 -3.2663e-02 9.1997e-01 -2.5462e-02 -2.4819e-04 4.0654e-01 -4.1597e-06 0.42101 0.44279 0.43665 0.01502 0.01252 0.01225 1.87006e-01 1.14674e-04 -5.7218871054e-01 -3.8506785637e-01
36.004 -0.00000 -0.00000 -0.00000 0.00000 -0.00000 0.00000 -1.3471e-02 9.1998e-01 4.0906e-02 -2.4819e-04 4.0654e-01 -4.1597e-06 0.42809 0.44285 0.42949 0.00659 -0.01930 -0.01326 1.87007e-01 1.14238e-04 -5.7218864739e-01 -3.8506787320e-01
38.000 0.00000 -0.00000 -0.00000 0.00000 -0.00000 0.00000 4.4266e-02 9.2002e-01 -2.1127e-03 -2.4819e-04 4.0654e-01 -4.1597e-06 0.43613 0.44290 0.42140 -0.02123 0.00052 0.00926 1.87007e-01 1.13703e-04 -5.7218854849e-01 -3.8506789138e-01
40.000 -0.00000 -0.00000 0.00000 0.00000 -0.00000 -0.00000 -1.8604e-02 9.1998e-01 -4.3164e-02 -2.4819e-04 4.0654e-01 -4.1597e-06 0.41891 0.44303 0.43850 0.00808 0.02052 -0.00266 1.87007e-01 1.13112e-04 -5.7218841420e-01 -3.8506791106e-01
42.000 -0.00000 0.00000 0.00000 0.00000 -0.00000 -0.00000 -3.6387e-02 9.1996e-01 3.2644e-02 -2.4819e-04 4.0654e-01 -4.1597e-06 0.43630 0.44312 0.42103 0.01710 -0.01507 -0.00313 1.87005e-01 1.12459e-04 -5.7218575504e-01 -3.8506796458e-01
44.000 0.00000 -0.00000 0.00000 0.00000 -0.00000 -0.00000 4.3364e-02 9.2001e-01 2.3599e-02 -2.4819e-04 4.0654e-01 -4.1597e-06 0.42571 0.44314 0.43160 -0.02048 -0.01134 0.00552 1.87006e-01 1.11902e-04 -5.7218557399e-01 -3.8506797550e-01
46.000 0.00000 -0.00000 -0.00000 0.00000 -0.00000 -0.00000 7.4389e-03 9.1999e-01 -5.0242e-02 -2.4819e-04 4.0654e-01 -4.1597e-06 0.42742 0.44321 0.42982 -0.00395 0.02350 -0.00406 1.87006e-01 1.11536e-04 -5.7218537486e-01 -3.8506798727e-01
48.000 -0.00000 0.00000 -0.00000 0.00000 -0.00000 -0.00000 -5.1177e-02 9.1996e-01 8.9553e-03 -2.4819e-04 4.0654e-01 -4.1597e-06 0.43100 0.44327 0.42618 0.02370 -0.00413 0.00049 1.87006e-01 1.11349e-04 -5.7218517969e-01 -3.8506799935e-01
50.000 0.00000 -0.00000 0.00000 0.00000 -0.00000 -0.00000 2.4453e-02 9.2000e-01 4.4941e-02 -2.4819e-04 4.0654e-01 -4.1597e-06 0.42832 0.44323 0.42890 -0.01177 -0.02102 0.00228 1.87006e-01 1.11358e-04 -5.7218500283e-01 -3.8506801154e-01
52.000 0.00000 -0.00000 0.00000 0.00000 -0.00000 -0.00000 3.3432e-02 9.2000e-01 -3.8001e-02 -2.4819e-04 4.0654e-01 -4.1597e-06 0.42526 0.44320 0.43199 -0.01581 0.01791 -0.00199 1.87005e-01 1.11546e-04 -5.7218485828e-01 -3.8506802361e-01
54.000 -0.00000 -0.00000 0.00000 0.00000 -0.00000 -0.00000 -4.6755e-02 9.1995e-01 -1.9272e-02 -2.4819e-04 4.0654e-01 -4.1597e-06 0.43432 0.44320 0.42292 0.02177 0.00877 -0.00163 1.87005e-01 1.11874e-04 -5.7218475712e-01 -3.8506803537e-01
56.000 -0.00000 0.00000 0.00000 0.00000 -0.00000 -0.00000 -3.3444e-03 9.1998e-01 4.8622e-02 -2.4819e-04 4.0654e-01 -4.1597e-06 0.42421 0.44311 0.43313 0.00092 -0.02287 0.00661 1.87004e-01 1.12288e-04 -5.7218470654e-01 -3.8506804665e-01
58.000 0.00000 -0.00000 -0.00000 0.00000 -0.00000 -0.00000 4.4591e-02 9.2001e-01 -1.3246e-02 -2.4819e-04 4.0654e-01 -4.1597e-06 0.42812 0.44301 0.42933 -0.02116 0.00665 -0.00984 1.87004e-01 1.12735e-04 -5.7218470942e-01 -3.8506805731e-01
60.000 0.00000 0.00000 0.00000 0.00000 -0.00000 -0.00000 -2.7297e-02 9.1996e-01 -3.6429e-02 -2.4819e-04 4.0654e-01 -4.1597e-06 0.43620 0.44297 0.42129 0.01302 0.01694 0.00883 1.87004e-01 1.13170e-04 -5.7218476458e-01 -3.8506806730e-01
62.000 0.00000 0.00000 0.00000 0.00000 -0.00000 -0.00000 -2.4328e-02 9.1996e-01 3.6074e-02 -2.4819e-04 4.0654e-01 -4.1597e-06 0.41609 0.44288 0.44149 0.01086 -0.01740 -0.00314 1.87003e-01 1.13561e-04 -5.7218486768e-01 -3.8506807658e-01
64.000 0.00000 0.00000 0.00000 0.00000 -0.00000 -0.00000 3.9709e-02 9.2000e-01 8.9581e-03 -2.4819e-04 4.0654e-01 -4.1597e-06 0.44220 0.44276 0.41549 -0.01930 -0.00382 -0.00529 1.87003e-01 1.13890e-04 -5.7218501222e-01 -3.8506808519e-01
66.000 -0.00000 0.00000 0.00000 0.00000 -0.00000 0.00000 -6.5832e-03 9.1997e-01 -3.8996e-02 -2.4819e-04 4.0654e-01 -4.1597e-06 0.42047 0.44272 0.43727 0.00329 0.01862 0.01289 1.87003e-01 1.14147e-04 -5.7218519064e-01 -3.8506809318e-01
68.000 -0.00000 -0.00000 -0.00000 0.00000 -0.00000 0.00000 -3.3169e-02 9.1995e-01 1.9306e-02 -2.4819e-04 4.0654e-01 -4.1597e-06 0.42828 0.44267 0.42950 0.01551 -0.00960 -0.01619 1.87003e-01 1.14328e-04 -5.7218539511e-01 -3.8506810065e-01
70.000 -0.00000 0.00000 0.00000 0.00000 -0.00000 0.00000 2.8749e-02 9.1999e-01 2.2090e-02 -2.4819e-04 4.0654e-01 -4.1597e-06 0.43908 0.44259 0.41878 -0.01431 -0.01048 0.01337 1.87003e-01 1.14432e-04 -5.7218561811e-01 -3.8506810770e-01
72.000 -0.00000 -0.00000 0.00000 0.00000 -0.00000 0.00000 8.3175e-03 9.1998e-01 -3.4855e-02 -2.4819e-04 4.0654e-01 -4.1597e-06 0.41264 0.44258 0.44523 -0.00420 0.01691 -0.00524 1.87003e-01 1.14458e-04 -5.7218585262e-01 -3.8506811446e-01
74.000 -0.00000 0.00000 0.00000 0.00000 -0.00000 0.00000 -3.5862e-02 9.1995e-01 5.3484e-03 -2.4819e-04 4.0654e-01 -4.1597e-06 0.44538 0.44260 0.41248 0.01712 -0.00260 -0.00509 1.87004e-01 1.14410e-04 -5.7218609217e-01 -3.8506812109e-01
76.000 -0.00000 0.00000 0.00000 0.00000 -0.00000 0.00000 1.8259e-02 9.1999e-01 3.0638e-02 -2.4819e-04 4.0654e-01 -4.1597e-06 0.41845 0.44257 0.43943 -0.00903 -0.01491 0.01353 1.87004e-01 1.14293e-04 -5.7218633062e-01 -3.8506812773e-01
78.004 0.00000 0.00000 0.00000 0.00000 -0.00000 0.00000 2.0766e-02 9.1999e-01 -2.9904e-02 -2.4819e-04 4.0654e-01 -4.1597e-06 0.42963 0.44260 0.42822 -0.01051 0.01429 -0.01676 1.87004e-01 1.14116e-04 -5.7218656237e-01 -3.8506813453e-01
80.004 -0.00000 -0.00000 -0.00000 0.00000 -0.00000 0.00000 -3.7484e-02 9.1996e-01 -8.6480e-03 -2.4819e-04 4.0654e-01 -4.1597e-06 0.43762 0.44267 0.42015 0.01769 0.00450 0.01363 1.87005e-01 1.13898e-04 -5.7218678030e-01 -3.8506814163e-01
82.004 -0.00000 -0.00000 -0.00000 0.00000 -0.00000 0.00000 5.3975e-03 9.1999e-01 3.9013e-02 -2.4819e-04 4.0654e-01 -4.1597e-06 0.41462 0.44271 0.44312 -0.00246 -0.01876 -0.00579 1.87005e-01 1.13663e-04 -5.7218697833e-01 -3.8506814918e-01
84.004 -0.00000 -0.00000 -0.00000 0.00000 -0.00000 0.00000 3.5190e-02 9.2001e-01 -2.0656e-02 -2.4819e-04 4.0654e-01 -4.1597e-06 0.44281 0.44276 0.41487 -0.01728 0.00944 -0.00327 1.87006e-01 1.13446e-04 -5.7218714958e-01 -3.8506815728e-01
86.004 0.00000 0.00000 -0.00000 0.00000 -0.00000 0.00000 -3.4075e-02 9.1997e-01 -2.7328e-02 -2.4819e-04 4.0654e-01 -4.1597e-06 0.42016 0.44288 0.43740 0.01558 0.01335 0.00981 1.87006e-01 1.13280e-04 -5.7218728705e-01 -3.8506816604e-01
88.004 -0.00000 -0.00000 -0.00000 0.00000 -0.00000 -0.00000 -1.5166e-02 9.1998e-01 4.2775e-02 -2.4819e-04 4.0654e-01 -4.1597e-06 0.42981 0.44296 0.42768 0.00735 -0.02008 -0.01148 1.87006e-01 1.13200e-04 -5.7218738405e-01 -3.8506817549e-01
90.004 0.00000 0.00000 -0.00000 0.00000 -0.00000 -0.00000 4.6510e-02 9.2002e-01 -9.0471e-04 -2.4819e-04 4.0654e-01 -4.1597e-06 0.43383 0.44301 0.42361 -0.02219 -0.00001 0.00840 1.87006e-01 1.13225e-04 -5.7218743500e-01 -3.8506818565e-01
92.004 -0.00000 0.00000 0.00000 0.00000 -0.00000 -0.00000 -1.7787e-02 9.1998e-01 -4.5598e-02 -2.4819e-04 4.0654e-01 -4.1597e-06 0.42125 0.44312 0.43607 0.00773 0.02155 -0.00286 1.87006e-01 1.13357e-04 -5.7218743637e-01 -3.8506819645e-01
94.004 -0.00000 -0.00000 0.00000 0.00000 -0.00000 -0.00000 -3.8882e-02 9.1996e-01 3.2212e-02 -2.4819e-04 4.0654e-01 -4.1597e-06 0.43420 0.44320 0.42305 0.01815 -0.01490 -0.00192 1.87006e-01 1.13570e-04 -5.7218738757e-01 -3.8506820779e-01
96.004 -0.00000 -0.00000 0.00000 0.00000 -0.00000 -0.00000 4.3258e-02 9.2001e-01 2.6066e-02 -2.4819e-04 4.0654e-01 -4.1597e-06 0.42702 0.44320 0.43022 -0.02045 -0.01236 0.00354 1.87005e-01 1.13818e-04 -5.7218729177e-01 -3.8506821953e-01
98.004 0.00000 -0.00000 -0.00000 0.00000 -0.00000 -0.00000 9.8439e-03 9.1999e-01 -5.0392e-02 -2.4819e-04 4.0654e-01 -4.1597e-06 0.42704 0.44324 0.43016 -0.00493 0.02357 -0.00168 1.87005e-01 1.14045e-04 -5.7218715612e-01 -3.8506823149e-01
100.004 -0.00000 -0.00000 0.00000 0.00000 -0.00000 0.00000 -5.1535e-02 9.1995e-01 6.6003e-03 -2.4819e-04 4.0654e-01 -4.1597e-06 0.43028 0.44327 0.42689 0.02385 -0.00317 -0.00181 1.87005e-01 1.14199e-04 -5.7218699135e-01 -3.8506824349e-01
102.004 -0.00000 -0.00000 -0.00000 0.00000 -0.00000 -0.00000 2.2122e-02 9.1999e-01 4.5510e-02 -2.4819e-04 4.0654e-01 -4.1597e-06 0.42996 0.44320 0.42727 -0.01081 -0.02124 0.00405 1.87004e-01 1.14252e-04 -5.7218681073e-01 -3.8506825536e-01
104.004 0.00000 0.00000 -0.00000 0.00000 -0.00000 0.00000 3.4256e-02 9.2000e-01 -3.5692e-02 -2.4819e-04 4.0654e-01 -4.1597e-06 0.42305 0.44315 0.43424 -0.01613 0.01695 -0.00286 1.87004e-01 1.14205e-04 -5.7218662840e-01 -3.8506826694e-01
106.004 -0.00000 -0.00000 -0.00000 0.00000 -0.00000 0.00000 -4.4518e-02 9.1995e-01 -2.0408e-02 -2.4819e-04 4.0654e-01 -4.1597e-06 0.43675 0.44313 0.42057 0.02082 0.00924 -0.00181 1.87004e-01 1.14089e-04 -5.7218645771e-01 -3.8506827808e-01
108.004 0.00000 -0.00000 0.00000 0.00000 -0.00000 0.00000 -4.8216e-03 9.1998e-01 4.6554e-02 -2.4819e-04 4.0654e-01 -4.1597e-06 0.42217 0.44302 0.43525 0.00155 -0.02199 0.00779 1.87004e-01 1.13952e-04 -5.7218630960e-01 -3.8506828866e-01
110.004 0.00000 0.00000 -0.00000 0.00000 -0.00000 -0.00000 4.2814e-02 9.2000e-01 -1.1454e-02 -2.4819e-04 4.0654e-01 -4.1597e-06 0.42953 0.44291 0.42801 -0.02041 0.00587 -0.01182 1.87004e-01 1.13843e-04 -5.7218619165e-01 -3.8506829863e-01
112.004 -0.00000 -0.00000 0.00000 0.00000 -0.00000 -0.00000 -2.5283e-02 9.1996e-01 -3.5050e-02 -2.4819e-04 4.0654e-01 -4.1597e-06 0.43589 0.44287 0.42170 0.01214 0.01637 0.01125 1.87004e-01 1.13802e-04 -5.7218610767e-01 -3.8506830792e-01
114.004 -0.00000 0.00000 -0.00000 0.00000 -0.00000 -0.00000 -2.3398e-02 9.1996e-01 3.3982e-02 -2.4819e-04 4.0654e-01 -4.1597e-06 0.41536 0.44278 0.44231 0.01050 -0.01648 -0.00550 1.87004e-01 1.13848e-04 -5.7218605796e-01 -3.8506831657e-01
116.004 0.00000 -0.00000 0.00000 0.00000 -0.00000 0.00000 3.7692e-02 9.2000e-01 8.4508e-03 -2.4819e-04 4.0654e-01 -4.1597e-06 0.44405 0.44268 0.41372 -0.01843 -0.00366 -0.00351 1.87004e-01 1.13979e-04 -5.7218603985e-01 -3.8506832460e-01
118.004 0.00000 0.00000 0.00000 0.00000 -0.00000 -0.00000 -6.7651e-03 9.1997e-01 -3.7177e-02 -2.4819e-04 4.0654e-01 -4.1597e-06 0.41802 0.44265 0.43978 0.00330 0.01786 0.01216 1.87004e-01 1.14180e-04 -5.7218604842e-01 -3.8506833209e-01
120.004 0.00000 -0.00000 0.00000 0.00000 -0.00000 0.00000 -3.1602e-02 9.1996e-01 1.9306e-02 -2.4819e-04 4.0654e-01 -4.1597e-06 0.43088 0.44262 0.42695 0.01488 -0.00954 -0.01673 1.87003e-01 1.14420e-04 -5.7218607728e-01 -3.8506833916e-01
122.004 -0.00000 0.00000 0.00000 0.00000 -0.00000 0.00000 2.8716e-02 9.1999e-01 2.0750e-02 -2.4819e-04 4.0654e-01 -4.1597e-06 0.43708 0.44256 0.42081 -0.01425 -0.00997 0.01512 1.87003e-01 1.14665e-04 -5.7218611911e-01 -3.8506834594e-01
124.004 -0.00000 0.00000 -0.00000 0.00000 -0.00000 -0.00000 7.1072e-03 9.1998e-01 -3.4900e-02 -2.4819e-04 4.0654e-01 -4.1597e-06 0.41356 0.44257 0.44433 -0.00376 0.01691 -0.00776 1.87003e-01 1.14877e-04 -5.7218616609e-01 -3.8506835256e-01
126.004 0.00000 -0.00000 -0.00000 0.00000 -0.00000 -0.00000 -3.6027e-02 9.1995e-01 6.5692e-03 -2.4819e-04 4.0654e-01 -4.1597e-06 0.44581 0.44261 0.41203 0.01721 -0.00304 -0.00245 1.87003e-01 1.15021e-04 -5.7218621024e-01 -3.8506835917e-01
128.004 -0.00000 -0.00000 -0.00000 0.00000 -0.00000 -0.00000 1.9632e-02 9.1998e-01 3.0881e-02 -2.4819e-04 4.0654e-01 -4.1597e-06 0.41677 0.44261 0.44107 -0.00955 -0.01505 0.01145 1.87003e-01 1.15066e-04 -5.7218624364e-01 -3.8506836593e-01
130.004 0.00000 0.00000 -0.00000 0.00000 -0.00000 -0.00000 2.1093e-02 9.1999e-01 -3.1442e-02 -2.4819e-04 4.0654e-01 -4.1597e-06 0.43215 0.44265 0.42564 -0.01072 0.01490 -0.01575 1.87003e-01 1.14988e-04 -5.7218625870e-01 -3.8506837299e-01
132.004 0.00000 0.00000 -0.00000 0.00000 -0.00000 -0.00000 -3.9349e-02 9.1995e-01 -8.8204e-03 -2.4819e-04 4.0654e-01 -4.1597e-06 0.43492 0.44275 0.42278 0.01847 0.00465 0.01395 1.87003e-01 1.14773e-04 -5.7218624853e-01 -3.8506838047e-01
134.004 -0.00000 -0.00000 -0.00000 0.00000 -0.00000 0.00000 5.5464e-03 9.1998e-01 4.1159e-02 -2.4819e-04 4.0654e-01 -4.1597e-06 0.41673 0.44280 0.44093 -0.00246 -0.01969 -0.00729 1.87003e-01 1.14420e-04 -5.7218620739e-01 -3.8506838851e-01
136.004 0.00000 0.00000 -0.00000 0.00000 -0.00000 0.00000 3.7496e-02 9.2000e-01 -2.1249e-02 -2.4819e-04 4.0654e-01 -4.1597e-06 0.44158 0.44286 0.41601 -0.01829 0.00965 -0.00101 1.87004e-01 1.13945e-04 -5.7218613143e-01 -3.8506839719e-01
138.004 -0.00000 0.00000 -0.00000 0.00000 -0.00000 0.00000 -3.5160e-02 9.1996e-01 -2.9631e-02 -2.4819e-04 4.0654e-01 -4.1597e-06 0.42016 0.44299 0.43730 0.01602 0.01436 0.00731 1.87004e-01 1.13383e-04 -5.7218601934e-01 -3.8506840660e-01
140.004 0.00000 -0.00000 -0.00000 0.00000 -0.00000 0.00000 -1.7307e-02 9.1997e-01 4.4322e-02 -2.4819e-04 4.0654e-01 -4.1597e-06 0.43079 0.44306 0.42660 0.00828 -0.02073 -0.00926 1.87005e-01 1.12787e-04 -5.7218587316e-01 -3.8506841673e-01
142.004 0.00000 -0.00000 -0.00000 0.00000 -0.00000 0.00000 4.8423e-02 9.2001e-01 9.6015e-04 -2.4819e-04 4.0654e-01 -4.1597e-06 0.43192 0.44310 0.42543 -0.02301 -0.00081 0.00686 1.87005e-01 1.12223e-04 -5.7218569867e-01 -3.8506842757e-01
144.004 0.00000 -0.00000 0.00000 0.00000 -0.00000 0.00000 -1.6250e-02 9.1997e-01 -4.7759e-02 -2.4819e-04 4.0654e-01 -4.1597e-06 0.42355 0.44320 0.43370 0.00709 0.02247 -0.00227 1.87005e-01 1.11758e-04 -5.7218550547e-01 -3.8506843901e-01
146.004 -0.00000 -0.00000 -0.00000 0.00000 -0.00000 0.00000 -4.1189e-02 9.1996e-01 3.0993e-02 -2.4819e-04 4.0654e-01 -4.1597e-06 0.43181 0.44325 0.42538 0.01911 -0.01440 -0.00146 1.87005e-01 1.11449e-04 -5.7218530627e-01 -3.8506845089e-01
148.004 -0.00000 -0.00000 -0.00000 0.00000 -0.00000 0.00000 4.2320e-02 9.2001e-01 2.8462e-02 -2.4819e-04 4.0654e-01 -4.1597e-06 0.42895 0.44322 0.42828 -0.02007 -0.01335 0.00212 1.87005e-01 1.11329e-04 -5.7218511572e-01 -3.8506846303e-01
150.004 0.00000 0.00000 0.00000 0.00000 -0.00000 0.00000 1.2316e-02 9.1999e-01 -4.9705e-02 -2.4819e-04 4.0654e-01 -4.1597e-06 0.42591 0.44323 0.43131 -0.00595 0.02329 0.00044 1.87005e-01 1.11404e-04 -5.7218494859e-01 -3.8506847521e-01
152.004 0.00000 0.00000 -0.00000 0.00000 -0.00000 0.00000 -5.1108e-02 9.1995e-01 4.0417e-03 -2.4819e-04 4.0654e-01 -4.1597e-06 0.43043 0.44324 0.42678 0.02366 -0.00211 -0.00421 1.87005e-01 1.11646e-04 -5.7218481796e-01 -3.8506848720e-01
154.000 -0.00000 -0.00000 -0.00000 0.00000 -0.00000 0.00000 1.9309e-02 9.1999e-01 4.5470e-02 -2.4819e-04 4.0654e-01 -4.1597e-06 0.43085 0.44315 0.42645 -0.00962 -0.02121 0.00628 1.87004e-01 1.12009e-04 -5.7218473380e-01 -3.8506849879e-01
156.000 -0.00000 -0.00000 0.00000 0.00000 -0.00000 0.00000 3.4646e-02 9.2000e-01 -3.2888e-02 -2.4819e-04 4.0654e-01 -4.1597e-06 0.42136 0.44307 0.43602 -0.01630 0.01575 -0.00455 1.87004e-01 1.12440e-04 -5.7218470149e-01 -3.8506850986e-01
158.000 -0.00000 -0.00000 0.00000 0.00000 -0.00000 0.00000 -4.1840e-02 9.1995e-01 -2.1261e-02 -2.4819e-04 4.0654e-01 -4.1597e-06 0.43912 0.44303 0.41830 0.01968 0.00962 -0.00100 1.87003e-01 1.12887e-04 -5.7218472264e-01 -3.8506852030e-01
160.000 -0.00000 -0.00000 -0.00000 0.00000 -0.00000 0.00000 -6.1149e-03 9.1997e-01 4.4149e-02 -2.4819e-04 4.0654e-01 -4.1597e-06 0.41973 0.44293 0.43780 0.00213 -0.02096 0.00808 1.87003e-01 1.13309e-04 -5.7218479490e-01 -3.8506853004e-01
162.000 -0.00000 0.00000 -0.00000 0.00000 -0.00000 0.00000 4.0820e-02 9.2000e-01 -9.8178e-03 -2.4819e-04 4.0654e-01 -4.1597e-06 0.43175 0.44282 0.42589 -0.01957 0.00513 -0.01323 1.87003e-01 1.13681e-04 -5.7218491304e-01 -3.8506853909e-01
164.000 0.00000 -0.00000 0.00000 -0.00000 -0.00000 0.00000 -2.3463e-02 9.1996e-01 -3.3550e-02 -2.4819e-04 4.0654e-01 -4.1597e-06 0.43459 0.44278 0.42309 0.01131 0.01577 0.01356 1.87003e-01 1.13986e-04 -5.7218507010e-01 -3.8506854748e-01
166.000 0.00000 0.00000 -0.00000 -0.00000 -0.00000 0.00000 -2.2393e-02 9.1996e-01 3.2165e-02 -2.4819e-04 4.0654e-01 -4.1597e-06 0.41551 0.44271 0.44224 0.01013 -0.01567 -0.00825 1.87002e-01 1.14217e-04 -5.7218525835e-01 -3.8506855527e-01
168.000 -0.00000 0.00000 -0.00000 -0.00000 -0.00000 0.00000 3.6048e-02 9.1999e-01 7.8548e-03 -2.4819e-04 4.0654e-01 -4.1597e-06 0.44533 0.44262 0.41251 -0.01771 -0.00349 -0.00097 1.87003e-01 1.14372e-04 -5.7218547002e-01 -3.8506856258e-01
170.000 0.00000 0.00000 -0.00000 -0.00000 -0.00000 0.00000 -7.1102e-03 9.1997e-01 -3.5813e-02 -2.4819e-04 4.0654e-01 -4.1597e-06 0.41567 0.44261 0.44218 0.00335 0.01729 0.01051 1.87003e-01 1.14449e-04 -5.7218569774e-01 -3.8506856952e-01
172.000 -0.00000 -0.00000 0.00000 -0.00000 -0.00000 0.00000 -3.0537e-02 9.1995e-01 1.9589e-02 -2.4819e-04 4.0654e-01 -4.1597e-06 0.43382 0.44260 0.42404 0.01448 -0.00958 -0.01646 1.87003e-01 1.14449e-04 -5.7218593469e-01 -3.8506857622e-01
174.000 0.00000 0.00000 -0.00000 -0.00000 -0.00000 0.00000 2.9110e-02 9.1999e-01 1.9908e-02 -2.4819e-04 4.0654e-01 -4.1597e-06 0.43440 0.44256 0.42350 -0.01437 -0.00969 0.01634 1.87003e-01 1.14376e-04 -5.7218617455e-01 -3.8506858284e-01
176.000 0.00000 -0.00000 0.00000 -0.00000 -0.00000 0.00000 6.3388e-03 9.1998e-01 -3.5516e-02 -2.4819e-04 4.0654e-01 -4.1597e-06 0.41527 0.44259 0.44260 -0.00352 0.01715 -0.01016 1.87004e-01 1.14237e-04 -5.7218641122e-01 -3.8506858951e-01
178.000 -0.00000 -0.00000 -0.00000 -0.00000 -0.00000 0.00000 -3.6890e-02 9.1996e-01 7.4501e-03 -2.4819e-04 4.0654e-01 -4.1597e-06 0.44548 0.44264 0.41232 0.01759 -0.00333 0.00046 1.87004e-01 1.14044e-04 -5.7218663865e-01 -3.8506859639e-01
180.000 0.00000 0.00000 0.00000 -0.00000 -0.00000 0.00000 2.0799e-02 9.1999e-01 3.1920e-02 -2.4819e-04 4.0654e-01 -4.1597e-06 0.41561 0.44266 0.44218 -0.00997 -0.01555 0.00882 1.87004e-01 1.13817e-04 -5.7218685053e-01 -3.8506860363e-01
182.000 -0.00000 -0.00000 0.00000 -0.00000 -0.00000 0.00000 2.2160e-02 9.2000e-01 -3.3015e-02 -2.4819e-04 4.0654e-01 -4.1597e-06 0.43432 0.44272 0.42340 -0.01124 0.01553 -0.01404 1.87005e-01 1.13584e-04 -5.7218704019e-01 -3.8506861135e-01
184.000 -0.00000 0.00000 0.00000 -0.00000 -0.00000 0.00000 -4.1362e-02 9.1996e-01 -9.7299e-03 -2.4819e-04 4.0654e-01 -4.1597e-06 0.43220 0.44283 0.42541 0.01930 0.00510 0.01350 1.87005e-01 1.13380e-04 -5.7218720068e-01 -3.8506861967e-01
186.000 -0.00000 0.00000 -0.00000 -0.00000 -0.00000 0.00000 4.9731e-03 9.1999e-01 4.3555e-02 -2.4819e-04 4.0654e-01 -4.1597e-06 0.41918 0.44289 0.43837 -0.00215 -0.02071 -0.00809 1.87005e-01 1.13241e-04 -5.7218732502e-01 -3.8506862866e-01
188.000 -0.00000 0.00000 0.00000 -0.00000 -0.00000 0.00000 4.0146e-02 9.2001e-01 -2.1141e-02 -2.4819e-04 4.0654e-01 -4.1597e-06 0.43971 0.44295 0.41778 -0.01944 0.00956 0.00077 1.87006e-01 1.13195e-04 -5.7218740682e-01 -3.8506863836e-01
190.000 -0.00000 0.00000 -0.00000 -0.00000 -0.00000 0.00000 -3.5570e-02 9.1996e-01 -3.2372e-02 -2.4819e-04 4.0654e-01 -4.1597e-06 0.42094 0.44308 0.43642 0.01618 0.01554 0.00497 1.87006e-01 1.13258e-04 -5.7218744108e-01 -3.8506864874e-01
192.000 0.00000 -0.00000 0.00000 -0.00000 -0.00000 0.00000 -1.9984e-02 9.1997e-01 4.5228e-02 -2.4819e-04 4.0654e-01 -4.1597e-06 0.43099 0.44315 0.42631 0.00943 -0.02111 -0.00685 1.87005e-01 1.13422e-04 -5.7218742517e-01 -3.8506865974e-01
194.000 -0.00000 -0.00000 0.00000 -0.00000 -0.00000 0.00000 4.9751e-02 9.2001e-01 3.4591e-03 -2.4819e-04 4.0654e-01 -4.1597e-06 0.43066 0.44317 0.42661 -0.02358 -0.00187 0.00480 1.87005e-01 1.13653e-04 -5.7218735975e-01 -3.8506867124e-01
196.000 -0.00000 0.00000 -0.00000 -0.00000 -0.00000 0.00000 -1.3986e-02 9.1997e-01 -4.9419e-02 -2.4819e-04 4.0654e-01 -4.1597e-06 0.42548 0.44324 0.43171 0.00615 0.02317 -0.00093 1.87005e-01 1.13901e-04 -5.7218724932e-01 -3.8506868307e-01
198.000 -0.00000 -0.00000 0.00000 -0.00000 -0.00000 0.00000 -4.3111e-02 9.1995e-01 2.8981e-02 -2.4819e-04 4.0654e-01 -4.1597e-06 0.42946 0.44327 0.42770 0.01991 -0.01357 -0.00186 1.87004e-01 1.14107e-04 -5.7218710235e-01 -3.8506869507e-01
200.000 0.00000 0.00000 -0.00000 -0.00000 -0.00000 0.00000 4.0562e-02 9.2000e-01 3.0607e-02 -2.4819e-04 4.0654e-01 -4.1597e-06 0.43124 0.44322 0.42599 -0.01933 -0.01424 0.00151 1.87004e-01 1.14228e-04 -5.7218693059e-01 -3.8506870705e-01
202.000 0.00000 0.00000 0.00000 -0.00000 -0.00000 0.00000 1.4674e-02 9.1999e-01 -4.8223e-02 -2.4819e-04 4.0654e-01 -4.1597e-06 0.42410 0.44320 0.43315 -0.00693 0.02267 0.00195 1.87004e-01 1.14245e-04 -5.7218674780e-01 -3.8506871883e-01
204.000 -0.00000 0.00000 -0.00000 -0.00000 -0.00000 0.00000 -4.9956e-02 9.1995e-01 1.4861e-03 -2.4819e-04 4.0654e-01 -4.1597e-06 0.43149 0.44318 0.42578 0.02317 -0.00104 -0.00637 1.87004e-01 1.14170e-04 -5.7218656806e-01 -3.8506873027e-01
206.000 -0.00000 0.00000 -0.00000 -0.00000 -0.00000 0.00000 1.6777e-02 9.1999e-01 4.4648e-02 -2.4819e-04 4.0654e-01 -4.1597e-06 0.43091 0.44307 0.42647 -0.00855 -0.02086 0.00869 1.87004e-01 1.14041e-04 -5.7218640402e-01 -3.8506874123e-01
208.000 0.00000 -0.00000 0.00000 -0.00000 -0.00000 0.00000 3.4252e-02 9.2000e-01 -3.0266e-02 -2.4819e-04 4.0654e-01 -4.1597e-06 0.42034 0.44297 0.43713 -0.01614 0.01463 -0.00673 1.87004e-01 1.13909e-04 -5.7218626556e-01 -3.8506875161e-01
210.000 0.00000 -0.00000 0.00000 -0.00000 -0.00000 0.00000 -3.9258e-02 9.1995e-01 -2.1340e-02 -2.4819e-04 4.0654e-01 -4.1597e-06 0.44111 0.44293 0.41641 0.01857 0.00968 0.00053 1.87004e-01 1.13820e-04 -5.7218615900e-01 -3.8506876135e-01
212.000 -0.00000 0.00000 -0.00000 -0.00000 -0.00000 0.00000 -6.6432e-03 9.1997e-01 4.1761e-02 -2.4819e-04 4.0654e-01 -4.1597e-06 0.41730 0.44283 0.44032 0.00240 -0.01994 0.00756 1.87004e-01 1.13807e-04 -5.7218608688e-01 -3.8506877042e-01
214.000 -0.00000 0.00000 -0.00000 -0.00000 -0.00000 0.00000 3.8756e-02 9.2000e-01 -8.9378e-03 -2.4819e-04 4.0654e-01 -4.1597e-06 0.43430 0.44273 0.42343 -0.01870 0.00469 -0.01390 1.87003e-01 1.13883e-04 -5.7218604841e-01 -3.8506877884e-01
216.000 0.00000 -0.00000 -0.00000 -0.00000 -0.00000 0.00000 -2.2385e-02 9.1996e-01 -3.1884e-02 -2.4819e-04 4.0654e-01 -4.1597e-06 0.43269 0.44270 0.42507 0.01079 0.01510 0.01537 1.87003e-01 1.14041e-04 -5.7218604007e-01 -3.8506878668e-01
218.000 0.00000 -0.00000 0.00000 -0.00000 -0.00000 0.00000 -2.1114e-02 9.1996e-01 3.1059e-02 -2.4819e-04 4.0654e-01 -4.1597e-06 0.41642 0.44264 0.44140 0.00965 -0.01516 -0.01083 1.87003e-01 1.14258e-04 -5.7218605636e-01 -3.8506879402e-01
220.000 0.00000 0.00000 0.00000 -0.00000 -0.00000 0.00000 3.5057e-02 9.1999e-01 6.8694e-03 -2.4819e-04 4.0654e-01 -4.1597e-06 0.44584 0.44258 0.41204 -0.01727 -0.00315 0.00175 1.87003e-01 1.14504e-04 -5.7218609051e-01 -3.8506880097e-01
222.000 -0.00000 0.00000 0.00000 -0.00000 -0.00000 0.00000 -7.9511e-03 9.1997e-01 -3.5014e-02 -2.4819e-04 4.0654e-01 -4.1597e-06 0.41389 0.44258 0.44398 0.00363 0.01697 0.00835 1.87003e-01 1.14742e-04 -5.7218613498e-01 -3.8506880768e-01
224.000 -0.00000 0.00000 0.00000 -0.00000 -0.00000 0.00000 -2.9920e-02 9.1995e-01 2.0452e-02 -2.4819e-04 4.0654e-01 -4.1597e-06 0.43645 0.44260 0.42141 0.01427 -0.00988 -0.01546 1.87002e-01 1.14935e-04 -5.7218618189e-01 -3.8506881428e-01
226.000 -0.00000 -0.00000 0.00000 -0.00000 -0.00000 0.00000 3.0131e-02 9.1999e-01 1.9380e-02 -2.4819e-04 4.0654e-01 -4.1597e-06 0.43161 0.44258 0.42626 -0.01476 -0.00953 0.01676 1.87002e-01 1.15048e-04 -5.7218622323e-01 -3.8506882093e-01
228.000 -0.00000 -0.00000 -0.00000 -0.00000 -0.00000 0.00000 5.7483e-03 9.1997e-01 -3.6766e-02 -2.4819e-04 4.0654e-01 -4.1597e-06 0.41743 0.44263 0.44039 -0.00335 0.01767 -0.01187 1.87002e-01 1.15053e-04 -5.7218625117e-01 -3.8506882777e-01
230.000 0.00000 -0.00000 -0.00000 -0.00000 -0.00000 0.00000 -3.8351e-02 9.1995e-01 8.2712e-03 -2.4819e-04 4.0654e-01 -4.1597e-06 0.44439 0.44271 0.41335 0.01823 -0.00360 0.00296 1.87002e-01 1.14929e-04 -5.7218625832e-01 -3.8506883496e-01
232.000 -0.00000 0.00000 0.00000 -0.00000 -0.00000 0.00000 2.1990e-02 9.1999e-01 3.3494e-02 -2.4819e-04 4.0654e-01 -4.1597e-06 0.41532 0.44274 0.44239 -0.01042 -0.01626 0.00616 1.87003e-01 1.14666e-04 -5.7218623809e-01 -3.8506884262e-01
234.000 -0.00000 -0.00000 -0.00000 -0.00000 -0.00000 0.00000 2.3689e-02 9.1999e-01 -3.4648e-02 -2.4819e-04 4.0654e-01 -4.1597e-06 0.43570 0.44281 0.42193 -0.01194 0.01619 -0.01186 1.87003e-01 1.14268e-04 -5.7218618534e-01 -3.8506885087e-01
236.000 0.00000 0.00000 -0.00000 -0.00000 -0.00000 0.00000 -4.3426e-02 9.1995e-01 -1.1043e-02 -2.4819e-04 4.0654e-01 -4.1597e-06 0.42995 0.44294 0.42757 0.02017 0.00571 0.01224 1.87003e-01 1.13759e-04 -5.7218609699e-01 -3.8506885979e-01
238.000 -0.00000 -0.00000 0.00000 -0.00000 -0.00000 0.00000 4.0180e-03 9.1998e-01 4.5960e-02 -2.4819e-04 4.0654e-01 -4.1597e-06 0.42160 0.44299 0.43585 -0.00171 -0.02174 -0.00795 1.87004e-01 1.13178e-04 -5.7218597281e-01 -3.8506886945e-01
240.000 0.00000 0.00000 0.00000 -0.00000 -0.00000 0.00000 4.2755e-02 9.2001e-01 -2.0621e-02 -2.4819e-04 4.0654e-01 -4.1597e-06 0.43741 0.44305 0.41998 -0.02056 0.00933 0.00171 1.87004e-01 1.12586e-04 -5.7218581608e-01 -3.8506887983e-01
242.000 0.00000 0.00000 -0.00000 -0.00000 -0.00000 0.00000 -3.5492e-02 9.1996e-01 -3.5041e-02 -2.4819e-04 4.0654e-01 -4.1597e-06 0.42252 0.44317 0.43476 0.01615 0.01668 0.00318 1.87005e-01 1.12048e-04 -5.7218563393e-01 -3.8506889089e-01
244.000 0.00000 -0.00000 0.00000 -0.00000 -0.00000 0.00000 -2.2605e-02 9.1997e-01 4.5537e-02 -2.4819e-04 4.0654e-01 -4.1597e-06 0.43026 0.44322 0.42697 0.01053 -0.02125 -0.00454 1.87005e-01 1.11631e-04 -5.7218543711e-01 -3.8506890250e-01
246.000 -0.00000 -0.00000 0.00000 -0.00000 -0.00000 0.00000 5.0374e-02 9.2001e-01 5.9787e-03 -2.4819e-04 4.0654e-01 -4.1597e-06 0.43029 0.44321 0.42695 -0.02385 -0.00291 0.00243 1.87005e-01 1.11385e-04 -5.7218523919e-01 -3.8506891449e-01
248.000 0.00000 -0.00000 -0.00000 -0.00000 -0.00000 0.00000 -1.1575e-02 9.1997e-01 -5.0300e-02 -2.4819e-04 4.0654e-01 -4.1597e-06 0.42682 0.44326 0.43037 0.00516 0.02354 0.00107 1.87005e-01 1.11333e-04 -5.7218505506e-01 -3.8506892667e-01
250.000 -0.00000 0.00000 -0.00000 -0.00000 -0.00000 0.00000 -4.4234e-02 9.1995e-01 2.6667e-02 -2.4819e-04 4.0654e-01 -4.1597e-06 0.42741 0.44326 0.42978 0.02037 -0.01261 -0.00310 1.87004e-01 1.11469e-04 -5.7218489910e-01 -3.8506893881e-01
252.000 0.00000 0.00000 -0.00000 -0.00000 -0.00000 0.00000 3.8352e-02 9.2000e-01 3.1997e-02 -2.4819e-04 4.0654e-01 -4.1597e-06 0.43366 0.44317 0.42362 -0.01841 -0.01481 0.00174 1.87004e-01 1.11759e-04 -5.7218478346e-01 -3.8506895069e-01
254.000 -0.00000 0.00000 0.00000 -0.00000 -0.00000 0.00000 1.6366e-02 9.1999e-01 -4.6170e-02 -2.4819e-04 4.0654e-01 -4.1597e-06 0.42187 0.44313 0.43545 -0.00764 0.02180 0.00276 1.87004e-01 1.12152e-04 -5.7218471662e-01 -3.8506896213e-01
256.000 0.00000 -0.00000 0.00000 -0.00000 -0.00000 0.00000 -4.8156e-02 9.1994e-01 -5.1759e-04 -2.4819e-04 4.0654e-01 -4.1597e-06 0.43325 0.44309 0.42411 0.02240 -0.00019 -0.00807 1.87003e-01 1.12593e-04 -5.7218470279e-01 -3.8506897299e-01
258.000 -0.00000 -0.00000 0.00000 -0.00000 0.00000 0.00000 1.4509e-02 9.1998e-01 4.3218e-02 -2.4819e-04 4.0654e-01 -4.1597e-06 0.43014 0.44297 0.42735 -0.00757 -0.02025 0.01098 1.87003e-01 1.13036e-04 -5.7218474201e-01 -3.8506898319e-01
260.000 0.00000 -0.00000 -0.00000 -0.00000 0.00000 0.00000 3.3286e-02 9.1999e-01 -2.7846e-02 -2.4819e-04 4.0654e-01 -4.1597e-06 0.42013 0.44288 0.43744 -0.01575 0.01357 -0.00920 1.87002e-01 1.13443e-04 -5.7218483079e-01 -3.8506899269e-01
262.000 -0.00000 0.00000 -0.00000 -0.00000 0.00000 0.00000 -3.6844e-02 9.1995e-01 -2.0874e-02 -2.4819e-04 4.0654e-01 -4.1597e-06 0.44252 0.44283 0.41510 0.01751 0.00952 0.00267 1.87002e-01 1.13793e-04 -5.7218496320e-01 -3.8506900151e-01
264.000 0.00000 -0.00000 -0.00000 -0.00000 0.00000 0.00000 -6.6320e-03 9.1997e-01 3.9517e-02 -2.4819e-04 4.0654e-01 -4.1597e-06 0.41510 0.44274 0.44261 0.00245 -0.01897 0.00624 1.87002e-01 1.14073e-04 -5.7218513191e-01 -3.8506900968e-01
266.000 0.00000 0.00000 0.00000 -0.00000 0.00000 0.00000 3.6808e-02 9.1999e-01 -8.6143e-03 -2.4819e-04 4.0654e-01 -4.1597e-06 0.43701 0.44265 0.42080 -0.01788 0.00449 -0.01378 1.87002e-01 1.14278e-04 -5.7218532910e-01 -3.8506901730e-01
268.000 0.00000 0.00000 -0.00000 -0.00000 0.00000 0.00000 -2.1894e-02 9.1996e-01 -3.0284e-02 -2.4819e-04 4.0654e-01 -4.1597e-06 0.43025 0.44264 0.42756 0.01051 0.01446 0.01656 1.87002e-01 1.14406e-04 -5.7218554711e-01 -3.8506902446e-01
270.000 0.00000 -0.00000 0.00000 -0.00000 0.00000 0.00000 -1.9827e-02 9.1996e-01 3.0569e-02 -2.4819e-04 4.0654e-01 -4.1597e-06 0.41804 0.44260 0.43981 0.00918 -0.01490 -0.01310 1.87002e-01 1.14456e-04 -5.7218577876e-01 -3.8506903131e-01
272.000 -0.00000 -0.00000 0.00000 -0.00000 0.00000 0.00000 3.4695e-02 9.1999e-01 5.7827e-03 -2.4819e-04 4.0654e-01 -4.1597e-06 0.44557 0.44256 0.41233 -0.01710 -0.00277 0.00455 1.87003e-01 1.14431e-04 -5.7218601742e-01 -3.8506903796e-01
274.000 0.00000 -0.00000 0.00000 -0.00000 0.00000 0.00000 -8.9982e-03 9.1997e-01 -3.4832e-02 -2.4819e-04 4.0654e-01 -4.1597e-06 0.41276 0.44259 0.44511 0.00399 0.01690 0.00576 1.87003e-01 1.14334e-04 -5.7218625685e-01 -3.8506904458e-01
276.000 0.00000 0.00000 -0.00000 -0.00000 0.00000 0.00000 -2.9881e-02 9.1996e-01 2.1622e-02 -2.4819e-04 4.0654e-01 -4.1597e-06 0.43869 0.44262 0.41915 0.01430 -0.01030 -0.01378 1.87003e-01 1.14174e-04 -5.7218649103e-01 -3.8506905130e-01
278.000 0.00000 0.00000 -0.00000 -0.00000 0.00000 0.00000 3.1547e-02 9.2000e-01 1.9368e-02 -2.4819e-04 4.0654e-01 -4.1597e-06 0.42884 0.44262 0.42899 -0.01532 -0.00960 0.01640 1.87004e-01 1.13967e-04 -5.7218671382e-01 -3.8506905829e-01
280.000 -0.00000 0.00000 -0.00000 -0.00000 0.00000 0.00000 5.5999e-03 9.1998e-01 -3.8475e-02 -2.4819e-04 4.0654e-01 -4.1597e-06 0.41994 0.44269 0.43782 -0.00336 0.01838 -0.01287 1.87004e-01 1.13735e-04 -5.7218691881e-01 -3.8506906569e-01
282.000 -0.00000 -0.00000 -0.00000 -0.00000 0.00000 0.00000 -4.0312e-02 9.1996e-01 8.7225e-03 -2.4819e-04 4.0654e-01 -4.1597e-06 0.44263 0.44278 0.41503 0.01908 -0.00372 0.00500 1.87005e-01 1.13508e-04 -5.7218709919e-01 -3.8506907360e-01
284.000 0.00000 0.00000 -0.00000 -0.00000 0.00000 0.00000 2.2871e-02 9.2000e-01 3.5589e-02 -2.4819e-04 4.0654e-01 -4.1597e-06 0.41583 0.44282 0.44179 -0.01075 -0.01718 0.00363 1.87005e-01 1.13322e-04 -5.7218724797e-01 -3.8506908215e-01
286.000 -0.00000 -0.00000 -0.00000 -0.00000 0.00000 0.00000 2.5756e-02 9.2000e-01 -3.6013e-02 -2.4819e-04 4.0654e-01 -4.1597e-06 0.43629 0.44291 0.42124 -0.01285 0.01675 -0.00942 1.87005e-01 1.13212e-04 -5.7218735829e-01 -3.8506909138e-01
288.000 -0.00000 0.00000 0.00000 -0.00000 0.00000 0.00000 -4.5247e-02 9.1996e-01 -1.2917e-02 -2.4819e-04 4.0654e-01 -4.1597e-06 0.42827 0.44303 0.42913 0.02094 0.00653 0.01037 1.87005e-01 1.13204e-04 -5.7218742414e-01 -3.8506910132e-01
290.000 -0.00000 0.00000 -0.00000 -0.00000 0.00000 0.00000 2.4607e-03 9.1999e-01 4.8142e-02 -2.4819e-04 4.0654e-01 -4.1597e-06 0.42378 0.44309 0.43357 -0.00104 -0.02267 -0.00698 1.87005e-01 1.13303e-04 -5.7218744123e-01 -3.8506911193e-01
292.000 0.00000 0.00000 -0.00000 -0.00000 0.00000 0.00000 4.5171e-02 9.2001e-01 -1.9441e-02 -2.4819e-04 4.0654e-01 -4.1597e-06 0.43496 0.44313 0.42234 -0.02159 0.00883 0.00179 1.87005e-01 1.13495e-04 -5.7218740796e-01 -3.8506912311e-01
294.000 -0.00000 -0.00000 -0.00000 -0.00000 0.00000 0.00000 -3.4686e-02 9.1996e-01 -3.7573e-02 -2.4819e-04 4.0654e-01 -4.1597e-06 0.42461 0.44323 0.43260 0.01582 0.01774 0.00209 1.87004e-01 1.13739e-04 -5.7218732628e-01 -3.8506913474e-01
296.000 -0.00000 0.00000 -0.00000 0.00000 0.00000 0.00000 -2.5174e-02 9.1996e-01 4.5064e-02 -2.4819e-04 4.0654e-01 -4.1597e-06 0.42878 0.44326 0.42841 0.01159 -0.02106 -0.00265 1.87004e-01 1.13979e-04 -5.7218720209e-01 -3.8506914665e-01
298.000 0.00000 -0.00000 0.00000 0.00000 0.00000 0.00000 5.0188e-02 9.2001e-01 8.5546e-03 -2.4819e-04 4.0654e-01 -4.1597e-06 0.43079 0.44322 0.42643 -0.02377 -0.00397 0.00009 1.87004e-01 1.14160e-04 -5.7218704510e-01 -3.8506915866e-01
300.000 -0.00000 0.00000 0.00000 0.00000 0.00000 0.00000 -8.9928e-03 9.1997e-01 -5.0387e-02 -2.4819e-04 4.0654e-01 -4.1597e-06 0.42736 0.44324 0.42985 0.00409 0.02357 0.00340 1.87003e-01 1.14245e-04 -5.7218686793e-01 -3.8506917059e-01
302.000 -0.00000 -0.00000 0.00000 0.00000 0.00000 0.00000 -4.4618e-02 9.1995e-01 2.4083e-02 -2.4819e-04 4.0654e-01 -4.1597e-06 0.42596 0.44321 0.43127 0.02052 -0.01154 -0.00499 1.87003e-01 1.14227e-04 -5.7218668465e-01 -3.8506918228e-01
304.000 0.00000 -0.00000 0.00000 0.00000 0.00000 0.00000 3.5806e-02 9.2000e-01 3.2727e-02 -2.4819e-04 4.0654e-01 -4.1597e-06 0.43583 0.44310 0.42152 -0.01733 -0.01511 0.00283 1.87003e-01 1.14128e-04 -5.7218650902e-01 -3.8506919356e-01
306.000 -0.00000 -0.00000 -0.00000 0.00000 0.00000 0.00000 1.7481e-02 9.1998e-01 -4.3749e-02 -2.4819e-04 4.0654e-01 -4.1597e-06 0.41950 0.44304 0.43791 -0.00811 0.02077 0.00270 1.87003e-01 1.13992e-04 -5.7218635288e-01 -3.8506920433e-01
308.000 0.00000 0.00000 -0.00000 0.00000 0.00000 0.00000 -4.5984e-02 9.1995e-01 -2.0107e-03 -2.4819e-04 4.0654e-01 -4.1597e-06 0.43553 0.44299 0.42193 0.02148 0.00046 -0.00907 1.87003e-01 1.13870e-04 -5.7218622493e-01 -3.8506921449e-01
310.000 -0.00000 0.00000 -0.00000 -0.00000 0.00000 0.00000 1.2710e-02 9.1998e-01 4.1418e-02 -2.4819e-04 4.0654e-01 -4.1597e-06 0.42858 0.44287 0.42900 -0.00677 -0.01950 0.01289 1.87003e-01 1.13805e-04 -5.7218613015e-01 -3.8506922400e-01
312.000 0.00000 0.00000 -0.00000 0.00000 0.00000 0.00000 3.1944e-02 9.1999e-01 -2.5875e-02 -2.4819e-04 4.0654e-01 -4.1597e-06 0.42078 0.44278 0.43690 -0.01521 0.01269 -0.01168 1.87003e-01 1.13822e-04 -5.7218606991e-01 -3.8506923284e-01
314.000 0.00000 -0.00000 -0.00000 -0.00000 0.00000 0.00000 -3.4868e-02 9.1995e-01 -2.0001e-02 -2.4819e-04 4.0654e-01 -4.1597e-06 0.44319 0.44275 0.41452 0.01664 0.00921 0.00521 1.87003e-01 1.13928e-04 -5.7218604236e-01 -3.8506924106e-01
316.000 0.00000 -0.00000 -0.00000 0.00000 0.00000 0.00000 -6.1591e-03 9.1997e-01 3.7690e-02 -2.4819e-04 4.0654e-01 -4.1597e-06 0.41335 0.44267 0.44444 0.00232 -0.01818 0.00424 1.87003e-01 1.14110e-04 -5.7218604323e-01 -3.8506924871e-01
318.000 -0.00000 0.00000 -0.00000 0.00000 0.00000 0.00000 3.5234e-02 9.1999e-01 -8.8244e-03 -2.4819e-04 4.0654e-01 -4.1597e-06 0.43962 0.44260 0.41824 -0.01723 0.00450 -0.01286 1.87002e-01 1.14341e-04 -5.7218606650e-01 -3.8506925590e-01
320.000 -0.00000 0.00000 -0.00000 0.00000 0.00000 0.00000 -2.2009e-02 9.1996e-01 -2.8983e-02 -2.4819e-04 4.0654e-01 -4.1597e-06 0.42752 0.44260 0.43033 0.01049 0.01396 0.01702 1.87002e-01 1.14588e-04 -5.7218610509e-01 -3.8506926276e-01
322.000 0.00000 0.00000 -0.00000 -0.00000 0.00000 0.00000 -1.8734e-02 9.1996e-01 3.0744e-02 -2.4819e-04 4.0654e-01 -4.1597e-06 0.42023 0.44259 0.43763 0.00878 -0.01493 -0.01487 1.87002e-01 1.14815e-04 -5.7218615130e-01 -3.8506926941e-01
324.000 -0.00000 -0.00000 -0.00000 0.00000 0.00000 0.00000 3.5028e-02 9.1999e-01 4.7647e-03 -2.4819e-04 4.0654e-01 -4.1597e-06 0.44453 0.44256 0.41336 -0.01723 -0.00242 0.00717 1.87002e-01 1.14984e-04 -5.7218619717e-01 -3.8506927601e-01
326.000 -0.00000 0.00000 0.00000 -0.00000 0.00000 0.00000 -1.0107e-02 9.1996e-01 -3.5339e-02 -2.4819e-04 4.0654e-01 -4.1597e-06 0.41235 0.44262 0.44548 0.00438 0.01714 0.00300 1.87002e-01 1.15063e-04 -5.7218623475e-01 -3.8506928271e-01
328.000 -0.00000 0.00000 0.00000 0.00000 0.00000 0.00000 -3.0491e-02 9.1995e-01 2.2973e-02 -2.4819e-04 4.0654e-01 -4.1597e-06 0.44033 0.44267 0.41745 0.01461 -0.01081 -0.01158 1.87002e-01 1.15025e-04 -5.7218625629e-01 -3.8506928965e-01
330.000 0.00000 0.00000 -0.00000 0.00000 0.00000 0.00000 3.3235e-02 9.1999e-01 1.9940e-02 -2.4819e-04 4.0654e-01 -4.1597e-06 0.42633 0.44269 0.43143 -0.01600 -0.00991 0.01530 1.87002e-01 1.14853e-04 -5.7218625465e-01 -3.8506929699e-01
332.000 -0.00000 -0.00000 -0.00000 -0.00000 0.00000 0.00000 5.9625e-03 9.1997e-01 -4.0514e-02 -2.4819e-04 4.0654e-01 -4.1597e-06 0.42253 0.44277 0.43514 -0.00358 0.01924 -0.01306 1.87002e-01 1.14542e-04 -5.7218622367e-01 -3.8506930484e-01
334.000 0.00000 0.00000 0.00000 -0.00000 0.00000 0.00000 -4.2630e-02 9.1995e-01 8.7263e-03 -2.4819e-04 4.0654e-01 -4.1597e-06 0.44039 0.44288 0.41717 0.02008 -0.00367 0.00636 1.87003e-01 1.14102e-04 -5.7218615882e-01 -3.8506931332e-01
336.000 -0.00000 -0.00000 0.00000 -0.00000 0.00000 0.00000 2.3343e-02 9.1999e-01 3.8048e-02 -2.4819e-04 4.0654e-01 -4.1597e-06 0.41709 0.44293 0.44043 -0.01091 -0.01826 0.00148 1.87003e-01 1.13562e-04 -5.7218605793e-01 -3.8506932249e-01
338.000 0.00000 0.00000 -0.00000 -0.00000 0.00000 0.00000 2.8194e-02 9.1999e-01 -3.6977e-02 -2.4819e-04 4.0654e-01 -4.1597e-06 0.43602 0.44301 0.42142 -0.01391 0.01715 -0.00696 1.87004e-01 1.12970e-04 -5.7218592192e-01 -3.8506933240e-01
340.000 -0.00000 0.00000 -0.00000 -0.00000 0.00000 0.00000 -4.6652e-02 9.1995e-01 -1.5188e-02 -2.4819e-04 4.0654e-01 -4.1597e-06 0.42738 0.44313 0.42994 0.02154 0.00750 0.00810 1.87004e-01 1.12389e-04 -5.7218575540e-01 -3.8506934303e-01
342.000 -0.00000 -0.00000 -0.00000 -0.00000 0.00000 0.00000 4.4808e-04 9.1998e-01 4.9888e-02 -2.4819e-04 4.0654e-01 -4.1597e-06 0.42548 0.44317 0.43180 -0.00019 -0.02342 -0.00530 1.87004e-01 1.11886e-04 -5.7218556679e-01 -3.8506935429e-01
344.000 0.00000 0.00000 0.00000 -0.00000 0.00000 0.00000 4.7149e-02 9.2001e-01 -1.7716e-02 -2.4819e-04 4.0654e-01 -4.1597e-06 0.43266 0.44319 0.42459 -0.02242 0.00812 0.00101 1.87004e-01 1.11524e-04 -5.7218536796e-01 -3.8506936605e-01
346.000 -0.00000 -0.00000 0.00000 -0.00000 0.00000 0.00000 -3.3230e-02 9.1996e-01 -3.9707e-02 -2.4819e-04 4.0654e-01 -4.1597e-06 0.42699 0.44326 0.43019 0.01523 0.01863 0.00182 1.87004e-01 1.11344e-04 -5.7218517312e-01 -3.8506937814e-01
348.000 0.00000 0.00000 0.00000 -0.00000 0.00000 0.00000 -2.7432e-02 9.1996e-01 4.3846e-02 -2.4819e-04 4.0654e-01 -4.1597e-06 0.42673 0.44326 0.43046 0.01252 -0.02056 -0.00139 1.87004e-01 1.11359e-04 -5.7218499720e-01 -3.8506939032e-01
350.000 -0.00000 0.00000 0.00000 -0.00000 0.00000 0.00000 4.9201e-02 9.2001e-01 1.0942e-02 -2.4819e-04 4.0654e-01 -4.1597e-06 0.43212 0.44320 0.42513 -0.02336 -0.00496 -0.00192 1.87004e-01 1.11553e-04 -5.7218485399e-01 -3.8506940239e-01
352.000 0.00000 -0.00000 0.00000 -0.00000 0.00000 0.00000 -6.4643e-03 9.1997e-01 -4.9668e-02 -2.4819e-04 4.0654e-01 -4.1597e-06 0.42706 0.44318 0.43021 0.00304 0.02326 0.00579 1.87003e-01 1.11885e-04 -5.7218475449e-01 -3.8506941414e-01
354.000 -0.00000 -0.00000 0.00000 -0.00000 0.00000 0.00000 -4.4240e-02 9.1995e-01 2.1433e-02 -2.4819e-04 4.0654e-01 -4.1597e-06 0.42528 0.44314 0.43203 0.02035 -0.01042 -0.00728 1.87003e-01 1.12301e-04 -5.7218470575e-01 -3.8506942539e-01
356.000 -0.00000 -0.00000 -0.00000 -0.00000 0.00000 0.00000 3.3110e-02 9.1999e-01 3.2767e-02 -2.4819e-04 4.0654e-01 -4.1597e-06 0.43752 0.44302 0.41992 -0.01618 -0.01513 0.00461 1.87003e-01 1.12748e-04 -5.7218471048e-01 -3.8506943604e-01
358.000 0.00000 0.00000 -0.00000 -0.00000 0.00000 0.00000 1.7983e-02 9.1998e-01 -4.1133e-02 -2.4819e-04 4.0654e-01 -4.1597e-06 0.41728 0.44294 0.44024 -0.00835 0.01964 0.00179 1.87002e-01 1.13181e-04 -5.7218476740e-01 -3.8506944600e-01
360.000 -0.00000 0.00000 -0.00000 -0.00000 0.00000 0.00000 -4.3599e-02 9.1994e-01 -2.9512e-03 -2.4819e-04 4.0654e-01 -4.1597e-06 0.43808 0.44289 0.41948 0.02046 0.00090 -0.00925 1.87002e-01 1.13571e-04 -5.7218487205e-01 -3.8506945526e-01
362.000 0.00000 -0.00000 0.00000 -0.00000 0.00000 0.00000 1.1429e-02 9.1997e-01 3.9397e-02 -2.4819e-04 4.0654e-01 -4.1597e-06 0.42643 0.44278 0.43125 -0.00618 -0.01865 0.01420 1.87002e-01 1.13898e-04 -5.7218501790e-01 -3.8506946384e-01
364.000 -0.00000 -0.00000 0.00000 -0.00000 0.00000 0.00000 3.0361e-02 9.1998e-01 -2.4410e-02 -2.4819e-04 4.0654e-01 -4.1597e-06 0.42220 0.44270 0.43555 -0.01457 0.01201 -0.01391 1.87002e-01 1.14152e-04 -5.7218519736e-01 -3.8506947181e-01
366.000 -0.00000 0.00000 -0.00000 -0.00000 0.00000 0.00000 -3.3393e-02 9.1995e-01 -1.8846e-02 -2.4819e-04 4.0654e-01 -4.1597e-06 0.44305 0.44268 0.41473 0.01597 0.00878 0.00790 1.87002e-01 1.14330e-04 -5.7218540260e-01 -3.8506947926e-01
368.000 0.00000 0.00000 -0.00000 -0.00000 0.00000 0.00000 -5.3392e-03 9.1996e-01 3.6353e-02 -2.4819e-04 4.0654e-01 -4.1597e-06 0.41222 0.44262 0.44562 0.00205 -0.01760 0.00174 1.87002e-01 1.14431e-04 -5.7218562612e-01 -3.8506948630e-01
370.000 0.00000 0.00000 -0.00000 -0.00000 0.00000 0.00000 3.4115e-02 9.1999e-01 -9.4603e-03 -2.4819e-04 4.0654e-01 -4.1597e-06 0.44190 0.44257 0.41599 -0.01677 0.00469 -0.01122 1.87002e-01 1.14455e-04 -5.7218586093e-01 -3.8506949306e-01
372.000 -0.00000 -0.00000 0.00000 -0.00000 0.00000 0.00000 -2.2630e-02 9.1996e-01 -2.8079e-02 -2.4819e-04 4.0654e-01 -4.1597e-06 0.42472 0.44259 0.43314 0.01069 0.01363 0.01670 1.87002e-01 1.14404e-04 -5.7218610054e-01 -3.8506949968e-01
374.000 -0.00000 -0.00000 -0.00000 -0.00000 0.00000 0.00000 -1.7955e-02 9.1996e-01 3.1492e-02 -2.4819e-04 4.0654e-01 -4.1597e-06 0.42283 0.44260 0.43503 0.00853 -0.01521 -0.01597 1.87003e-01 1.14284e-04 -5.7218633884e-01 -3.8506950632e-01
376.000 0.00000 -0.00000 0.00000 -0.00000 0.00000 0.00000 3.5980e-02 9.2000e-01 3.9603e-03 -2.4819e-04 4.0654e-01 -4.1597e-06 0.44281 0.44259 0.41505 -0.01763 -0.00216 0.00940 1.87003e-01 1.14106e-04 -5.7218656978e-01 -3.8506951312e-01
378.000 0.00000 0.00000 0.00000 -0.00000 0.00000 0.00000 -1.1104e-02 9.1997e-01 -3.6483e-02 -2.4819e-04 4.0654e-01 -4.1597e-06 0.41272 0.44266 0.44506 0.00472 0.01765 0.00026 1.87003e-01 1.13887e-04 -5.7218678715e-01 -3.8506952023e-01
380.000 -0.00000 0.00000 0.00000 -0.00000 0.00000 0.00000 -3.1732e-02 9.1996e-01 2.4305e-02 -2.4819e-04 4.0654e-01 -4.1597e-06 0.44124 0.44273 0.41647 0.01519 -0.01132 -0.00904 1.87004e-01 1.13653e-04 -5.7218698439e-01 -3.8506952780e-01
382.000 -0.00000 0.00000 -0.00000 -0.00000 0.00000 0.00000 3.4978e-02 9.2000e-01 2.1125e-02 -2.4819e-04 4.0654e-01 -4.1597e-06 0.42430 0.44277 0.43337 -0.01671 -0.01047 0.01356 1.87004e-01 1.13436e-04 -5.7218715463e-01 -3.8506953592e-01
384.000 0.00000 0.00000 -0.00000 -0.00000 0.00000 0.00000 6.9187e-03 9.1998e-01 -4.2662e-02 -2.4819e-04 4.0654e-01 -4.1597e-06 0.42498 0.44286 0.43260 -0.00404 0.02015 -0.01245 1.87004e-01 1.13273e-04 -5.7218729082e-01 -3.8506954470e-01
386.000 -0.00000 -0.00000 0.00000 -0.00000 0.00000 0.00000 -4.5095e-02 9.1995e-01 8.1452e-03 -2.4819e-04 4.0654e-01 -4.1597e-06 0.43789 0.44298 0.41957 0.02113 -0.00338 0.00692 1.87005e-01 1.13196e-04 -5.7218738635e-01 -3.8506955418e-01
388.000 -0.00000 0.00000 -0.00000 -0.00000 0.00000 0.00000 2.3222e-02 9.2000e-01 4.0690e-02 -2.4819e-04 4.0654e-01 -4.1597e-06 0.41895 0.44302 0.43847 -0.01084 -0.01940 -0.00006 1.87005e-01 1.13225e-04 -5.7218743566e-01 -3.8506956435e-01
390.000 0.00000 0.00000 0.00000 -0.00000 0.00000 0.00000 3.0861e-02 9.2000e-01 -3.7326e-02 -2.4819e-04 4.0654e-01 -4.1597e-06 0.43493 0.44310 0.42241 -0.01505 0.01729 -0.00478 1.87004e-01 1.13360e-04 -5.7218743532e-01 -3.8506957517e-01
392.000 -0.00000 -0.00000 0.00000 -0.00000 0.00000 0.00000 -4.7416e-02 9.1995e-01 -1.7759e-02 -2.4819e-04 4.0654e-01 -4.1597e-06 0.42734 0.44321 0.42989 0.02187 0.00859 0.00569 1.87004e-01 1.13576e-04 -5.7218738485e-01 -3.8506958653e-01
394.000 0.00000 0.00000 0.00000 -0.00000 0.00000 0.00000 -1.9556e-03 9.1998e-01 5.0984e-02 -2.4819e-04 4.0654e-01 -4.1597e-06 0.42645 0.44323 0.43076 0.00081 -0.02388 -0.00313 1.87004e-01 1.13825e-04 -5.7218728756e-01 -3.8506959828e-01
396.000 0.00000 -0.00000 -0.00000 -0.00000 0.00000 0.00000 4.8503e-02 9.2001e-01 -1.5496e-02 -2.4819e-04 4.0654e-01 -4.1597e-06 0.43081 0.44322 0.42641 -0.02299 0.00721 -0.00052 1.87003e-01 1.14050e-04 -5.7218715074e-01 -3.8506961024e-01
398.000 -0.00000 0.00000 0.00000 -0.00000 0.00000 0.00000 -3.1183e-02 9.1995e-01 -4.1278e-02 -2.4819e-04 4.0654e-01 -4.1597e-06 0.42930 0.44327 0.42788 0.01439 0.01928 0.00242 1.87003e-01 1.14201e-04 -5.7218698522e-01 -3.8506962224e-01
400.000 -0.00000 0.00000 0.00000 -0.00000 0.00000 0.00000 -2.9221e-02 9.1996e-01 4.1970e-02 -2.4819e-04 4.0654e-01 -4.1597e-06 0.42439 0.44324 0.43282 0.01325 -0.01978 -0.00095 1.87003e-01 1.14249e-04 -5.7218680432e-01 -3.8506963411e-01
