# t x y z vx vy vz omx omy omz llx lly llz Ixx Iyy Izz Ixy Iyz Ixz KErot PEspr PEgrav Etot
0.000 -0.00000 0.00000 0.00000 -0.00000 -0.00000 0.00000 2.9947e-02 9.2066e-01 -3.8682e-02 -2.4824e-04 4.0662e-01 -6.7958e-05 0.42885 0.44289 0.43084 -0.01426 0.01806 -0.00104 1.87176e-01 2.47871e-29 -5.7175960874e-01 -3.8458389899e-01
2.000 -0.00000 -0.00000 0.00000 0.00000 -0.00000 0.00000 -4.5892e-02 9.1936e-01 -1.6584e-02 -2.4824e-04 4.0662e-01 -6.7958e-05 0.43152 0.44348 0.42558 0.02125 0.00755 -0.00114 1.86963e-01 3.10557e-04 -5.7220549907e-01 -3.8493244029e-01
4.004 -0.00000 -0.00000 -0.00000 -0.00000 0.00000 -0.00000 -1.5400e-03 9.1850e-01 4.7451e-02 -2.4824e-04 4.0662e-01 -6.7958e-05 0.42631 0.44385 0.43052 0.00020 -0.02231 0.00483 1.86749e-01 4.63372e-04 -5.7219626599e-01 -3.8498350218e-01
6.004 0.00000 -0.00000 0.00000 0.00000 0.00000 -0.00000 4.3778e-02 9.1849e-01 -1.4169e-02 -2.4824e-04 4.0662e-01 -6.7958e-05 0.42672 0.44380 0.43022 -0.02072 0.00690 -0.00699 1.86732e-01 4.62415e-04 -5.7218866234e-01 -3.8499385493e-01
8.004 0.00000 -0.00000 -0.00000 -0.00000 -0.00000 -0.00000 -2.7325e-02 9.1860e-01 -3.6332e-02 -2.4824e-04 4.0662e-01 -6.7958e-05 0.43549 0.44370 0.42155 0.01291 0.01677 0.00577 1.86766e-01 4.25521e-04 -5.7218743905e-01 -3.8499582210e-01
10.000 0.00000 -0.00000 -0.00000 -0.00000 -0.00000 -0.00000 -2.5038e-02 9.1869e-01 3.5509e-02 -2.4824e-04 4.0662e-01 -6.7958e-05 0.41789 0.44357 0.43928 0.01115 -0.01708 -0.00091 1.86781e-01 4.09954e-04 -5.7218717082e-01 -3.8499621452e-01
12.000 0.00000 0.00000 -0.00000 -0.00000 -0.00000 -0.00000 3.9427e-02 9.1870e-01 1.0505e-02 -2.4824e-04 4.0662e-01 -6.7958e-05 0.43927 0.44347 0.41801 -0.01905 -0.00459 -0.00607 1.86775e-01 4.13059e-04 -5.7218459478e-01 -3.8499635711e-01
14.000 0.00000 -0.00000 0.00000 0.00000 -0.00000 -0.00000 -4.0126e-03 9.1864e-01 -3.9486e-02 -2.4824e-04 4.0662e-01 -6.7958e-05 0.42280 0.44344 0.43453 0.00210 0.01866 0.01219 1.86770e-01 4.15789e-04 -5.7218236644e-01 -3.8499642531e-01
16.000 -0.00000 0.00000 -0.00000 -0.00000 0.00000 -0.00000 -3.4562e-02 9.1862e-01 1.6005e-02 -2.4824e-04 4.0662e-01 -6.7958e-05 0.42649 0.44339 0.43091 0.01603 -0.00813 -0.01447 1.86768e-01 4.15719e-04 -5.7218046741e-01 -3.8499647034e-01
18.000 0.00000 0.00000 -0.00000 -0.00000 0.00000 -0.00000 2.5455e-02 9.1866e-01 2.4685e-02 -2.4824e-04 4.0662e-01 -6.7958e-05 0.43933 0.44329 0.41818 -0.01275 -0.01163 0.01140 1.86768e-01 4.14205e-04 -5.7217905066e-01 -3.8499650603e-01
20.004 0.00000 0.00000 -0.00000 -0.00000 -0.00000 -0.00000 1.2398e-02 9.1864e-01 -3.2172e-02 -2.4824e-04 4.0662e-01 -6.7958e-05 0.41294 0.44326 0.44461 -0.00597 0.01554 -0.00354 1.86768e-01 4.13095e-04 -5.7217799885e-01 -3.8499653934e-01
22.004 -0.00000 0.00000 0.00000 -0.00000 -0.00000 -0.00000 -3.4008e-02 9.1862e-01 -2.4428e-04 -2.4824e-04 4.0662e-01 -6.7958e-05 0.44433 0.44324 0.41323 0.01618 -0.00019 -0.00614 1.86768e-01 4.12360e-04 -5.7217734966e-01 -3.8499657133e-01
24.004 -0.00000 0.00000 -0.00000 -0.00000 -0.00000 -0.00000 1.1753e-02 9.1865e-01 3.0194e-02 -2.4824e-04 4.0662e-01 -6.7958e-05 0.41919 0.44318 0.43843 -0.00610 -0.01466 0.01405 1.86769e-01 4.11822e-04 -5.7217710777e-01 -3.8499660231e-01
26.004 -0.00000 0.00000 -0.00000 -0.00000 -0.00000 -0.00000 2.2604e-02 9.1865e-01 -2.2942e-02 -2.4824e-04 4.0662e-01 -6.7958e-05 0.42893 0.44318 0.42869 -0.01125 0.01105 -0.01713 1.86769e-01 4.11378e-04 -5.7217725085e-01 -3.8499663289e-01
28.004 -0.00000 0.00000 0.00000 -0.00000 -0.00000 -0.00000 -3.0656e-02 9.1863e-01 -1.2935e-02 -2.4824e-04 4.0662e-01 -6.7958e-05 0.43824 0.44321 0.41935 0.01455 0.00630 0.01418 1.86770e-01 4.11010e-04 -5.7217775601e-01 -3.8499666374e-01
30.004 -0.00000 -0.00000 -0.00000 -0.00000 -0.00000 -0.00000 -9.8969e-04 9.1866e-01 3.3188e-02 -2.4824e-04 4.0662e-01 -6.7958e-05 0.41328 0.44321 0.44431 0.00040 -0.01613 -0.00635 1.86771e-01 4.10733e-04 -5.7217858502e-01 -3.8499669564e-01
32.004 -0.00000 -0.00000 -0.00000 -0.00000 -0.00000 -0.00000 3.1509e-02 9.1868e-01 -1.2586e-02 -2.4824e-04 4.0662e-01 -6.7958e-05 0.44474 0.44323 0.41282 -0.01557 0.00570 -0.00333 1.86772e-01 4.10525e-04 -5.7217969921e-01 -3.8499672918e-01
34.004 -0.00000 -0.00000 0.00000 -0.00000 -0.00000 -0.00000 -2.4814e-02 9.1865e-01 -2.6471e-02 -2.4824e-04 4.0662e-01 -6.7958e-05 0.41787 0.44331 0.43961 0.01134 0.01290 0.01122 1.86774e-01 4.10362e-04 -5.7218104962e-01 -3.8499676487e-01
36.004 -0.00000 0.00000 -0.00000 -0.00000 -0.00000 -0.00000 -1.7193e-02 9.1867e-01 3.3392e-02 -2.4824e-04 4.0662e-01 -6.7958e-05 0.43123 0.44335 0.42619 0.00833 -0.01584 -0.01453 1.86776e-01 4.10225e-04 -5.7218257917e-01 -3.8499680311e-01
38.000 -0.00000 -0.00000 -0.00000 -0.00000 -0.00000 -0.00000 3.8479e-02 9.1871e-01 4.0407e-03 -2.4824e-04 4.0662e-01 -6.7958e-05 0.43427 0.44339 0.42311 -0.01851 -0.00246 0.01250 1.86777e-01 4.10111e-04 -5.7218421563e-01 -3.8499684405e-01
40.000 -0.00000 -0.00000 -0.00000 -0.00000 -0.00000 -0.00000 -1.0422e-02 9.1868e-01 -4.0120e-02 -2.4824e-04 4.0662e-01 -6.7958e-05 0.41806 0.44349 0.43920 0.00419 0.01903 -0.00649 1.86779e-01 4.10032e-04 -5.7218588566e-01 -3.8499688794e-01
42.000 -0.00000 0.00000 -0.00000 -0.00000 -0.00000 -0.00000 -3.6479e-02 9.1867e-01 2.3561e-02 -2.4824e-04 4.0662e-01 -6.7958e-05 0.43947 0.44358 0.41770 0.01720 -0.01081 -0.00061 1.86778e-01 4.09541e-04 -5.7218432892e-01 -3.8499691280e-01
44.000 0.00000 -0.00000 0.00000 -0.00000 -0.00000 -0.00000 3.5052e-02 9.1871e-01 2.7014e-02 -2.4824e-04 4.0662e-01 -6.7958e-05 0.42132 0.44361 0.43581 -0.01651 -0.01311 0.00575 1.86778e-01 4.09733e-04 -5.7218474502e-01 -3.8499692554e-01
46.000 0.00000 0.00000 0.00000 -0.00000 -0.00000 -0.00000 1.4057e-02 9.1869e-01 -4.4116e-02 -2.4824e-04 4.0662e-01 -6.7958e-05 0.43054 0.44370 0.42649 -0.00720 0.02052 -0.00715 1.86779e-01 4.10418e-04 -5.7218644124e-01 -3.8499693607e-01
48.000 -0.00000 0.00000 -0.00000 -0.00000 -0.00000 -0.00000 -4.8124e-02 9.1867e-01 1.2934e-04 -2.4824e-04 4.0662e-01 -6.7958e-05 0.43048 0.44379 0.42646 0.02228 0.00013 0.00507 1.86780e-01 4.11136e-04 -5.7218779498e-01 -3.8499694663e-01
50.000 -0.00000 0.00000 0.00000 -0.00000 -0.00000 -0.00000 1.5145e-02 9.1871e-01 4.5653e-02 -2.4824e-04 4.0662e-01 -6.7958e-05 0.42538 0.44378 0.43156 -0.00721 -0.02149 -0.00150 1.86780e-01 4.11491e-04 -5.7218815368e-01 -3.8499695786e-01
52.000 -0.00000 -0.00000 0.00000 -0.00000 -0.00000 -0.00000 3.8244e-02 9.1871e-01 -2.9847e-02 -2.4824e-04 4.0662e-01 -6.7958e-05 0.42977 0.44380 0.42715 -0.01819 0.01384 -0.00099 1.86779e-01 4.11871e-04 -5.7218799398e-01 -3.8499696931e-01
54.000 -0.00000 -0.00000 -0.00000 -0.00000 -0.00000 -0.00000 -4.1010e-02 9.1866e-01 -2.7545e-02 -2.4824e-04 4.0662e-01 -6.7958e-05 0.42997 0.44385 0.42690 0.01895 0.01276 0.00077 1.86778e-01 4.12618e-04 -5.7218759185e-01 -3.8499698072e-01
56.000 0.00000 -0.00000 -0.00000 -0.00000 -0.00000 -0.00000 -1.3576e-02 9.1868e-01 4.6455e-02 -2.4824e-04 4.0662e-01 -6.7958e-05 0.42546 0.44381 0.43146 0.00592 -0.02186 0.00199 1.86776e-01 4.13650e-04 -5.7218689865e-01 -3.8499699209e-01
58.000 -0.00000 0.00000 -0.00000 -0.00000 -0.00000 -0.00000 4.6884e-02 9.1870e-01 -2.6345e-03 -2.4824e-04 4.0662e-01 -6.7958e-05 0.42996 0.44374 0.42704 -0.02223 0.00143 -0.00541 1.86774e-01 4.14713e-04 -5.7218581587e-01 -3.8499700336e-01
60.000 -0.00000 0.00000 0.00000 -0.00000 -0.00000 -0.00000 -1.7697e-02 9.1864e-01 -4.3121e-02 -2.4824e-04 4.0662e-01 -6.7958e-05 0.43139 0.44373 0.42563 0.00837 0.02004 0.00698 1.86772e-01 4.15561e-04 -5.7218447955e-01 -3.8499701417e-01
62.000 -0.00000 0.00000 -0.00000 -0.00000 -0.00000 -0.00000 -3.4452e-02 9.1863e-01 2.9007e-02 -2.4824e-04 4.0662e-01 -6.7958e-05 0.42056 0.44367 0.43654 0.01566 -0.01404 -0.00494 1.86770e-01 4.16099e-04 -5.7218307630e-01 -3.8499702428e-01
64.000 -0.00000 -0.00000 -0.00000 -0.00000 -0.00000 -0.00000 3.6618e-02 9.1867e-01 2.1345e-02 -2.4824e-04 4.0662e-01 -6.7958e-05 0.43964 0.44355 0.41758 -0.01778 -0.00975 -0.00063 1.86768e-01 4.16443e-04 -5.7218171946e-01 -3.8499703362e-01
66.000 0.00000 -0.00000 -0.00000 -0.00000 0.00000 -0.00000 6.8763e-03 9.1863e-01 -4.0540e-02 -2.4824e-04 4.0662e-01 -6.7958e-05 0.41879 0.44351 0.43849 -0.00307 0.01922 0.00769 1.86767e-01 4.16772e-04 -5.7218045960e-01 -3.8499704229e-01
68.000 -0.00000 -0.00000 0.00000 -0.00000 0.00000 -0.00000 -3.9180e-02 9.1860e-01 6.3696e-03 -2.4824e-04 4.0662e-01 -6.7958e-05 0.43281 0.44345 0.42453 0.01828 -0.00358 -0.01314 1.86765e-01 4.17098e-04 -5.7217938846e-01 -3.8499705028e-01
70.000 0.00000 -0.00000 -0.00000 -0.00000 0.00000 -0.00000 1.8158e-02 9.1864e-01 3.2162e-02 -2.4824e-04 4.0662e-01 -6.7958e-05 0.43301 0.44335 0.42444 -0.00933 -0.01522 0.01422 1.86764e-01 4.17374e-04 -5.7217859288e-01 -3.8499705756e-01
72.000 0.00000 -0.00000 -0.00000 -0.00000 0.00000 -0.00000 2.1868e-02 9.1862e-01 -2.7932e-02 -2.4824e-04 4.0662e-01 -6.7958e-05 0.41657 0.44330 0.44094 -0.01049 0.01357 -0.00990 1.86763e-01 4.17583e-04 -5.7217810533e-01 -3.8499706420e-01
74.000 0.00000 -0.00000 -0.00000 -0.00000 0.00000 -0.00000 -3.3314e-02 9.1859e-01 -1.0425e-02 -2.4824e-04 4.0662e-01 -6.7958e-05 0.44505 0.44328 0.41248 0.01589 0.00466 0.00140 1.86763e-01 4.17753e-04 -5.7217795984e-01 -3.8499707033e-01
76.000 0.00000 -0.00000 -0.00000 -0.00000 0.00000 -0.00000 2.0778e-03 9.1862e-01 3.3037e-02 -2.4824e-04 4.0662e-01 -6.7958e-05 0.41411 0.44322 0.44348 -0.00150 -0.01604 0.00820 1.86763e-01 4.17967e-04 -5.7217816083e-01 -3.8499707616e-01
78.004 -0.00000 -0.00000 0.00000 -0.00000 0.00000 -0.00000 2.8533e-02 9.1863e-01 -1.5020e-02 -2.4824e-04 4.0662e-01 -6.7958e-05 0.43640 0.44319 0.42121 -0.01408 0.00729 -0.01530 1.86763e-01 4.18234e-04 -5.7217871188e-01 -3.8499708187e-01
80.004 -0.00000 0.00000 -0.00000 -0.00000 0.00000 -0.00000 -2.5286e-02 9.1860e-01 -2.1244e-02 -2.4824e-04 4.0662e-01 -6.7958e-05 0.43107 0.44322 0.42651 0.01199 0.01026 0.01698 1.86764e-01 4.18495e-04 -5.7217959661e-01 -3.8499708759e-01
82.004 -0.00000 0.00000 -0.00000 -0.00000 0.00000 -0.00000 -1.0703e-02 9.1862e-01 3.1022e-02 -2.4824e-04 4.0662e-01 -6.7958e-05 0.41746 0.44321 0.44012 0.00502 -0.01508 -0.01270 1.86765e-01 4.18649e-04 -5.7218080188e-01 -3.8499709347e-01
84.004 0.00000 0.00000 -0.00000 -0.00000 0.00000 -0.00000 3.2858e-02 9.1865e-01 -2.6111e-03 -2.4824e-04 4.0662e-01 -6.7958e-05 0.44499 0.44321 0.41258 -0.01617 0.00095 0.00412 1.86767e-01 4.18663e-04 -5.7218228992e-01 -3.8499709966e-01
86.004 0.00000 -0.00000 -0.00000 -0.00000 0.00000 -0.00000 -1.5774e-02 9.1863e-01 -3.1263e-02 -2.4824e-04 4.0662e-01 -6.7958e-05 0.41351 0.44327 0.44399 0.00702 0.01513 0.00548 1.86768e-01 4.18507e-04 -5.7218401762e-01 -3.8499710633e-01
88.004 0.00000 0.00000 -0.00000 -0.00000 0.00000 -0.00000 -2.4962e-02 9.1864e-01 2.6421e-02 -2.4824e-04 4.0662e-01 -6.7958e-05 0.43782 0.44332 0.41962 0.01199 -0.01248 -0.01252 1.86771e-01 4.18158e-04 -5.7218592703e-01 -3.8499711360e-01
90.004 -0.00000 0.00000 -0.00000 -0.00000 0.00000 -0.00000 3.4537e-02 9.1869e-01 1.3804e-02 -2.4824e-04 4.0662e-01 -6.7958e-05 0.42824 0.44334 0.42916 -0.01659 -0.00707 0.01458 1.86773e-01 4.17587e-04 -5.7218794673e-01 -3.8499712159e-01
92.004 0.00000 0.00000 -0.00000 -0.00000 0.00000 -0.00000 3.5136e-04 9.1867e-01 -3.9761e-02 -2.4824e-04 4.0662e-01 -6.7958e-05 0.42142 0.44343 0.43588 -0.00092 0.01880 -0.01136 1.86776e-01 4.16783e-04 -5.7218998562e-01 -3.8499713032e-01
94.004 -0.00000 0.00000 -0.00000 -0.00000 0.00000 -0.00000 -3.9915e-02 9.1867e-01 1.3080e-02 -2.4824e-04 4.0662e-01 -6.7958e-05 0.43976 0.44352 0.41744 0.01877 -0.00581 0.00474 1.86779e-01 4.15801e-04 -5.7219193826e-01 -3.8499713983e-01
96.004 0.00000 -0.00000 -0.00000 -0.00000 0.00000 -0.00000 2.6197e-02 9.1873e-01 3.3989e-02 -2.4824e-04 4.0662e-01 -6.7958e-05 0.41819 0.44355 0.43897 -0.01228 -0.01638 0.00218 1.86782e-01 4.14747e-04 -5.7219368572e-01 -3.8499715009e-01
98.004 0.00000 0.00000 -0.00000 -0.00000 0.00000 -0.00000 2.3834e-02 9.1873e-01 -3.8079e-02 -2.4824e-04 4.0662e-01 -6.7958e-05 0.43462 0.44363 0.42244 -0.01182 0.01760 -0.00653 1.86784e-01 4.13770e-04 -5.7219510520e-01 -3.8499716104e-01
100.004 0.00000 -0.00000 0.00000 -0.00000 0.00000 -0.00000 -4.5779e-02 9.1870e-01 -1.1307e-02 -2.4824e-04 4.0662e-01 -6.7958e-05 0.42762 0.44373 0.42934 0.02112 0.00556 0.00700 1.86786e-01 4.13018e-04 -5.7219608296e-01 -3.8499717255e-01
102.004 0.00000 -0.00000 -0.00000 -0.00000 0.00000 -0.00000 3.4646e-03 9.1874e-01 4.7413e-02 -2.4824e-04 4.0662e-01 -6.7958e-05 0.42584 0.44374 0.43110 -0.00165 -0.02231 -0.00434 1.86787e-01 4.12620e-04 -5.7219652288e-01 -3.8499718450e-01
104.004 0.00000 -0.00000 -0.00000 -0.00000 0.00000 -0.00000 4.3965e-02 9.1875e-01 -1.9416e-02 -2.4824e-04 4.0662e-01 -6.7958e-05 0.43144 0.44376 0.42548 -0.02090 0.00888 0.00079 1.86787e-01 4.12642e-04 -5.7219636316e-01 -3.8499719669e-01
106.004 -0.00000 0.00000 -0.00000 -0.00000 0.00000 -0.00000 -3.3178e-02 9.1870e-01 -3.6536e-02 -2.4824e-04 4.0662e-01 -6.7958e-05 0.42769 0.44383 0.42916 0.01522 0.01704 0.00119 1.86785e-01 4.13069e-04 -5.7219558633e-01 -3.8499720897e-01
108.004 0.00000 -0.00000 0.00000 -0.00000 0.00000 -0.00000 -2.4687e-02 9.1871e-01 4.2221e-02 -2.4824e-04 4.0662e-01 -6.7958e-05 0.42642 0.44381 0.43045 0.01120 -0.01987 -0.00035 1.86783e-01 4.13797e-04 -5.7219422528e-01 -3.8499722116e-01
110.004 -0.00000 -0.00000 0.00000 -0.00000 0.00000 -0.00000 4.6745e-02 9.1873e-01 9.1628e-03 -2.4824e-04 4.0662e-01 -6.7958e-05 0.43135 0.44376 0.42559 -0.02219 -0.00418 -0.00273 1.86780e-01 4.14656e-04 -5.7219236048e-01 -3.8499723309e-01
112.004 -0.00000 0.00000 -0.00000 -0.00000 0.00000 -0.00000 -6.7118e-03 9.1867e-01 -4.7009e-02 -2.4824e-04 4.0662e-01 -6.7958e-05 0.42786 0.44376 0.42909 0.00316 0.02193 0.00593 1.86777e-01 4.15458e-04 -5.7219011270e-01 -3.8499724461e-01
114.004 -0.00000 0.00000 -0.00000 -0.00000 0.00000 -0.00000 -4.1762e-02 9.1865e-01 2.0179e-02 -2.4824e-04 4.0662e-01 -6.7958e-05 0.42442 0.44372 0.43260 0.01917 -0.00988 -0.00677 1.86774e-01 4.16037e-04 -5.7218762584e-01 -3.8499725561e-01
116.004 -0.00000 0.00000 0.00000 -0.00000 0.00000 -0.00000 3.0955e-02 9.1868e-01 3.1050e-02 -2.4824e-04 4.0662e-01 -6.7958e-05 0.43748 0.44361 0.41966 -0.01514 -0.01439 0.00384 1.86771e-01 4.16288e-04 -5.7218505278e-01 -3.8499726597e-01
118.004 -0.00000 0.00000 -0.00000 -0.00000 0.00000 -0.00000 1.7694e-02 9.1865e-01 -3.8602e-02 -2.4824e-04 4.0662e-01 -6.7958e-05 0.41753 0.44356 0.43967 -0.00822 0.01836 0.00229 1.86769e-01 4.16182e-04 -5.7218253819e-01 -3.8499727564e-01
120.004 -0.00000 0.00000 0.00000 -0.00000 0.00000 -0.00000 -4.1034e-02 9.1861e-01 -4.2047e-03 -2.4824e-04 4.0662e-01 -6.7958e-05 0.43741 0.44351 0.41985 0.01923 0.00144 -0.00923 1.86767e-01 4.15758e-04 -5.7218020679e-01 -3.8499728459e-01
122.004 -0.00000 0.00000 -0.00000 -0.00000 0.00000 -0.00000 9.0816e-03 9.1864e-01 3.7418e-02 -2.4824e-04 4.0662e-01 -6.7958e-05 0.42646 0.44341 0.43092 -0.00505 -0.01776 0.01380 1.86766e-01 4.15103e-04 -5.7217815579e-01 -3.8499729284e-01
124.004 -0.00000 -0.00000 0.00000 -0.00000 0.00000 -0.00000 2.9755e-02 9.1864e-01 -2.1368e-02 -2.4824e-04 4.0662e-01 -6.7958e-05 0.42238 0.44334 0.43508 -0.01427 0.01049 -0.01358 1.86765e-01 4.14319e-04 -5.7217645385e-01 -3.8499730045e-01
126.004 -0.00000 0.00000 -0.00000 -0.00000 0.00000 -0.00000 -2.9943e-02 9.1860e-01 -1.9912e-02 -2.4824e-04 4.0662e-01 -6.7958e-05 0.44233 0.44332 0.41516 0.01432 0.00919 0.00807 1.86764e-01 4.13503e-04 -5.7217514246e-01 -3.8499730750e-01
128.004 -0.00000 0.00000 -0.00000 -0.00000 0.00000 -0.00000 -7.8396e-03 9.1862e-01 3.3156e-02 -2.4824e-04 4.0662e-01 -6.7958e-05 0.41237 0.44325 0.44519 0.00321 -0.01613 0.00098 1.86764e-01 4.12731e-04 -5.7217424024e-01 -3.8499731411e-01
130.004 -0.00000 -0.00000 -0.00000 -0.00000 0.00000 -0.00000 3.2107e-02 9.1864e-01 -5.7370e-03 -2.4824e-04 4.0662e-01 -6.7958e-05 0.44220 0.44320 0.41542 -0.01579 0.00288 -0.01025 1.86764e-01 4.12053e-04 -5.7217374798e-01 -3.8499732042e-01
132.004 -0.00000 -0.00000 -0.00000 -0.00000 0.00000 -0.00000 -1.7855e-02 9.1861e-01 -2.7792e-02 -2.4824e-04 4.0662e-01 -6.7958e-05 0.42338 0.44322 0.43422 0.00845 0.01338 0.01619 1.86765e-01 4.11494e-04 -5.7217365326e-01 -3.8499732657e-01
134.004 -0.00000 -0.00000 0.00000 -0.00000 0.00000 -0.00000 -1.9440e-02 9.1862e-01 2.6320e-02 -2.4824e-04 4.0662e-01 -6.7958e-05 0.42421 0.44320 0.43341 0.00918 -0.01284 -0.01649 1.86766e-01 4.11058e-04 -5.7217393422e-01 -3.8499733269e-01
136.004 0.00000 -0.00000 -0.00000 -0.00000 0.00000 -0.00000 3.1471e-02 9.1865e-01 7.2912e-03 -2.4824e-04 4.0662e-01 -6.7958e-05 0.44174 0.44319 0.41589 -0.01549 -0.00375 0.01100 1.86766e-01 4.10730e-04 -5.7217456160e-01 -3.8499733895e-01
138.004 -0.00000 0.00000 0.00000 -0.00000 0.00000 -0.00000 -5.8749e-03 9.1863e-01 -3.3419e-02 -2.4824e-04 4.0662e-01 -6.7958e-05 0.41227 0.44324 0.44530 0.00230 0.01611 -0.00185 1.86768e-01 4.10487e-04 -5.7217549973e-01 -3.8499734546e-01
140.004 0.00000 -0.00000 0.00000 -0.00000 0.00000 -0.00000 -3.0502e-02 9.1863e-01 1.7725e-02 -2.4824e-04 4.0662e-01 -6.7958e-05 0.44297 0.44328 0.41455 0.01458 -0.00832 -0.00748 1.86769e-01 4.10302e-04 -5.7217670561e-01 -3.8499735234e-01
142.004 -0.00000 0.00000 -0.00000 -0.00000 0.00000 -0.00000 2.8151e-02 9.1867e-01 2.2175e-02 -2.4824e-04 4.0662e-01 -6.7958e-05 0.42153 0.44330 0.43596 -0.01351 -0.01101 0.01353 1.86771e-01 4.10152e-04 -5.7217812791e-01 -3.8499735968e-01
144.004 0.00000 -0.00000 0.00000 -0.00000 0.00000 -0.00000 1.0640e-02 9.1866e-01 -3.6571e-02 -2.4824e-04 4.0662e-01 -6.7958e-05 0.42718 0.44337 0.43023 -0.00579 0.01722 -0.01431 1.86772e-01 4.10025e-04 -5.7217970504e-01 -3.8499736756e-01
146.004 0.00000 -0.00000 0.00000 -0.00000 0.00000 -0.00000 -4.0464e-02 9.1864e-01 2.0664e-03 -2.4824e-04 4.0662e-01 -6.7958e-05 0.43723 0.44347 0.42008 0.01897 -0.00058 0.01006 1.86774e-01 4.09924e-04 -5.7218136416e-01 -3.8499737599e-01
148.004 -0.00000 0.00000 0.00000 -0.00000 0.00000 -0.00000 1.5807e-02 9.1869e-01 3.8383e-02 -2.4824e-04 4.0662e-01 -6.7958e-05 0.41716 0.44350 0.44010 -0.00732 -0.01841 -0.00305 1.86776e-01 4.09866e-04 -5.7218302124e-01 -3.8499738501e-01
150.004 0.00000 0.00000 0.00000 -0.00000 0.00000 -0.00000 3.1691e-02 9.1870e-01 -2.9656e-02 -2.4824e-04 4.0662e-01 -6.7958e-05 0.43830 0.44358 0.41887 -0.01550 0.01357 -0.00352 1.86777e-01 4.09888e-04 -5.7218458346e-01 -3.8499739459e-01
152.004 -0.00000 0.00000 -0.00000 -0.00000 0.00000 -0.00000 -4.0479e-02 9.1866e-01 -2.1767e-02 -2.4824e-04 4.0662e-01 -6.7958e-05 0.42362 0.44369 0.43343 0.01856 0.01051 0.00705 1.86779e-01 4.10032e-04 -5.7218595423e-01 -3.8499740468e-01
154.000 -0.00000 -0.00000 -0.00000 -0.00000 0.00000 -0.00000 -8.5234e-03 9.1870e-01 4.5988e-02 -2.4824e-04 4.0662e-01 -6.7958e-05 0.42836 0.44372 0.42865 0.00404 -0.02159 -0.00669 1.86779e-01 4.10338e-04 -5.7218703936e-01 -3.8499741522e-01
156.000 0.00000 -0.00000 0.00000 -0.00000 0.00000 -0.00000 4.6792e-02 9.1872e-01 -7.5521e-03 -2.4824e-04 4.0662e-01 -6.7958e-05 0.43152 0.44375 0.42546 -0.02222 0.00324 0.00363 1.86780e-01 4.10832e-04 -5.7218776523e-01 -3.8499742616e-01
158.000 -0.00000 0.00000 -0.00000 -0.00000 0.00000 -0.00000 -2.2963e-02 9.1867e-01 -4.3324e-02 -2.4824e-04 4.0662e-01 -6.7958e-05 0.42574 0.44383 0.43116 0.01036 0.02025 -0.00021 1.86779e-01 4.11509e-04 -5.7218807594e-01 -3.8499743740e-01
160.000 0.00000 0.00000 -0.00000 -0.00000 0.00000 -0.00000 -3.4594e-02 9.1867e-01 3.4975e-02 -2.4824e-04 4.0662e-01 -6.7958e-05 0.42859 0.44384 0.42829 0.01592 -0.01643 -0.00127 1.86778e-01 4.12330e-04 -5.7218795157e-01 -3.8499744882e-01
162.000 0.00000 0.00000 -0.00000 -0.00000 0.00000 -0.00000 4.3381e-02 9.1871e-01 2.0916e-02 -2.4824e-04 4.0662e-01 -6.7958e-05 0.43083 0.44379 0.42610 -0.02061 -0.00977 -0.00014 1.86777e-01 4.13231e-04 -5.7218741030e-01 -3.8499746026e-01
164.000 -0.00000 -0.00000 0.00000 -0.00000 0.00000 -0.00000 5.3748e-03 9.1867e-01 -4.7898e-02 -2.4824e-04 4.0662e-01 -6.7958e-05 0.42587 0.44380 0.43107 -0.00258 0.02238 0.00345 1.86775e-01 4.14132e-04 -5.7218650756e-01 -3.8499747157e-01
166.000 0.00000 0.00000 -0.00000 -0.00000 0.00000 -0.00000 -4.6693e-02 9.1864e-01 9.2810e-03 -2.4824e-04 4.0662e-01 -6.7958e-05 0.42820 0.44378 0.42877 0.02156 -0.00473 -0.00634 1.86773e-01 4.14959e-04 -5.7218532953e-01 -3.8499748257e-01
168.000 -0.00000 0.00000 -0.00000 -0.00000 0.00000 -0.00000 2.2560e-02 9.1867e-01 3.9286e-02 -2.4824e-04 4.0662e-01 -6.7958e-05 0.43374 0.44367 0.42334 -0.01120 -0.01834 0.00642 1.86771e-01 4.15661e-04 -5.7218398239e-01 -3.8499749308e-01
170.000 -0.00000 -0.00000 -0.00000 -0.00000 0.00000 -0.00000 2.8098e-02 9.1865e-01 -3.3643e-02 -2.4824e-04 4.0662e-01 -6.7958e-05 0.41893 0.44362 0.43822 -0.01318 0.01606 -0.00268 1.86769e-01 4.16216e-04 -5.7218257977e-01 -3.8499750296e-01
172.000 -0.00000 0.00000 -0.00000 -0.00000 0.00000 -0.00000 -3.9966e-02 9.1861e-01 -1.5423e-02 -2.4824e-04 4.0662e-01 -6.7958e-05 0.43953 0.44358 0.41767 0.01879 0.00677 -0.00388 1.86767e-01 4.16633e-04 -5.7218123106e-01 -3.8499751213e-01
174.000 0.00000 0.00000 -0.00000 -0.00000 0.00000 -0.00000 -1.5683e-03 9.1863e-01 4.0195e-02 -2.4824e-04 4.0662e-01 -6.7958e-05 0.42103 0.44347 0.43629 -0.00001 -0.01915 0.01054 1.86766e-01 4.16942e-04 -5.7218003237e-01 -3.8499752053e-01
176.000 -0.00000 0.00000 0.00000 -0.00000 0.00000 -0.00000 3.5874e-02 9.1864e-01 -1.2529e-02 -2.4824e-04 4.0662e-01 -6.7958e-05 0.42909 0.44339 0.42831 -0.01722 0.00632 -0.01419 1.86764e-01 4.17185e-04 -5.7217906129e-01 -3.8499752821e-01
178.000 -0.00000 0.00000 0.00000 -0.00000 0.00000 -0.00000 -2.3884e-02 9.1860e-01 -2.8507e-02 -2.4824e-04 4.0662e-01 -6.7958e-05 0.43692 0.44336 0.42052 0.01149 0.01331 0.01276 1.86763e-01 4.17400e-04 -5.7217837512e-01 -3.8499753521e-01
180.000 -0.00000 0.00000 -0.00000 -0.00000 0.00000 -0.00000 -1.7805e-02 9.1861e-01 3.0486e-02 -2.4824e-04 4.0662e-01 -6.7958e-05 0.41406 0.44330 0.44344 0.00796 -0.01491 -0.00626 1.86763e-01 4.17617e-04 -5.7217801174e-01 -3.8499754166e-01
182.000 -0.00000 0.00000 -0.00000 -0.00000 0.00000 -0.00000 3.3036e-02 9.1863e-01 4.3821e-03 -2.4824e-04 4.0662e-01 -6.7958e-05 0.44504 0.44323 0.41254 -0.01626 -0.00193 -0.00315 1.86763e-01 4.17851e-04 -5.7217799208e-01 -3.8499754769e-01
184.000 -0.00000 0.00000 0.00000 -0.00000 0.00000 -0.00000 -8.7771e-03 9.1860e-01 -3.2131e-02 -2.4824e-04 4.0662e-01 -6.7958e-05 0.41683 0.44323 0.44075 0.00413 0.01546 0.01197 1.86763e-01 4.18099e-04 -5.7217832295e-01 -3.8499755346e-01
186.000 -0.00000 -0.00000 -0.00000 -0.00000 0.00000 -0.00000 -2.6632e-02 9.1860e-01 1.9344e-02 -2.4824e-04 4.0662e-01 -6.7958e-05 0.43202 0.44322 0.42556 0.01261 -0.00952 -0.01681 1.86763e-01 4.18340e-04 -5.7217899946e-01 -3.8499755913e-01
188.000 -0.00000 0.00000 0.00000 -0.00000 0.00000 -0.00000 2.7421e-02 9.1864e-01 1.6477e-02 -2.4824e-04 4.0662e-01 -6.7958e-05 0.43554 0.44318 0.42208 -0.01355 -0.00811 0.01575 1.86764e-01 4.18541e-04 -5.7218000643e-01 -3.8499756487e-01
190.000 -0.00000 -0.00000 -0.00000 -0.00000 0.00000 -0.00000 4.2257e-03 9.1862e-01 -3.2806e-02 -2.4824e-04 4.0662e-01 -6.7958e-05 0.41457 0.44322 0.44300 -0.00251 0.01579 -0.00919 1.86765e-01 4.18653e-04 -5.7218131875e-01 -3.8499757084e-01
192.000 -0.00000 0.00000 -0.00000 -0.00000 0.00000 -0.00000 -3.3466e-02 9.1861e-01 7.9075e-03 -2.4824e-04 4.0662e-01 -6.7958e-05 0.44529 0.44326 0.41223 0.01596 -0.00364 -0.00035 1.86767e-01 4.18627e-04 -5.7218290041e-01 -3.8499757721e-01
194.000 0.00000 0.00000 -0.00000 -0.00000 0.00000 -0.00000 1.9815e-02 9.1866e-01 2.8461e-02 -2.4824e-04 4.0662e-01 -6.7958e-05 0.41573 0.44326 0.44177 -0.00952 -0.01396 0.00923 1.86769e-01 4.18414e-04 -5.7218470288e-01 -3.8499758409e-01
196.000 0.00000 0.00000 -0.00000 -0.00000 0.00000 -0.00000 1.9603e-02 9.1866e-01 -3.0790e-02 -2.4824e-04 4.0662e-01 -6.7958e-05 0.43405 0.44332 0.42339 -0.01001 0.01442 -0.01422 1.86771e-01 4.17976e-04 -5.7218666292e-01 -3.8499759161e-01
198.000 0.00000 -0.00000 -0.00000 -0.00000 0.00000 -0.00000 -3.8063e-02 9.1864e-01 -8.5826e-03 -2.4824e-04 4.0662e-01 -6.7958e-05 0.43202 0.44341 0.42531 0.01776 0.00447 0.01378 1.86774e-01 4.17305e-04 -5.7218870096e-01 -3.8499759986e-01
200.000 -0.00000 0.00000 -0.00000 -0.00000 0.00000 -0.00000 4.7184e-03 9.1869e-01 3.9815e-02 -2.4824e-04 4.0662e-01 -6.7958e-05 0.41897 0.44344 0.43832 -0.00205 -0.01903 -0.00867 1.86777e-01 4.16425e-04 -5.7219072074e-01 -3.8499760888e-01
202.000 0.00000 0.00000 -0.00000 -0.00000 0.00000 -0.00000 3.6960e-02 9.1871e-01 -1.9497e-02 -2.4824e-04 4.0662e-01 -6.7958e-05 0.44012 0.44350 0.41709 -0.01795 0.00872 0.00147 1.86780e-01 4.15410e-04 -5.7219261127e-01 -3.8499761868e-01
204.000 0.00000 0.00000 0.00000 -0.00000 0.00000 -0.00000 -3.2574e-02 9.1868e-01 -3.0383e-02 -2.4824e-04 4.0662e-01 -6.7958e-05 0.41966 0.44362 0.43742 0.01476 0.01456 0.00463 1.86782e-01 4.14374e-04 -5.7219425208e-01 -3.8499762920e-01
206.000 -0.00000 0.00000 -0.00000 -0.00000 0.00000 -0.00000 -1.9356e-02 9.1871e-01 4.1469e-02 -2.4824e-04 4.0662e-01 -6.7958e-05 0.43224 0.44366 0.42479 0.00917 -0.01940 -0.00735 1.86784e-01 4.13463e-04 -5.7219552206e-01 -3.8499764037e-01
208.000 -0.00000 -0.00000 -0.00000 -0.00000 0.00000 -0.00000 4.6265e-02 9.1876e-01 4.3462e-03 -2.4824e-04 4.0662e-01 -6.7958e-05 0.42958 0.44369 0.42741 -0.02193 -0.00241 0.00626 1.86786e-01 4.12825e-04 -5.7219631149e-01 -3.8499765206e-01
210.000 -0.00000 -0.00000 0.00000 -0.00000 0.00000 -0.00000 -1.1494e-02 9.1871e-01 -4.6963e-02 -2.4824e-04 4.0662e-01 -6.7958e-05 0.42517 0.44378 0.43173 0.00490 0.02196 -0.00285 1.86786e-01 4.12573e-04 -5.7219653576e-01 -3.8499766412e-01
212.000 -0.00000 -0.00000 -0.00000 -0.00000 0.00000 -0.00000 -4.2004e-02 9.1870e-01 2.5411e-02 -2.4824e-04 4.0662e-01 -6.7958e-05 0.43076 0.44382 0.42611 0.01943 -0.01188 -0.00035 1.86786e-01 4.12749e-04 -5.7219614836e-01 -3.8499767636e-01
214.000 -0.00000 0.00000 0.00000 -0.00000 0.00000 -0.00000 3.6958e-02 9.1875e-01 3.1173e-02 -2.4824e-04 4.0662e-01 -6.7958e-05 0.42888 0.44378 0.42802 -0.01756 -0.01465 0.00123 1.86784e-01 4.13304e-04 -5.7219515008e-01 -3.8499768863e-01
216.000 -0.00000 0.00000 -0.00000 -0.00000 0.00000 -0.00000 1.7162e-02 9.1871e-01 -4.5417e-02 -2.4824e-04 4.0662e-01 -6.7958e-05 0.42585 0.44380 0.43104 -0.00819 0.02122 0.00073 1.86782e-01 4.14104e-04 -5.7219359191e-01 -3.8499770074e-01
218.000 -0.00000 -0.00000 -0.00000 -0.00000 0.00000 -0.00000 -4.8410e-02 9.1866e-01 -2.5243e-03 -2.4824e-04 4.0662e-01 -6.7958e-05 0.43063 0.44380 0.42627 0.02241 0.00088 -0.00417 1.86779e-01 4.14967e-04 -5.7219157056e-01 -3.8499771253e-01
220.000 0.00000 0.00000 0.00000 -0.00000 0.00000 -0.00000 1.2215e-02 9.1869e-01 4.4881e-02 -2.4824e-04 4.0662e-01 -6.7958e-05 0.42976 0.44372 0.42724 -0.00631 -0.02103 0.00659 1.86776e-01 4.15703e-04 -5.7218921708e-01 -3.8499772388e-01
222.000 -0.00000 -0.00000 0.00000 -0.00000 0.00000 -0.00000 3.6751e-02 9.1868e-01 -2.5992e-02 -2.4824e-04 4.0662e-01 -6.7958e-05 0.42225 0.44366 0.43482 -0.01733 0.01246 -0.00583 1.86773e-01 4.16168e-04 -5.7218668105e-01 -3.8499773465e-01
224.000 -0.00000 -0.00000 -0.00000 -0.00000 0.00000 -0.00000 -3.5843e-02 9.1862e-01 -2.5954e-02 -2.4824e-04 4.0662e-01 -6.7958e-05 0.43877 0.44363 0.41834 0.01689 0.01180 0.00132 1.86770e-01 4.16286e-04 -5.7218411377e-01 -3.8499774476e-01
226.000 0.00000 -0.00000 0.00000 -0.00000 0.00000 -0.00000 -1.2617e-02 9.1864e-01 3.9947e-02 -2.4824e-04 4.0662e-01 -6.7958e-05 0.41808 0.44354 0.43915 0.00523 -0.01910 0.00548 1.86768e-01 4.16055e-04 -5.7218165355e-01 -3.8499775417e-01
228.000 -0.00000 0.00000 -0.00000 -0.00000 0.00000 -0.00000 3.9356e-02 9.1865e-01 -2.3152e-03 -2.4824e-04 4.0662e-01 -6.7958e-05 0.43489 0.44344 0.42246 -0.01893 0.00149 -0.01167 1.86766e-01 4.15536e-04 -5.7217941555e-01 -3.8499776286e-01
230.000 0.00000 -0.00000 0.00000 -0.00000 0.00000 -0.00000 -1.5686e-02 9.1861e-01 -3.5138e-02 -2.4824e-04 4.0662e-01 -6.7958e-05 0.43029 0.44341 0.42710 0.00762 0.01651 0.01427 1.86765e-01 4.14822e-04 -5.7217748662e-01 -3.8499777086e-01
232.000 -0.00000 0.00000 0.00000 -0.00000 0.00000 -0.00000 -2.6666e-02 9.1861e-01 2.5194e-02 -2.4824e-04 4.0662e-01 -6.7958e-05 0.41875 0.44334 0.43871 0.01220 -0.01244 -0.01162 1.86764e-01 4.14015e-04 -5.7217592501e-01 -3.8499777825e-01
234.000 -0.00000 0.00000 0.00000 -0.00000 0.00000 -0.00000 3.1170e-02 9.1864e-01 1.4347e-02 -2.4824e-04 4.0662e-01 -6.7958e-05 0.44429 0.44326 0.41327 -0.01541 -0.00667 0.00423 1.86764e-01 4.13207e-04 -5.7217476319e-01 -3.8499778513e-01
236.000 -0.00000 0.00000 -0.00000 -0.00000 0.00000 -0.00000 1.0838e-03 9.1861e-01 -3.3812e-02 -2.4824e-04 4.0662e-01 -6.7958e-05 0.41307 0.44324 0.44450 -0.00056 0.01628 0.00536 1.86764e-01 4.12465e-04 -5.7217401263e-01 -3.8499779161e-01
238.000 -0.00000 0.00000 -0.00000 -0.00000 0.00000 -0.00000 -3.1593e-02 9.1860e-01 1.0750e-02 -2.4824e-04 4.0662e-01 -6.7958e-05 0.43901 0.44323 0.41858 0.01499 -0.00544 -0.01353 1.86764e-01 4.11830e-04 -5.7217366875e-01 -3.8499779784e-01
240.000 0.00000 0.00000 -0.00000 -0.00000 0.00000 -0.00000 2.1100e-02 9.1864e-01 2.4100e-02 -2.4824e-04 4.0662e-01 -6.7958e-05 0.42792 0.44318 0.42972 -0.01055 -0.01174 0.01710 1.86765e-01 4.11317e-04 -5.7217371534e-01 -3.8499780397e-01
242.000 -0.00000 -0.00000 -0.00000 -0.00000 0.00000 -0.00000 1.3607e-02 9.1863e-01 -2.9514e-02 -2.4824e-04 4.0662e-01 -6.7958e-05 0.42002 0.44320 0.43761 -0.00696 0.01420 -0.01465 1.86765e-01 4.10923e-04 -5.7217412764e-01 -3.8499781012e-01
244.000 -0.00000 -0.00000 -0.00000 -0.00000 0.00000 -0.00000 -3.3635e-02 9.1861e-01 -2.1316e-03 -2.4824e-04 4.0662e-01 -6.7958e-05 0.44407 0.44323 0.41351 0.01601 0.00115 0.00711 1.86766e-01 4.10629e-04 -5.7217487402e-01 -3.8499781646e-01
246.000 0.00000 -0.00000 -0.00000 -0.00000 0.00000 -0.00000 1.0314e-02 9.1865e-01 3.2149e-02 -2.4824e-04 4.0662e-01 -6.7958e-05 0.41256 0.44323 0.44502 -0.00499 -0.01568 0.00262 1.86768e-01 4.10410e-04 -5.7217591618e-01 -3.8499782309e-01
248.000 0.00000 -0.00000 -0.00000 -0.00000 0.00000 -0.00000 2.6472e-02 9.1866e-01 -2.3000e-02 -2.4824e-04 4.0662e-01 -6.7958e-05 0.44030 0.44327 0.41723 -0.01323 0.01068 -0.01084 1.86769e-01 4.10240e-04 -5.7217720826e-01 -3.8499783013e-01
250.000 -0.00000 0.00000 0.00000 -0.00000 0.00000 -0.00000 -3.3005e-02 9.1863e-01 -1.7915e-02 -2.4824e-04 4.0662e-01 -6.7958e-05 0.42544 0.44336 0.43199 0.01530 0.00888 0.01463 1.86771e-01 4.10100e-04 -5.7217869531e-01 -3.8499783767e-01
252.000 -0.00000 0.00000 -0.00000 -0.00000 0.00000 -0.00000 -6.0307e-03 9.1866e-01 3.8236e-02 -2.4824e-04 4.0662e-01 -6.7958e-05 0.42352 0.44340 0.43386 0.00305 -0.01822 -0.01298 1.86772e-01 4.09981e-04 -5.7218031171e-01 -3.8499784574e-01
254.000 -0.00000 0.00000 -0.00000 -0.00000 0.00000 -0.00000 3.9218e-02 9.1869e-01 -8.6078e-03 -2.4824e-04 4.0662e-01 -6.7958e-05 0.43925 0.44345 0.41806 -0.01895 0.00354 0.00711 1.86774e-01 4.09893e-04 -5.7218198036e-01 -3.8499785440e-01
256.000 -0.00000 -0.00000 -0.00000 -0.00000 0.00000 -0.00000 -2.2909e-02 9.1866e-01 -3.6373e-02 -2.4824e-04 4.0662e-01 -6.7958e-05 0.41727 0.44356 0.43992 0.01014 0.01735 0.00014 1.86776e-01 4.09860e-04 -5.7218361358e-01 -3.8499786362e-01
258.000 -0.00000 -0.00000 0.00000 -0.00000 0.00000 -0.00000 -2.8481e-02 9.1867e-01 3.4310e-02 -2.4824e-04 4.0662e-01 -6.7958e-05 0.43642 0.44363 0.42070 0.01347 -0.01596 -0.00566 1.86777e-01 4.09922e-04 -5.7218511638e-01 -3.8499787339e-01
260.000 -0.00000 -0.00000 -0.00000 -0.00000 0.00000 -0.00000 4.2623e-02 9.1872e-01 1.5564e-02 -2.4824e-04 4.0662e-01 -6.7958e-05 0.42603 0.44366 0.43105 -0.02016 -0.00772 0.00750 1.86778e-01 4.10122e-04 -5.7218639270e-01 -3.8499788367e-01
262.000 -0.00000 0.00000 0.00000 -0.00000 0.00000 -0.00000 4.4313e-04 9.1868e-01 -4.7418e-02 -2.4824e-04 4.0662e-01 -6.7958e-05 0.42661 0.44375 0.43037 -0.00077 0.02214 -0.00569 1.86779e-01 4.10496e-04 -5.7218735419e-01 -3.8499789438e-01
264.000 -0.00000 0.00000 -0.00000 -0.00000 0.00000 -0.00000 -4.6592e-02 9.1867e-01 1.4272e-02 -2.4824e-04 4.0662e-01 -6.7958e-05 0.43183 0.44382 0.42508 0.02160 -0.00657 0.00206 1.86779e-01 4.11060e-04 -5.7218793072e-01 -3.8499790544e-01
266.000 -0.00000 0.00000 0.00000 -0.00000 0.00000 -0.00000 2.8059e-02 9.1871e-01 3.9361e-02 -2.4824e-04 4.0662e-01 -6.7958e-05 0.42659 0.44380 0.43034 -0.01333 -0.01854 0.00079 1.86778e-01 4.11797e-04 -5.7218808047e-01 -3.8499791676e-01
268.000 -0.00000 -0.00000 -0.00000 -0.00000 0.00000 -0.00000 2.7912e-02 9.1869e-01 -3.9905e-02 -2.4824e-04 4.0662e-01 -6.7958e-05 0.42750 0.44382 0.42941 -0.01330 0.01861 -0.00103 1.86777e-01 4.12657e-04 -5.7218779736e-01 -3.8499792821e-01
270.000 -0.00000 -0.00000 0.00000 -0.00000 0.00000 -0.00000 -4.6960e-02 9.1864e-01 -1.4449e-02 -2.4824e-04 4.0662e-01 -6.7958e-05 0.43115 0.44384 0.42574 0.02175 0.00655 -0.00143 1.86776e-01 4.13567e-04 -5.7218711381e-01 -3.8499793962e-01
272.000 -0.00000 -0.00000 -0.00000 -0.00000 0.00000 -0.00000 6.4174e-04 9.1867e-01 4.7607e-02 -2.4824e-04 4.0662e-01 -6.7958e-05 0.42686 0.44377 0.43010 -0.00082 -0.02237 0.00483 1.86774e-01 4.14448e-04 -5.7218609767e-01 -3.8499795084e-01
274.000 -0.00000 0.00000 -0.00000 -0.00000 0.00000 -0.00000 4.3202e-02 9.1868e-01 -1.6208e-02 -2.4824e-04 4.0662e-01 -6.7958e-05 0.42618 0.44371 0.43086 -0.02043 0.00784 -0.00666 1.86772e-01 4.15234e-04 -5.7218484394e-01 -3.8499796167e-01
276.000 0.00000 0.00000 0.00000 -0.00000 0.00000 -0.00000 -2.8996e-02 9.1862e-01 -3.5205e-02 -2.4824e-04 4.0662e-01 -6.7958e-05 0.43589 0.44369 0.42118 0.01368 0.01623 0.00503 1.86770e-01 4.15882e-04 -5.7218346305e-01 -3.8499797196e-01
278.000 0.00000 -0.00000 -0.00000 -0.00000 0.00000 -0.00000 -2.3427e-02 9.1863e-01 3.6756e-02 -2.4824e-04 4.0662e-01 -6.7958e-05 0.41795 0.44361 0.43922 0.01038 -0.01764 0.00016 1.86768e-01 4.16383e-04 -5.7218206829e-01 -3.8499798159e-01
280.000 -0.00000 0.00000 0.00000 -0.00000 0.00000 -0.00000 4.0049e-02 9.1865e-01 8.6807e-03 -2.4824e-04 4.0662e-01 -6.7958e-05 0.43853 0.44350 0.41875 -0.01932 -0.00372 -0.00706 1.86766e-01 4.16756e-04 -5.7218076500e-01 -3.8499799047e-01
282.000 0.00000 -0.00000 -0.00000 -0.00000 0.00000 -0.00000 -5.8293e-03 9.1861e-01 -3.9457e-02 -2.4824e-04 4.0662e-01 -6.7958e-05 0.42408 0.44346 0.43324 0.00296 0.01862 0.01265 1.86765e-01 4.17035e-04 -5.7217964284e-01 -3.8499799860e-01
284.000 0.00000 -0.00000 -0.00000 -0.00000 0.00000 -0.00000 -3.3940e-02 9.1860e-01 1.7596e-02 -2.4824e-04 4.0662e-01 -6.7958e-05 0.42505 0.44340 0.43235 0.01570 -0.00888 -0.01412 1.86764e-01 4.17263e-04 -5.7217877190e-01 -3.8499800601e-01
286.000 -0.00000 -0.00000 -0.00000 -0.00000 0.00000 -0.00000 2.6636e-02 9.1863e-01 2.3597e-02 -2.4824e-04 4.0662e-01 -6.7958e-05 0.44039 0.44331 0.41711 -0.01330 -0.01109 0.01024 1.86763e-01 4.17476e-04 -5.7217820208e-01 -3.8499801280e-01
288.000 0.00000 -0.00000 -0.00000 -0.00000 0.00000 -0.00000 1.1151e-02 9.1861e-01 -3.2768e-02 -2.4824e-04 4.0662e-01 -6.7958e-05 0.41270 0.44327 0.44483 -0.00535 0.01582 -0.00204 1.86762e-01 4.17699e-04 -5.7217796465e-01 -3.8499801907e-01
290.000 0.00000 -0.00000 -0.00000 -0.00000 0.00000 -0.00000 -3.4065e-02 9.1859e-01 1.0727e-03 -2.4824e-04 4.0662e-01 -6.7958e-05 0.44367 0.44326 0.41388 0.01619 -0.00084 -0.00756 1.86762e-01 4.17939e-04 -5.7217807498e-01 -3.8499802499e-01
292.000 -0.00000 -0.00000 0.00000 -0.00000 0.00000 -0.00000 1.2944e-02 9.1862e-01 2.9730e-02 -2.4824e-04 4.0662e-01 -6.7958e-05 0.42053 0.44320 0.43707 -0.00668 -0.01443 0.01489 1.86762e-01 4.18188e-04 -5.7217853528e-01 -3.8499803070e-01
294.000 -0.00000 0.00000 -0.00000 -0.00000 0.00000 -0.00000 2.1703e-02 9.1862e-01 -2.3830e-02 -2.4824e-04 4.0662e-01 -6.7958e-05 0.42733 0.44319 0.43028 -0.01081 0.01149 -0.01709 1.86763e-01 4.18419e-04 -5.7217933675e-01 -3.8499803638e-01
296.000 -0.00000 0.00000 -0.00000 -0.00000 0.00000 -0.00000 -3.1104e-02 9.1860e-01 -1.1737e-02 -2.4824e-04 4.0662e-01 -6.7958e-05 0.43952 0.44323 0.41805 0.01478 0.00572 0.01326 1.86764e-01 4.18592e-04 -5.7218046055e-01 -3.8499804219e-01
298.000 -0.00000 -0.00000 -0.00000 -0.00000 0.00000 -0.00000 3.2842e-04 9.1863e-01 3.3114e-02 -2.4824e-04 4.0662e-01 -6.7958e-05 0.41270 0.44322 0.44486 -0.00024 -0.01611 -0.00489 1.86765e-01 4.18660e-04 -5.7218187768e-01 -3.8499804829e-01
300.000 0.00000 -0.00000 -0.00000 -0.00000 0.00000 -0.00000 3.0898e-02 9.1865e-01 -1.3828e-02 -2.4824e-04 4.0662e-01 -6.7958e-05 0.44440 0.44324 0.41313 -0.01529 0.00631 -0.00481 1.86767e-01 4.18569e-04 -5.7218354771e-01 -3.8499805483e-01
302.000 0.00000 0.00000 -0.00000 -0.00000 0.00000 -0.00000 -2.5788e-02 9.1862e-01 -2.5376e-02 -2.4824e-04 4.0662e-01 -6.7958e-05 0.41889 0.44331 0.43855 0.01183 0.01238 0.01222 1.86769e-01 4.18275e-04 -5.7218541688e-01 -3.8499806194e-01
304.000 -0.00000 -0.00000 0.00000 -0.00000 0.00000 -0.00000 -1.5730e-02 9.1865e-01 3.3934e-02 -2.4824e-04 4.0662e-01 -6.7958e-05 0.42988 0.44335 0.42752 0.00764 -0.01612 -0.01478 1.86772e-01 4.17750e-04 -5.7218741603e-01 -3.8499806972e-01
306.000 0.00000 -0.00000 -0.00000 -0.00000 0.00000 -0.00000 3.8493e-02 9.1869e-01 2.2303e-03 -2.4824e-04 4.0662e-01 -6.7958e-05 0.43551 0.44339 0.42184 -0.01855 -0.00160 0.01196 1.86774e-01 4.16996e-04 -5.7218945933e-01 -3.8499807826e-01
308.000 -0.00000 -0.00000 0.00000 -0.00000 0.00000 -0.00000 -1.2231e-02 9.1867e-01 -3.9482e-02 -2.4824e-04 4.0662e-01 -6.7958e-05 0.41736 0.44349 0.43986 0.00505 0.01876 -0.00546 1.86777e-01 4.16056e-04 -5.7219144464e-01 -3.8499808756e-01
310.000 0.00000 0.00000 -0.00000 -0.00000 0.00000 -0.00000 -3.5214e-02 9.1868e-01 2.5141e-02 -2.4824e-04 4.0662e-01 -6.7958e-05 0.43946 0.44357 0.41768 0.01662 -0.01157 -0.00169 1.86780e-01 4.15017e-04 -5.7219325667e-01 -3.8499809764e-01
312.000 0.00000 -0.00000 -0.00000 -0.00000 0.00000 -0.00000 3.6192e-02 9.1874e-01 2.5227e-02 -2.4824e-04 4.0662e-01 -6.7958e-05 0.42181 0.44359 0.43529 -0.01707 -0.01228 0.00652 1.86783e-01 4.14010e-04 -5.7219477348e-01 -3.8499810842e-01
314.000 -0.00000 -0.00000 -0.00000 -0.00000 0.00000 -0.00000 1.1921e-02 9.1872e-01 -4.4651e-02 -2.4824e-04 4.0662e-01 -6.7958e-05 0.42985 0.44368 0.42715 -0.00621 0.02078 -0.00745 1.86785e-01 4.13184e-04 -5.7219587664e-01 -3.8499811980e-01
316.000 -0.00000 -0.00000 0.00000 -0.00000 0.00000 -0.00000 -4.7960e-02 9.1870e-01 2.3883e-03 -2.4824e-04 4.0662e-01 -6.7958e-05 0.43100 0.44377 0.42592 0.02222 -0.00092 0.00499 1.86786e-01 4.12680e-04 -5.7219646414e-01 -3.8499813164e-01
318.000 -0.00000 -0.00000 -0.00000 -0.00000 0.00000 -0.00000 1.7282e-02 9.1874e-01 4.4784e-02 -2.4824e-04 4.0662e-01 -6.7958e-05 0.42512 0.44376 0.43180 -0.00820 -0.02110 -0.00129 1.86786e-01 4.12587e-04 -5.7219646418e-01 -3.8499814378e-01
320.000 -0.00000 0.00000 -0.00000 -0.00000 0.00000 -0.00000 3.6749e-02 9.1874e-01 -3.1630e-02 -2.4824e-04 4.0662e-01 -6.7958e-05 0.42981 0.44379 0.42708 -0.01750 0.01467 -0.00110 1.86785e-01 4.12914e-04 -5.7219584701e-01 -3.8499815606e-01
322.000 0.00000 -0.00000 -0.00000 -0.00000 0.00000 -0.00000 -4.2248e-02 9.1868e-01 -2.5581e-02 -2.4824e-04 4.0662e-01 -6.7958e-05 0.42988 0.44384 0.42696 0.01952 0.01185 0.00069 1.86783e-01 4.13579e-04 -5.7219463212e-01 -3.8499816828e-01
324.000 -0.00000 0.00000 -0.00000 -0.00000 0.00000 -0.00000 -1.1354e-02 9.1870e-01 4.7025e-02 -2.4824e-04 4.0662e-01 -6.7958e-05 0.42574 0.44380 0.43116 0.00488 -0.02212 0.00213 1.86780e-01 4.14425e-04 -5.7219288844e-01 -3.8499818029e-01
326.000 -0.00000 -0.00000 0.00000 -0.00000 0.00000 -0.00000 4.6747e-02 9.1871e-01 -4.8762e-03 -2.4824e-04 4.0662e-01 -6.7958e-05 0.42942 0.44374 0.42755 -0.02215 0.00247 -0.00537 1.86777e-01 4.15261e-04 -5.7219072707e-01 -3.8499819194e-01
328.000 0.00000 0.00000 0.00000 -0.00000 0.00000 -0.00000 -1.9722e-02 9.1865e-01 -4.2320e-02 -2.4824e-04 4.0662e-01 -6.7958e-05 0.43195 0.44373 0.42505 0.00930 0.01965 0.00654 1.86774e-01 4.15911e-04 -5.7218828790e-01 -3.8499820308e-01
330.000 0.00000 0.00000 0.00000 -0.00000 0.00000 -0.00000 -3.3107e-02 9.1864e-01 3.0614e-02 -2.4824e-04 4.0662e-01 -6.7958e-05 0.42024 0.44367 0.43683 0.01501 -0.01478 -0.00409 1.86771e-01 4.16251e-04 -5.7218572308e-01 -3.8499821361e-01
332.000 0.00000 -0.00000 0.00000 -0.00000 0.00000 -0.00000 3.7659e-02 9.1867e-01 1.9637e-02 -2.4824e-04 4.0662e-01 -6.7958e-05 0.43939 0.44356 0.41781 -0.01825 -0.00894 -0.00166 1.86769e-01 4.16236e-04 -5.7218318057e-01 -3.8499822347e-01
334.000 -0.00000 0.00000 -0.00000 -0.00000 0.00000 -0.00000 5.0231e-03 9.1863e-01 -4.0943e-02 -2.4824e-04 4.0662e-01 -6.7958e-05 0.41966 0.44351 0.43760 -0.00219 0.01938 0.00852 1.86767e-01 4.15889e-04 -5.7218079101e-01 -3.8499823261e-01
336.000 -0.00000 -0.00000 -0.00000 -0.00000 0.00000 -0.00000 -3.8948e-02 9.1860e-01 8.1446e-03 -2.4824e-04 4.0662e-01 -6.7958e-05 0.43149 0.44346 0.42584 0.01814 -0.00442 -0.01337 1.86765e-01 4.15285e-04 -5.7217865937e-01 -3.8499824104e-01
338.000 -0.00000 -0.00000 0.00000 -0.00000 0.00000 -0.00000 1.9649e-02 9.1864e-01 3.1376e-02 -2.4824e-04 4.0662e-01 -6.7958e-05 0.43433 0.44335 0.42311 -0.01003 -0.01482 0.01365 1.86764e-01 4.14525e-04 -5.7217686169e-01 -3.8499824880e-01
340.000 0.00000 -0.00000 -0.00000 -0.00000 0.00000 -0.00000 2.0671e-02 9.1862e-01 -2.8976e-02 -2.4824e-04 4.0662e-01 -6.7958e-05 0.41573 0.44331 0.44178 -0.00990 0.01405 -0.00862 1.86763e-01 4.13708e-04 -5.7217544618e-01 -3.8499825599e-01
342.000 -0.00000 0.00000 0.00000 -0.00000 0.00000 -0.00000 -3.3808e-02 9.1859e-01 -9.0053e-03 -2.4824e-04 4.0662e-01 -6.7958e-05 0.44505 0.44329 0.41248 0.01611 0.00396 -0.00020 1.86763e-01 4.12918e-04 -5.7217443691e-01 -3.8499826270e-01
344.000 0.00000 0.00000 -0.00000 -0.00000 0.00000 -0.00000 3.5119e-03 9.1862e-01 3.2948e-02 -2.4824e-04 4.0662e-01 -6.7958e-05 0.41503 0.44322 0.44257 -0.00220 -0.01598 0.00957 1.86763e-01 4.12212e-04 -5.7217383882e-01 -3.8499826908e-01
346.000 -0.00000 0.00000 0.00000 -0.00000 0.00000 -0.00000 2.7961e-02 9.1863e-01 -1.6149e-02 -2.4824e-04 4.0662e-01 -6.7958e-05 0.43498 0.44319 0.42265 -0.01379 0.00784 -0.01589 1.86764e-01 4.11622e-04 -5.7217364255e-01 -3.8499827525e-01
348.000 -0.00000 -0.00000 -0.00000 -0.00000 0.00000 -0.00000 -2.6076e-02 9.1860e-01 -2.0276e-02 -2.4824e-04 4.0662e-01 -6.7958e-05 0.43261 0.44322 0.42500 0.01238 0.00978 0.01669 1.86764e-01 4.11155e-04 -5.7217382843e-01 -3.8499828137e-01
350.000 -0.00000 -0.00000 -0.00000 -0.00000 0.00000 -0.00000 -9.4862e-03 9.1862e-01 3.1354e-02 -2.4824e-04 4.0662e-01 -6.7958e-05 0.41637 0.44321 0.44124 0.00443 -0.01525 -0.01163 1.86765e-01 4.10800e-04 -5.7217436903e-01 -3.8499828758e-01
352.000 0.00000 0.00000 -0.00000 -0.00000 0.00000 -0.00000 3.2670e-02 9.1865e-01 -3.8955e-03 -2.4824e-04 4.0662e-01 -6.7958e-05 0.44533 0.44321 0.41228 -0.01610 0.00158 0.00264 1.86766e-01 4.10537e-04 -5.7217523027e-01 -3.8499829401e-01
354.000 -0.00000 0.00000 -0.00000 -0.00000 0.00000 -0.00000 -1.6935e-02 9.1862e-01 -3.0558e-02 -2.4824e-04 4.0662e-01 -6.7958e-05 0.41406 0.44327 0.44348 0.00759 0.01480 0.00685 1.86768e-01 4.10339e-04 -5.7217637119e-01 -3.8499830078e-01
356.000 -0.00000 -0.00000 0.00000 -0.00000 0.00000 -0.00000 -2.3809e-02 9.1863e-01 2.7279e-02 -2.4824e-04 4.0662e-01 -6.7958e-05 0.43670 0.44331 0.42078 0.01144 -0.01291 -0.01333 1.86769e-01 4.10182e-04 -5.7217774275e-01 -3.8499830800e-01
358.000 -0.00000 -0.00000 -0.00000 -0.00000 0.00000 -0.00000 3.4944e-02 9.1868e-01 1.2330e-02 -2.4824e-04 4.0662e-01 -6.7958e-05 0.42959 0.44334 0.42785 -0.01681 -0.00637 0.01462 1.86771e-01 4.10050e-04 -5.7217928618e-01 -3.8499831573e-01
360.000 0.00000 0.00000 0.00000 -0.00000 0.00000 -0.00000 -1.2727e-03 9.1865e-01 -3.9621e-02 -2.4824e-04 4.0662e-01 -6.7958e-05 0.42039 0.44343 0.43695 -0.00015 0.01876 -0.01073 1.86773e-01 4.09941e-04 -5.7218093159e-01 -3.8499832402e-01
362.000 0.00000 0.00000 -0.00000 -0.00000 0.00000 -0.00000 -3.9196e-02 9.1865e-01 1.4657e-02 -2.4824e-04 4.0662e-01 -6.7958e-05 0.44026 0.44352 0.41698 0.01845 -0.00657 0.00375 1.86774e-01 4.09870e-04 -5.7218259773e-01 -3.8499833289e-01
364.000 -0.00000 0.00000 -0.00000 -0.00000 0.00000 -0.00000 2.7528e-02 9.1870e-01 3.2726e-02 -2.4824e-04 4.0662e-01 -6.7958e-05 0.41833 0.44355 0.43887 -0.01292 -0.01580 0.00314 1.86776e-01 4.09867e-04 -5.7218419367e-01 -3.8499834232e-01
366.000 -0.00000 -0.00000 -0.00000 -0.00000 0.00000 -0.00000 2.2132e-02 9.1869e-01 -3.8986e-02 -2.4824e-04 4.0662e-01 -6.7958e-05 0.43412 0.44364 0.42298 -0.01103 0.01805 -0.00715 1.86777e-01 4.09975e-04 -5.7218562314e-01 -3.8499835229e-01
368.000 0.00000 0.00000 0.00000 -0.00000 0.00000 -0.00000 -4.6130e-02 9.1866e-01 -9.3261e-03 -2.4824e-04 4.0662e-01 -6.7958e-05 0.42825 0.44374 0.42874 0.02131 0.00464 0.00719 1.86778e-01 4.10237e-04 -5.7218679179e-01 -3.8499836273e-01
370.000 -0.00000 -0.00000 0.00000 -0.00000 0.00000 -0.00000 5.5244e-03 9.1870e-01 4.7135e-02 -2.4824e-04 4.0662e-01 -6.7958e-05 0.42541 0.44376 0.43156 -0.00261 -0.02219 -0.00422 1.86779e-01 4.10682e-04 -5.7218761681e-01 -3.8499837358e-01
372.000 -0.00000 0.00000 -0.00000 -0.00000 0.00000 -0.00000 4.3060e-02 9.1871e-01 -2.1339e-02 -2.4824e-04 4.0662e-01 -6.7958e-05 0.43164 0.44378 0.42530 -0.02049 0.00978 0.00061 1.86778e-01 4.11314e-04 -5.7218803752e-01 -3.8499838476e-01
374.000 -0.00000 -0.00000 0.00000 -0.00000 0.00000 -0.00000 -3.4760e-02 9.1866e-01 -3.5080e-02 -2.4824e-04 4.0662e-01 -6.7958e-05 0.42765 0.44385 0.42922 0.01596 0.01636 0.00125 1.86778e-01 4.12104e-04 -5.7218802475e-01 -3.8499839614e-01
376.000 -0.00000 0.00000 0.00000 -0.00000 0.00000 -0.00000 -2.2824e-02 9.1867e-01 4.3294e-02 -2.4824e-04 4.0662e-01 -6.7958e-05 0.42655 0.44383 0.43035 0.01034 -0.02036 -0.00025 1.86776e-01 4.12992e-04 -5.7218758675e-01 -3.8499840759e-01
378.000 -0.00000 -0.00000 -0.00000 -0.00000 0.00000 -0.00000 4.7204e-02 9.1870e-01 7.0881e-03 -2.4824e-04 4.0662e-01 -6.7958e-05 0.43103 0.44378 0.42593 -0.02239 -0.00321 -0.00285 1.86774e-01 4.13900e-04 -5.7218676978e-01 -3.8499841895e-01
380.000 0.00000 -0.00000 -0.00000 -0.00000 0.00000 -0.00000 -8.7799e-03 9.1865e-01 -4.6820e-02 -2.4824e-04 4.0662e-01 -6.7958e-05 0.42840 0.44378 0.42857 0.00412 0.02182 0.00582 1.86772e-01 4.14753e-04 -5.7218565303e-01 -3.8499843004e-01
382.000 -0.00000 -0.00000 -0.00000 -0.00000 0.00000 -0.00000 -4.0971e-02 9.1863e-01 2.2025e-02 -2.4824e-04 4.0662e-01 -6.7958e-05 0.42390 0.44373 0.43312 0.01879 -0.01074 -0.00626 1.86770e-01 4.15490e-04 -5.7218433869e-01 -3.8499844069e-01
384.000 -0.00000 -0.00000 0.00000 -0.00000 0.00000 -0.00000 3.2395e-02 9.1867e-01 2.9776e-02 -2.4824e-04 4.0662e-01 -6.7958e-05 0.43769 0.44362 0.41946 -0.01580 -0.01377 0.00297 1.86768e-01 4.16083e-04 -5.7218293969e-01 -3.8499845075e-01
386.000 -0.00000 0.00000 0.00000 -0.00000 0.00000 -0.00000 1.6109e-02 9.1863e-01 -3.9506e-02 -2.4824e-04 4.0662e-01 -6.7958e-05 0.41789 0.44357 0.43932 -0.00746 0.01876 0.00327 1.86767e-01 4.16533e-04 -5.7218156748e-01 -3.8499846010e-01
388.000 -0.00000 0.00000 0.00000 -0.00000 0.00000 -0.00000 -4.1343e-02 9.1860e-01 -2.5112e-03 -2.4824e-04 4.0662e-01 -6.7958e-05 0.43647 0.44352 0.42079 0.01935 0.00063 -0.00994 1.86765e-01 4.16866e-04 -5.7218032226e-01 -3.8499846870e-01
390.000 -0.00000 -0.00000 -0.00000 -0.00000 0.00000 -0.00000 1.0675e-02 9.1863e-01 3.7145e-02 -2.4824e-04 4.0662e-01 -6.7958e-05 0.42775 0.44342 0.42963 -0.00580 -0.01761 0.01389 1.86764e-01 4.17122e-04 -5.7217928667e-01 -3.8499847656e-01
392.000 -0.00000 0.00000 -0.00000 -0.00000 0.00000 -0.00000 2.8985e-02 9.1863e-01 -2.2674e-02 -2.4824e-04 4.0662e-01 -6.7958e-05 0.42117 0.44335 0.43628 -0.01388 0.01110 -0.01290 1.86763e-01 4.17340e-04 -5.7217852320e-01 -3.8499848372e-01
394.000 -0.00000 0.00000 -0.00000 -0.00000 0.00000 -0.00000 -3.0816e-02 9.1859e-01 -1.8786e-02 -2.4824e-04 4.0662e-01 -6.7958e-05 0.44298 0.44333 0.41449 0.01473 0.00863 0.00677 1.86762e-01 4.17555e-04 -5.7217807454e-01 -3.8499849030e-01
396.000 -0.00000 -0.00000 0.00000 -0.00000 0.00000 -0.00000 -6.5367e-03 9.1861e-01 3.3512e-02 -2.4824e-04 4.0662e-01 -6.7958e-05 0.41254 0.44326 0.44500 0.00257 -0.01629 0.00249 1.86762e-01 4.17784e-04 -5.7217796571e-01 -3.8499849643e-01
398.000 -0.00000 0.00000 0.00000 -0.00000 0.00000 -0.00000 3.1926e-02 9.1863e-01 -7.0213e-03 -2.4824e-04 4.0662e-01 -6.7958e-05 0.44118 0.44321 0.41642 -0.01569 0.00351 -0.01144 1.86762e-01 4.18029e-04 -5.7217820686e-01 -3.8499850225e-01
400.000 -0.00000 -0.00000 -0.00000 -0.00000 0.00000 -0.00000 -1.8931e-02 9.1859e-01 -2.7122e-02 -2.4824e-04 4.0662e-01 -6.7958e-05 0.42489 0.44322 0.43269 0.00898 0.01304 0.01663 1.86762e-01 4.18275e-04 -5.7217879593e-01 -3.8499850793e-01
