# t x y z vx vy vz omx omy omz llx lly llz Ixx Iyy Izz Ixy Iyz Ixz KErot PEspr PEgrav Etot
0.000 -0.00000 0.00000 -0.00000 0.00000 0.00000 0.00000 2.6768e-02 9.2080e-01 -3.7666e-02 -2.4680e-04 4.0500e-01 -1.5763e-05 0.42907 0.44094 0.43218 -0.01293 0.01779 -0.00451 1.86456e-01 3.02777e-29 -5.7166484209e-01 -3.8520838283e-01
2.000 0.00000 -0.00000 -0.00000 -0.00000 -0.00000 0.00000 -4.4577e-02 9.1890e-01 -1.3727e-02 -2.4680e-04 4.0500e-01 -1.5763e-05 0.43415 0.44184 0.42425 0.02082 0.00639 0.00151 1.86082e-01 4.11005e-04 -5.7210933059e-01 -3.8561656132e-01
4.004 0.00000 -0.00000 -0.00000 -0.00000 -0.00000 0.00000 8.3599e-04 9.1892e-01 4.5592e-02 -2.4680e-04 4.0500e-01 -1.5763e-05 0.42420 0.44180 0.43425 -0.00082 -0.02156 0.00330 1.86080e-01 4.13290e-04 -5.7210983718e-01 -3.8561691022e-01
6.004 -0.00000 -0.00000 0.00000 -0.00000 -0.00000 0.00000 4.1491e-02 9.1894e-01 -1.5887e-02 -2.4680e-04 4.0500e-01 -1.5763e-05 0.43069 0.44175 0.42781 -0.01983 0.00769 -0.00694 1.86079e-01 4.14382e-04 -5.7211037873e-01 -3.8561716544e-01
8.004 -0.00000 -0.00000 -0.00000 -0.00000 -0.00000 0.00000 -2.8667e-02 9.1889e-01 -3.3902e-02 -2.4680e-04 4.0500e-01 -1.5763e-05 0.43340 0.44175 0.42510 0.01352 0.01589 0.00714 1.86078e-01 4.15211e-04 -5.7211080532e-01 -3.8561741318e-01
10.000 -0.00000 -0.00000 0.00000 -0.00000 0.00000 -0.00000 -2.2864e-02 9.1890e-01 3.6624e-02 -2.4680e-04 4.0500e-01 -1.5763e-05 0.42042 0.44170 0.43813 0.01033 -0.01756 -0.00333 1.86078e-01 4.15714e-04 -5.7211112448e-01 -3.8561765125e-01
12.000 -0.00000 0.00000 0.00000 -0.00000 -0.00000 -0.00000 4.0242e-02 9.1893e-01 8.5565e-03 -2.4680e-04 4.0500e-01 -1.5763e-05 0.43943 0.44161 0.41921 -0.01948 -0.00378 -0.00317 1.86077e-01 4.15992e-04 -5.7211135424e-01 -3.8561788003e-01
14.000 -0.00000 -0.00000 0.00000 -0.00000 -0.00000 -0.00000 -6.0352e-03 9.1890e-01 -4.0091e-02 -2.4680e-04 4.0500e-01 -1.5763e-05 0.42259 0.44159 0.43606 0.00292 0.01907 0.00946 1.86077e-01 4.16166e-04 -5.7211151486e-01 -3.8561809881e-01
16.000 0.00000 0.00000 0.00000 -0.00000 -0.00000 -0.00000 -3.5228e-02 9.1889e-01 1.8195e-02 -2.4680e-04 4.0500e-01 -1.5763e-05 0.42910 0.44156 0.42959 0.01643 -0.00900 -0.01253 1.86077e-01 4.16341e-04 -5.7211162900e-01 -3.8561830767e-01
18.000 -0.00000 -0.00000 0.00000 -0.00000 -0.00000 -0.00000 2.7663e-02 9.1892e-01 2.5384e-02 -2.4680e-04 4.0500e-01 -1.5763e-05 0.43743 0.44147 0.42135 -0.01373 -0.01198 0.01062 1.86077e-01 4.16586e-04 -5.7211171847e-01 -3.8561850700e-01
20.004 -0.00000 0.00000 0.00000 -0.00000 0.00000 -0.00000 1.2814e-02 9.1891e-01 -3.4456e-02 -2.4680e-04 4.0500e-01 -1.5763e-05 0.41605 0.44145 0.44276 -0.00622 0.01664 -0.00403 1.86076e-01 4.16922e-04 -5.7211180256e-01 -3.8561869787e-01
22.004 0.00000 -0.00000 -0.00000 -0.00000 -0.00000 -0.00000 -3.6621e-02 9.1888e-01 -2.8812e-04 -2.4680e-04 4.0500e-01 -1.5763e-05 0.44307 0.44144 0.41574 0.01739 -0.00007 -0.00464 1.86076e-01 4.17319e-04 -5.7211189623e-01 -3.8561888059e-01
24.004 -0.00000 0.00000 -0.00000 -0.00000 -0.00000 -0.00000 1.1945e-02 9.1891e-01 3.3113e-02 -2.4680e-04 4.0500e-01 -1.5763e-05 0.42077 0.44139 0.43810 -0.00617 -0.01596 0.01198 1.86075e-01 4.17711e-04 -5.7211201041e-01 -3.8561905694e-01
26.004 0.00000 -0.00000 0.00000 -0.00000 -0.00000 -0.00000 2.5537e-02 9.1891e-01 -2.3453e-02 -2.4680e-04 4.0500e-01 -1.5763e-05 0.42962 0.44137 0.42926 -0.01259 0.01135 -0.01497 1.86075e-01 4.18012e-04 -5.7211215119e-01 -3.8561922863e-01
28.004 -0.00000 0.00000 0.00000 -0.00000 -0.00000 -0.00000 -3.1792e-02 9.1888e-01 -1.5803e-02 -2.4680e-04 4.0500e-01 -1.5763e-05 0.43792 0.44141 0.42093 0.01510 0.00765 0.01236 1.86075e-01 4.18129e-04 -5.7211231999e-01 -3.8561939767e-01
30.004 -0.00000 -0.00000 0.00000 -0.00000 -0.00000 -0.00000 -3.9334e-03 9.1890e-01 3.5004e-02 -2.4680e-04 4.0500e-01 -1.5763e-05 0.41546 0.44139 0.44340 0.00171 -0.01693 -0.00515 1.86075e-01 4.17979e-04 -5.7211251370e-01 -3.8561956629e-01
32.004 -0.00000 0.00000 -0.00000 -0.00000 -0.00000 -0.00000 3.3813e-02 9.1892e-01 -9.6769e-03 -2.4680e-04 4.0500e-01 -1.5763e-05 0.44357 0.44139 0.41529 -0.01663 0.00450 -0.00379 1.86075e-01 4.17504e-04 -5.7211272485e-01 -3.8561973692e-01
34.004 -0.00000 -0.00000 -0.00000 -0.00000 -0.00000 -0.00000 -2.2309e-02 9.1889e-01 -2.9287e-02 -2.4680e-04 4.0500e-01 -1.5763e-05 0.42033 0.44145 0.43846 0.01029 0.01422 0.01094 1.86076e-01 4.16687e-04 -5.7211294183e-01 -3.8561991204e-01
36.004 -0.00000 -0.00000 0.00000 -0.00000 0.00000 -0.00000 -2.0756e-02 9.1890e-01 3.1463e-02 -2.4680e-04 4.0500e-01 -1.5763e-05 0.43034 0.44148 0.42843 0.00992 -0.01499 -0.01360 1.86078e-01 4.15552e-04 -5.7211314921e-01 -3.8562009413e-01
38.000 -0.00000 -0.00000 -0.00000 -0.00000 0.00000 -0.00000 3.7072e-02 9.1894e-01 8.2958e-03 -2.4680e-04 4.0500e-01 -1.5763e-05 0.43612 0.44148 0.42263 -0.01796 -0.00428 0.01105 1.86079e-01 4.14176e-04 -5.7211332780e-01 -3.8562028506e-01
40.000 -0.00000 -0.00000 0.00000 -0.00000 0.00000 -0.00000 -5.8297e-03 9.1892e-01 -3.9462e-02 -2.4680e-04 4.0500e-01 -1.5763e-05 0.41817 0.44156 0.44051 0.00219 0.01887 -0.00462 1.86080e-01 4.12673e-04 -5.7211345679e-01 -3.8562048750e-01
42.000 -0.00000 0.00000 -0.00000 -0.00000 0.00000 -0.00000 -3.7003e-02 9.1887e-01 1.8857e-02 -2.4680e-04 4.0500e-01 -1.5763e-05 0.44006 0.44164 0.41857 0.01751 -0.00872 -0.00275 1.86073e-01 4.10619e-04 -5.7210460606e-01 -3.8562073634e-01
44.000 0.00000 -0.00000 -0.00000 -0.00000 0.00000 -0.00000 3.0339e-02 9.1891e-01 2.8853e-02 -2.4680e-04 4.0500e-01 -1.5763e-05 0.42314 0.44165 0.43548 -0.01449 -0.01395 0.00789 1.86074e-01 4.09463e-04 -5.7210455971e-01 -3.8562085170e-01
46.000 0.00000 0.00000 -0.00000 -0.00000 0.00000 -0.00000 1.6972e-02 9.1891e-01 -3.9807e-02 -2.4680e-04 4.0500e-01 -1.5763e-05 0.42918 0.44171 0.42938 -0.00858 0.01875 -0.00885 1.86075e-01 4.08470e-04 -5.7210439408e-01 -3.8562097246e-01
48.000 -0.00000 0.00000 -0.00000 -0.00000 0.00000 -0.00000 -4.4891e-02 9.1887e-01 -3.6793e-03 -2.4680e-04 4.0500e-01 -1.5763e-05 0.43426 0.44179 0.42422 0.02097 0.00196 0.00574 1.86075e-01 4.07883e-04 -5.7210409180e-01 -3.8562109878e-01
50.000 -0.00000 -0.00000 -0.00000 -0.00000 0.00000 -0.00000 1.0581e-02 9.1890e-01 4.3869e-02 -2.4680e-04 4.0500e-01 -1.5763e-05 0.42278 0.44179 0.43570 -0.00511 -0.02081 -0.00059 1.86075e-01 4.07710e-04 -5.7210363867e-01 -3.8562122948e-01
52.000 0.00000 0.00000 0.00000 -0.00000 0.00000 -0.00000 3.7879e-02 9.1891e-01 -2.5063e-02 -2.4680e-04 4.0500e-01 -1.5763e-05 0.43334 0.44181 0.42512 -0.01823 0.01173 -0.00371 1.86074e-01 4.07886e-04 -5.7210302984e-01 -3.8562136304e-01
54.000 0.00000 -0.00000 -0.00000 -0.00000 -0.00000 -0.00000 -3.6858e-02 9.1886e-01 -2.8565e-02 -2.4680e-04 4.0500e-01 -1.5763e-05 0.42956 0.44187 0.42885 0.01711 0.01351 0.00491 1.86072e-01 4.08283e-04 -5.7210227007e-01 -3.8562149776e-01
56.000 0.00000 -0.00000 0.00000 -0.00000 0.00000 -0.00000 -1.5916e-02 9.1887e-01 4.3515e-02 -2.4680e-04 4.0500e-01 -1.5763e-05 0.42501 0.44186 0.43341 0.00721 -0.02059 -0.00252 1.86071e-01 4.08749e-04 -5.7210137470e-01 -3.8562163201e-01
58.000 0.00000 -0.00000 -0.00000 -0.00000 0.00000 -0.00000 4.5338e-02 9.1890e-01 4.8976e-04 -2.4680e-04 4.0500e-01 -1.5763e-05 0.43432 0.44181 0.42416 -0.02170 -0.00015 -0.00198 1.86069e-01 4.09140e-04 -5.7210036913e-01 -3.8562176435e-01
60.000 -0.00000 -0.00000 -0.00000 0.00000 0.00000 -0.00000 -1.4705e-02 9.1885e-01 -4.3124e-02 -2.4680e-04 4.0500e-01 -1.5763e-05 0.42697 0.44183 0.43149 0.00684 0.02033 0.00595 1.86068e-01 4.09366e-04 -5.7209928707e-01 -3.8562189364e-01
62.000 -0.00000 -0.00000 -0.00000 0.00000 0.00000 -0.00000 -3.6093e-02 9.1884e-01 2.6848e-02 -2.4680e-04 4.0500e-01 -1.5763e-05 0.42630 0.44180 0.43219 0.01668 -0.01292 -0.00690 1.86067e-01 4.09406e-04 -5.7209816749e-01 -3.8562201904e-01
64.000 0.00000 -0.00000 0.00000 0.00000 0.00000 -0.00000 3.5637e-02 9.1887e-01 2.4201e-02 -2.4680e-04 4.0500e-01 -1.5763e-05 0.43711 0.44172 0.42147 -0.01732 -0.01127 0.00384 1.86066e-01 4.09305e-04 -5.7209705095e-01 -3.8562214000e-01
66.000 -0.00000 0.00000 0.00000 0.00000 0.00000 -0.00000 1.0084e-02 9.1885e-01 -4.1095e-02 -2.4680e-04 4.0500e-01 -1.5763e-05 0.41969 0.44169 0.43893 -0.00478 0.01959 0.00217 1.86065e-01 4.09156e-04 -5.7209597586e-01 -3.8562225621e-01
68.000 0.00000 0.00000 0.00000 0.00000 0.00000 -0.00000 -4.1584e-02 9.1882e-01 3.5298e-03 -2.4680e-04 4.0500e-01 -1.5763e-05 0.43629 0.44167 0.42236 0.01951 -0.00202 -0.00846 1.86064e-01 4.09068e-04 -5.7209497538e-01 -3.8562236750e-01
70.000 0.00000 0.00000 0.00000 0.00000 0.00000 0.00000 1.6136e-02 9.1885e-01 3.6215e-02 -2.4680e-04 4.0500e-01 -1.5763e-05 0.42882 0.44159 0.42992 -0.00827 -0.01717 0.01195 1.86062e-01 4.09132e-04 -5.7209407544e-01 -3.8562247385e-01
72.000 -0.00000 -0.00000 -0.00000 0.00000 0.00000 0.00000 2.6894e-02 9.1884e-01 -2.7279e-02 -2.4680e-04 4.0500e-01 -1.5763e-05 0.42231 0.44154 0.43649 -0.01295 0.01325 -0.01068 1.86061e-01 4.09402e-04 -5.7209329394e-01 -3.8562257538e-01
74.000 -0.00000 -0.00000 0.00000 0.00000 0.00000 0.00000 -3.4616e-02 9.1880e-01 -1.5822e-02 -2.4680e-04 4.0500e-01 -1.5763e-05 0.44208 0.44153 0.41672 0.01647 0.00734 0.00474 1.86060e-01 4.09880e-04 -5.7209264111e-01 -3.8562267235e-01
76.000 0.00000 -0.00000 0.00000 0.00000 0.00000 0.00000 -3.2512e-03 9.1882e-01 3.6416e-02 -2.4680e-04 4.0500e-01 -1.5763e-05 0.41579 0.44148 0.44308 0.00106 -0.01756 0.00369 1.86059e-01 4.10518e-04 -5.7209212075e-01 -3.8562276515e-01
78.004 0.00000 -0.00000 0.00000 0.00000 0.00000 0.00000 3.3661e-02 9.1883e-01 -1.0442e-02 -2.4680e-04 4.0500e-01 -1.5763e-05 0.43865 0.44144 0.42027 -0.01647 0.00517 -0.01131 1.86058e-01 4.11233e-04 -5.7209173117e-01 -3.8562285453e-01
80.004 -0.00000 0.00000 0.00000 0.00000 0.00000 0.00000 -2.2273e-02 9.1879e-01 -2.7784e-02 -2.4680e-04 4.0500e-01 -1.5763e-05 0.42846 0.44145 0.43044 0.01057 0.01336 0.01481 1.86057e-01 4.11910e-04 -5.7209146986e-01 -3.8562294085e-01
82.004 -0.00000 -0.00000 -0.00000 0.00000 0.00000 0.00000 -1.8412e-02 9.1879e-01 3.0041e-02 -2.4680e-04 4.0500e-01 -1.5763e-05 0.42164 0.44144 0.43727 0.00860 -0.01457 -0.01278 1.86056e-01 4.12431e-04 -5.7209133043e-01 -3.8562302516e-01
84.004 0.00000 -0.00000 0.00000 0.00000 0.00000 0.00000 3.3982e-02 9.1882e-01 5.6739e-03 -2.4680e-04 4.0500e-01 -1.5763e-05 0.44322 0.44141 0.41572 -0.01670 -0.00280 0.00595 1.86056e-01 4.12690e-04 -5.7209130726e-01 -3.8562310848e-01
86.004 0.00000 0.00000 0.00000 0.00000 0.00000 0.00000 -7.8224e-03 9.1880e-01 -3.4617e-02 -2.4680e-04 4.0500e-01 -1.5763e-05 0.41496 0.44145 0.44394 0.00338 0.01673 0.00301 1.86056e-01 4.12600e-04 -5.7209139556e-01 -3.8562319191e-01
88.004 -0.00000 0.00000 0.00000 0.00000 0.00000 0.00000 -3.0712e-02 9.1879e-01 1.9511e-02 -2.4680e-04 4.0500e-01 -1.5763e-05 0.43929 0.44148 0.41958 0.01464 -0.00928 -0.01060 1.86056e-01 4.12120e-04 -5.7209159176e-01 -3.8562327667e-01
90.004 0.00000 0.00000 0.00000 0.00000 0.00000 0.00000 2.9123e-02 9.1883e-01 2.1673e-02 -2.4680e-04 4.0500e-01 -1.5763e-05 0.42761 0.44147 0.43126 -0.01415 -0.01063 0.01390 1.86057e-01 4.11254e-04 -5.7209189360e-01 -3.8562336399e-01
92.004 0.00000 -0.00000 0.00000 0.00000 0.00000 0.00000 9.6045e-03 9.1882e-01 -3.6457e-02 -2.4680e-04 4.0500e-01 -1.5763e-05 0.42310 0.44152 0.43572 -0.00516 0.01739 -0.01182 1.86059e-01 4.10066e-04 -5.7209229959e-01 -3.8562345509e-01
94.004 0.00000 0.00000 0.00000 0.00000 0.00000 0.00000 -3.9423e-02 9.1880e-01 3.1515e-03 -2.4680e-04 4.0500e-01 -1.5763e-05 0.44072 0.44159 0.41803 0.01862 -0.00121 0.00552 1.86061e-01 4.08678e-04 -5.7209280821e-01 -3.8562355109e-01
96.004 -0.00000 -0.00000 -0.00000 0.00000 0.00000 0.00000 1.6239e-02 9.1885e-01 3.6549e-02 -2.4680e-04 4.0500e-01 -1.5763e-05 0.41784 0.44160 0.44089 -0.00774 -0.01759 0.00214 1.86063e-01 4.07262e-04 -5.7209341658e-01 -3.8562365293e-01
98.004 0.00000 -0.00000 -0.00000 0.00000 0.00000 0.00000 2.9144e-02 9.1886e-01 -2.9073e-02 -2.4680e-04 4.0500e-01 -1.5763e-05 0.43659 0.44164 0.42210 -0.01437 0.01359 -0.00789 1.86064e-01 4.06017e-04 -5.7209411898e-01 -3.8562376122e-01
100.004 0.00000 0.00000 -0.00000 0.00000 0.00000 0.00000 -3.8931e-02 9.1883e-01 -1.8937e-02 -2.4680e-04 4.0500e-01 -1.5763e-05 0.42852 0.44173 0.43007 0.01808 0.00925 0.00954 1.86066e-01 4.05145e-04 -5.7209490523e-01 -3.8562387618e-01
102.004 0.00000 -0.00000 0.00000 0.00000 0.00000 0.00000 -5.9261e-03 9.1886e-01 4.3532e-02 -2.4680e-04 4.0500e-01 -1.5763e-05 0.42450 0.44176 0.43406 0.00279 -0.02063 -0.00687 1.86067e-01 4.04807e-04 -5.7209575945e-01 -3.8562399753e-01
104.004 -0.00000 -0.00000 0.00000 0.00000 0.00000 0.00000 4.3311e-02 9.1889e-01 -9.3621e-03 -2.4680e-04 4.0500e-01 -1.5763e-05 0.43626 0.44177 0.42227 -0.02081 0.00420 0.00170 1.86067e-01 4.05090e-04 -5.7209665952e-01 -3.8562412447e-01
106.004 0.00000 -0.00000 0.00000 0.00000 0.00000 0.00000 -2.3963e-02 9.1884e-01 -3.9156e-02 -2.4680e-04 4.0500e-01 -1.5763e-05 0.42401 0.44184 0.43445 0.01092 0.01858 0.00313 1.86067e-01 4.05981e-04 -5.7209757756e-01 -3.8562425576e-01
108.004 0.00000 0.00000 0.00000 0.00000 0.00000 0.00000 -3.0361e-02 9.1884e-01 3.5089e-02 -2.4680e-04 4.0500e-01 -1.5763e-05 0.43008 0.44187 0.42834 0.01414 -0.01655 -0.00515 1.86067e-01 4.07366e-04 -5.7209848186e-01 -3.8562438982e-01
110.004 -0.00000 -0.00000 0.00000 0.00000 -0.00000 0.00000 4.2461e-02 9.1888e-01 1.6963e-02 -2.4680e-04 4.0500e-01 -1.5763e-05 0.43260 0.44184 0.42585 -0.02032 -0.00804 0.00349 1.86066e-01 4.09046e-04 -5.7209933989e-01 -3.8562452494e-01
112.004 -0.00000 0.00000 -0.00000 0.00000 0.00000 0.00000 1.7047e-03 9.1885e-01 -4.6140e-02 -2.4680e-04 4.0500e-01 -1.5763e-05 0.42422 0.44186 0.43421 -0.00102 0.02179 0.00072 1.86065e-01 4.10788e-04 -5.7210012201e-01 -3.8562465948e-01
114.004 -0.00000 0.00000 0.00000 0.00000 0.00000 0.00000 -4.4567e-02 9.1881e-01 1.2564e-02 -2.4680e-04 4.0500e-01 -1.5763e-05 0.43214 0.44187 0.42627 0.02076 -0.00609 -0.00495 1.86064e-01 4.12378e-04 -5.7210080519e-01 -3.8562479199e-01
116.004 0.00000 -0.00000 0.00000 0.00000 0.00000 0.00000 2.5225e-02 9.1885e-01 3.6998e-02 -2.4680e-04 4.0500e-01 -1.5763e-05 0.43106 0.44180 0.42743 -0.01237 -0.01741 0.00657 1.86063e-01 4.13662e-04 -5.7210137564e-01 -3.8562492136e-01
118.004 0.00000 0.00000 0.00000 0.00000 0.00000 0.00000 2.5546e-02 9.1885e-01 -3.5760e-02 -2.4680e-04 4.0500e-01 -1.5763e-05 0.42251 0.44177 0.43600 -0.01218 0.01707 -0.00425 1.86062e-01 4.14578e-04 -5.7210183010e-01 -3.8562504674e-01
120.004 -0.00000 -0.00000 0.00000 0.00000 0.00000 0.00000 -4.1857e-02 9.1881e-01 -1.2660e-02 -2.4680e-04 4.0500e-01 -1.5763e-05 0.43833 0.44176 0.42019 0.01968 0.00571 -0.00126 1.86062e-01 4.15151e-04 -5.7210217525e-01 -3.8562516760e-01
122.004 0.00000 -0.00000 -0.00000 0.00000 0.00000 0.00000 1.1747e-03 9.1883e-01 4.1919e-02 -2.4680e-04 4.0500e-01 -1.5763e-05 0.42217 0.44168 0.43643 -0.00115 -0.01994 0.00747 1.86062e-01 4.15473e-04 -5.7210242588e-01 -3.8562528360e-01
124.004 0.00000 0.00000 -0.00000 0.00000 0.00000 0.00000 3.7211e-02 9.1885e-01 -1.5277e-02 -2.4680e-04 4.0500e-01 -1.5763e-05 0.43061 0.44161 0.42806 -0.01790 0.00756 -0.01131 1.86062e-01 4.15663e-04 -5.7210260206e-01 -3.8562539461e-01
126.004 -0.00000 0.00000 0.00000 0.00000 0.00000 0.00000 -2.6892e-02 9.1881e-01 -2.9429e-02 -2.4680e-04 4.0500e-01 -1.5763e-05 0.43554 0.44160 0.42315 0.01282 0.01385 0.01063 1.86061e-01 4.15832e-04 -5.7210272622e-01 -3.8562550061e-01
128.004 0.00000 -0.00000 0.00000 0.00000 0.00000 0.00000 -1.8501e-02 9.1882e-01 3.3751e-02 -2.4680e-04 4.0500e-01 -1.5763e-05 0.41734 0.44155 0.44141 0.00833 -0.01634 -0.00526 1.86061e-01 4.16060e-04 -5.7210282048e-01 -3.8562560176e-01
130.004 0.00000 -0.00000 0.00000 0.00000 0.00000 0.00000 3.6288e-02 9.1885e-01 4.8094e-03 -2.4680e-04 4.0500e-01 -1.5763e-05 0.44292 0.44148 0.41590 -0.01775 -0.00208 -0.00290 1.86061e-01 4.16377e-04 -5.7210290468e-01 -3.8562569839e-01
132.004 0.00000 0.00000 0.00000 0.00000 0.00000 0.00000 -8.8829e-03 9.1882e-01 -3.5318e-02 -2.4680e-04 4.0500e-01 -1.5763e-05 0.41976 0.44147 0.43907 0.00420 0.01696 0.01058 1.86060e-01 4.16765e-04 -5.7210299499e-01 -3.8562579099e-01
134.004 -0.00000 -0.00000 0.00000 0.00000 0.00000 0.00000 -2.9940e-02 9.1881e-01 1.9995e-02 -2.4680e-04 4.0500e-01 -1.5763e-05 0.43120 0.44146 0.42764 0.01410 -0.00980 -0.01459 1.86060e-01 4.17167e-04 -5.7210310325e-01 -3.8562588021e-01
136.004 0.00000 -0.00000 0.00000 0.00000 0.00000 0.00000 2.8384e-02 9.1884e-01 1.9869e-02 -2.4680e-04 4.0500e-01 -1.5763e-05 0.43652 0.44141 0.42237 -0.01404 -0.00956 0.01316 1.86060e-01 4.17498e-04 -5.7210323661e-01 -3.8562596688e-01
138.004 0.00000 0.00000 0.00000 0.00000 0.00000 0.00000 7.4401e-03 9.1882e-01 -3.4089e-02 -2.4680e-04 4.0500e-01 -1.5763e-05 0.41602 0.44142 0.44286 -0.00389 0.01647 -0.00672 1.86060e-01 4.17665e-04 -5.7210339756e-01 -3.8562605198e-01
140.004 0.00000 0.00000 -0.00000 0.00000 0.00000 0.00000 -3.5338e-02 9.1880e-01 4.8994e-03 -2.4680e-04 4.0500e-01 -1.5763e-05 0.44417 0.44145 0.41468 0.01683 -0.00231 -0.00224 1.86060e-01 4.17582e-04 -5.7210358402e-01 -3.8562613661e-01
142.004 0.00000 0.00000 0.00000 0.00000 0.00000 0.00000 1.6829e-02 9.1884e-01 3.0981e-02 -2.4680e-04 4.0500e-01 -1.5763e-05 0.41884 0.44143 0.44002 -0.00828 -0.01504 0.01020 1.86060e-01 4.17184e-04 -5.7210378955e-01 -3.8562622196e-01
144.004 -0.00000 -0.00000 -0.00000 0.00000 0.00000 0.00000 2.2603e-02 9.1884e-01 -2.7924e-02 -2.4680e-04 4.0500e-01 -1.5763e-05 0.43211 0.44145 0.42673 -0.01133 0.01330 -0.01407 1.86061e-01 4.16443e-04 -5.7210400350e-01 -3.8562630928e-01
146.004 0.00000 0.00000 -0.00000 0.00000 0.00000 0.00000 -3.5717e-02 9.1881e-01 -1.2106e-02 -2.4680e-04 4.0500e-01 -1.5763e-05 0.43514 0.44152 0.42363 0.01681 0.00605 0.01252 1.86062e-01 4.15374e-04 -5.7210421135e-01 -3.8562639982e-01
148.004 0.00000 0.00000 0.00000 0.00000 0.00000 0.00000 4.5640e-04 9.1884e-01 3.8217e-02 -2.4680e-04 4.0500e-01 -1.5763e-05 0.41797 0.44153 0.44078 -0.00021 -0.01835 -0.00645 1.86064e-01 4.14040e-04 -5.7210439507e-01 -3.8562649475e-01
150.004 -0.00000 -0.00000 0.00000 0.00000 0.00000 0.00000 3.6126e-02 9.1887e-01 -1.4624e-02 -2.4680e-04 4.0500e-01 -1.5763e-05 0.44158 0.44155 0.41714 -0.01765 0.00668 -0.00141 1.86065e-01 4.12551e-04 -5.7210453372e-01 -3.8562659507e-01
152.004 0.00000 0.00000 0.00000 0.00000 0.00000 0.00000 -2.7588e-02 9.1884e-01 -3.0534e-02 -2.4680e-04 4.0500e-01 -1.5763e-05 0.42105 0.44164 0.43759 0.01263 0.01476 0.00774 1.86067e-01 4.11050e-04 -5.7210460440e-01 -3.8562670153e-01
154.000 -0.00000 0.00000 -0.00000 0.00000 0.00000 0.00000 -2.0984e-02 9.1885e-01 3.6677e-02 -2.4680e-04 4.0500e-01 -1.5763e-05 0.43106 0.44168 0.42753 0.00998 -0.01731 -0.01010 1.86068e-01 4.09697e-04 -5.7210458362e-01 -3.8562681425e-01
156.000 0.00000 -0.00000 0.00000 0.00000 0.00000 0.00000 4.2017e-02 9.1889e-01 7.2799e-03 -2.4680e-04 4.0500e-01 -1.5763e-05 0.43365 0.44170 0.42493 -0.02016 -0.00375 0.00801 1.86069e-01 4.08629e-04 -5.7210444864e-01 -3.8562693357e-01
158.000 0.00000 0.00000 0.00000 0.00000 0.00000 0.00000 -7.7749e-03 9.1886e-01 -4.3700e-02 -2.4680e-04 4.0500e-01 -1.5763e-05 0.42188 0.44177 0.43662 0.00316 0.02072 -0.00290 1.86069e-01 4.07946e-04 -5.7210417970e-01 -3.8562705866e-01
160.000 0.00000 0.00000 0.00000 0.00000 0.00000 0.00000 -4.0270e-02 9.1884e-01 2.1392e-02 -2.4680e-04 4.0500e-01 -1.5763e-05 0.43549 0.44183 0.42295 0.01887 -0.00997 -0.00243 1.86069e-01 4.07680e-04 -5.7210376231e-01 -3.8562718844e-01
162.000 -0.00000 0.00000 -0.00000 0.00000 0.00000 0.00000 3.3013e-02 9.1888e-01 3.1051e-02 -2.4680e-04 4.0500e-01 -1.5763e-05 0.42706 0.44181 0.43140 -0.01579 -0.01479 0.00529 1.86068e-01 4.07783e-04 -5.7210318954e-01 -3.8562732144e-01
164.000 0.00000 -0.00000 0.00000 0.00000 0.00000 0.00000 1.8214e-02 9.1887e-01 -4.2162e-02 -2.4680e-04 4.0500e-01 -1.5763e-05 0.42681 0.44185 0.43162 -0.00893 0.01987 -0.00441 1.86067e-01 4.08141e-04 -5.7210246380e-01 -3.8562745600e-01
166.000 0.00000 -0.00000 -0.00000 0.00000 0.00000 0.00000 -4.6563e-02 9.1882e-01 -4.2837e-03 -2.4680e-04 4.0500e-01 -1.5763e-05 0.43399 0.44189 0.42439 0.02173 0.00199 0.00057 1.86065e-01 4.08604e-04 -5.7210159795e-01 -3.8562759046e-01
168.000 -0.00000 -0.00000 -0.00000 0.00000 0.00000 0.00000 1.0161e-02 9.1885e-01 4.4685e-02 -2.4680e-04 4.0500e-01 -1.5763e-05 0.42560 0.44185 0.43283 -0.00516 -0.02111 0.00384 1.86064e-01 4.09023e-04 -5.7210061517e-01 -3.8562772332e-01
170.000 0.00000 -0.00000 0.00000 0.00000 0.00000 0.00000 3.7901e-02 9.1886e-01 -2.4344e-02 -2.4680e-04 4.0500e-01 -1.5763e-05 0.42865 0.44182 0.42982 -0.01811 0.01162 -0.00610 1.86062e-01 4.09292e-04 -5.7209954746e-01 -3.8562785336e-01
172.000 -0.00000 0.00000 0.00000 0.00000 0.00000 0.00000 -3.5442e-02 9.1881e-01 -2.8080e-02 -2.4680e-04 4.0500e-01 -1.5763e-05 0.43477 0.44183 0.42369 0.01664 0.01311 0.00462 1.86061e-01 4.09373e-04 -5.7209843291e-01 -3.8562797969e-01
174.000 0.00000 0.00000 0.00000 0.00000 0.00000 0.00000 -1.5364e-02 9.1881e-01 4.1193e-02 -2.4680e-04 4.0500e-01 -1.5763e-05 0.42085 0.44177 0.43768 0.00676 -0.01964 0.00024 1.86060e-01 4.09298e-04 -5.7209731203e-01 -3.8562810169e-01
176.000 0.00000 -0.00000 0.00000 0.00000 0.00000 0.00000 4.2129e-02 9.1884e-01 3.5676e-04 -2.4680e-04 4.0500e-01 -1.5763e-05 0.43658 0.44170 0.42204 -0.02028 0.00011 -0.00628 1.86059e-01 4.09151e-04 -5.7209622407e-01 -3.8562821900e-01
178.000 -0.00000 0.00000 -0.00000 0.00000 0.00000 0.00000 -1.4005e-02 9.1880e-01 -3.9265e-02 -2.4680e-04 4.0500e-01 -1.5763e-05 0.42724 0.44168 0.43140 0.00669 0.01858 0.01050 1.86058e-01 4.09040e-04 -5.7209520363e-01 -3.8562833141e-01
180.000 0.00000 -0.00000 -0.00000 0.00000 0.00000 0.00000 -3.1972e-02 9.1879e-01 2.5056e-02 -2.4680e-04 4.0500e-01 -1.5763e-05 0.42422 0.44164 0.43446 0.01478 -0.01223 -0.01055 1.86057e-01 4.09063e-04 -5.7209427843e-01 -3.8562843888e-01
182.000 0.00000 -0.00000 0.00000 0.00000 0.00000 0.00000 3.2691e-02 9.1882e-01 2.0261e-02 -2.4680e-04 4.0500e-01 -1.5763e-05 0.44057 0.44156 0.41821 -0.01607 -0.00945 0.00589 1.86056e-01 4.09283e-04 -5.7209346827e-01 -3.8562854150e-01
184.000 0.00000 -0.00000 0.00000 0.00000 0.00000 0.00000 6.7279e-03 9.1880e-01 -3.7116e-02 -2.4680e-04 4.0500e-01 -1.5763e-05 0.41616 0.44153 0.44265 -0.00324 0.01785 0.00190 1.86054e-01 4.09715e-04 -5.7209278508e-01 -3.8562863948e-01
186.000 0.00000 -0.00000 -0.00000 0.00000 0.00000 0.00000 -3.6823e-02 9.1877e-01 6.0078e-03 -2.4680e-04 4.0500e-01 -1.5763e-05 0.43950 0.44152 0.41932 0.01741 -0.00315 -0.00970 1.86053e-01 4.10322e-04 -5.7209223402e-01 -3.8562873319e-01
188.000 0.00000 0.00000 -0.00000 0.00000 0.00000 0.00000 1.7579e-02 9.1880e-01 3.0981e-02 -2.4680e-04 4.0500e-01 -1.5763e-05 0.42676 0.44146 0.43213 -0.00891 -0.01486 0.01423 1.86052e-01 4.11027e-04 -5.7209181503e-01 -3.8562882316e-01
190.000 0.00000 -0.00000 0.00000 0.00000 0.00000 0.00000 2.1484e-02 9.1879e-01 -2.7655e-02 -2.4680e-04 4.0500e-01 -1.5763e-05 0.42331 0.44144 0.43560 -0.01057 0.01341 -0.01346 1.86051e-01 4.11722e-04 -5.7209152461e-01 -3.8562891008e-01
192.000 0.00000 -0.00000 0.00000 0.00000 0.00000 0.00000 -3.3980e-02 9.1875e-01 -1.0479e-02 -2.4680e-04 4.0500e-01 -1.5763e-05 0.44236 0.44147 0.41652 0.01618 0.00501 0.00753 1.86050e-01 4.12289e-04 -5.7209135747e-01 -3.8562899478e-01
194.000 0.00000 0.00000 0.00000 0.00000 0.00000 0.00000 1.8511e-03 9.1877e-01 3.4862e-02 -2.4680e-04 4.0500e-01 -1.5763e-05 0.41453 0.44144 0.44438 -0.00115 -0.01688 0.00131 1.86050e-01 4.12615e-04 -5.7209130796e-01 -3.8562907824e-01
196.000 -0.00000 -0.00000 0.00000 0.00000 0.00000 0.00000 3.1321e-02 9.1879e-01 -1.5052e-02 -2.4680e-04 4.0500e-01 -1.5763e-05 0.44082 0.44144 0.41810 -0.01545 0.00716 -0.00958 1.86050e-01 4.12611e-04 -5.7209137102e-01 -3.8562916156e-01
198.000 0.00000 -0.00000 0.00000 0.00000 0.00000 0.00000 -2.6451e-02 9.1876e-01 -2.4729e-02 -2.4680e-04 4.0500e-01 -1.5763e-05 0.42576 0.44149 0.43311 0.01237 0.01205 0.01409 1.86050e-01 4.12222e-04 -5.7209154280e-01 -3.8562924591e-01
200.000 -0.00000 0.00000 0.00000 0.00000 0.00000 0.00000 -1.4683e-02 9.1877e-01 3.3694e-02 -2.4680e-04 4.0500e-01 -1.5763e-05 0.42440 0.44151 0.43444 0.00700 -0.01616 -0.01320 1.86051e-01 4.11440e-04 -5.7209182073e-01 -3.8562933254e-01
202.000 0.00000 -0.00000 -0.00000 0.00000 0.00000 0.00000 3.6980e-02 9.1881e-01 1.3184e-03 -2.4680e-04 4.0500e-01 -1.5763e-05 0.44070 0.44151 0.41813 -0.01802 -0.00092 0.00750 1.86052e-01 4.10318e-04 -5.7209220322e-01 -3.8562942268e-01
204.000 0.00000 0.00000 -0.00000 0.00000 0.00000 0.00000 -1.2708e-02 9.1879e-01 -3.6798e-02 -2.4680e-04 4.0500e-01 -1.5763e-05 0.41658 0.44158 0.44218 0.00551 0.01770 0.00048 1.86054e-01 4.08964e-04 -5.7209268882e-01 -3.8562951748e-01
206.000 0.00000 0.00000 0.00000 0.00000 0.00000 0.00000 -3.1912e-02 9.1879e-01 2.4753e-02 -2.4680e-04 4.0500e-01 -1.5763e-05 0.43869 0.44163 0.42002 0.01517 -0.01159 -0.00742 1.86056e-01 4.07539e-04 -5.7209327509e-01 -3.8562961792e-01
208.000 0.00000 0.00000 -0.00000 0.00000 0.00000 0.00000 3.4453e-02 9.1883e-01 2.1775e-02 -2.4680e-04 4.0500e-01 -1.5763e-05 0.42658 0.44164 0.43210 -0.01652 -0.01065 0.01059 1.86058e-01 4.06239e-04 -5.7209395705e-01 -3.8562972470e-01
210.000 0.00000 -0.00000 -0.00000 0.00000 0.00000 0.00000 8.5940e-03 9.1882e-01 -4.1539e-02 -2.4680e-04 4.0500e-01 -1.5763e-05 0.42547 0.44171 0.43315 -0.00466 0.01965 -0.00906 1.86060e-01 4.05268e-04 -5.7209472566e-01 -3.8562983814e-01
212.000 -0.00000 0.00000 0.00000 0.00000 0.00000 0.00000 -4.3906e-02 9.1880e-01 5.1421e-03 -2.4680e-04 4.0500e-01 -1.5763e-05 0.43689 0.44178 0.42164 0.02059 -0.00218 0.00406 1.86061e-01 4.04799e-04 -5.7209556640e-01 -3.8562995808e-01
214.000 -0.00000 0.00000 -0.00000 0.00000 0.00000 0.00000 1.8924e-02 9.1884e-01 4.0140e-02 -2.4680e-04 4.0500e-01 -1.5763e-05 0.42201 0.44179 0.43651 -0.00903 -0.01912 0.00168 1.86061e-01 4.04941e-04 -5.7209645851e-01 -3.8563008383e-01
216.000 0.00000 0.00000 -0.00000 0.00000 0.00000 0.00000 3.1689e-02 9.1885e-01 -3.2046e-02 -2.4680e-04 4.0500e-01 -1.5763e-05 0.43270 0.44182 0.42578 -0.01538 0.01502 -0.00530 1.86061e-01 4.05702e-04 -5.7209737530e-01 -3.8563021423e-01
218.000 0.00000 0.00000 0.00000 0.00000 0.00000 0.00000 -4.1742e-02 9.1880e-01 -2.0478e-02 -2.4680e-04 4.0500e-01 -1.5763e-05 0.43060 0.44189 0.42782 0.01941 0.00975 0.00520 1.86061e-01 4.06991e-04 -5.7209828570e-01 -3.8563034778e-01
220.000 0.00000 0.00000 0.00000 0.00000 0.00000 0.00000 -6.7074e-03 9.1882e-01 4.5790e-02 -2.4680e-04 4.0500e-01 -1.5763e-05 0.42469 0.44188 0.43373 0.00292 -0.02165 -0.00182 1.86060e-01 4.08624e-04 -5.7209915702e-01 -3.8563048277e-01
222.000 -0.00000 0.00000 -0.00000 0.00000 0.00000 0.00000 4.4778e-02 9.1884e-01 -8.9350e-03 -2.4680e-04 4.0500e-01 -1.5763e-05 0.43340 0.44185 0.42504 -0.02142 0.00425 -0.00267 1.86059e-01 4.10373e-04 -5.7209995866e-01 -3.8563061753e-01
224.000 -0.00000 -0.00000 -0.00000 0.00000 0.00000 0.00000 -2.3419e-02 9.1880e-01 -3.9818e-02 -2.4680e-04 4.0500e-01 -1.5763e-05 0.42867 0.44188 0.42974 0.01090 0.01875 0.00553 1.86058e-01 4.12012e-04 -5.7210066582e-01 -3.8563075057e-01
226.000 0.00000 0.00000 0.00000 0.00000 0.00000 0.00000 -3.0433e-02 9.1879e-01 3.4004e-02 -2.4680e-04 4.0500e-01 -1.5763e-05 0.42485 0.44186 0.43358 0.01398 -0.01623 -0.00488 1.86057e-01 4.13373e-04 -5.7210126246e-01 -3.8563088069e-01
228.000 0.00000 0.00000 -0.00000 0.00000 0.00000 0.00000 4.0571e-02 9.1883e-01 1.6839e-02 -2.4680e-04 4.0500e-01 -1.5763e-05 0.43693 0.44178 0.42157 -0.01957 -0.00777 0.00069 1.86056e-01 4.14373e-04 -5.7210174295e-01 -3.8563100699e-01
230.000 -0.00000 -0.00000 0.00000 0.00000 0.00000 0.00000 1.8543e-03 9.1880e-01 -4.3400e-02 -2.4680e-04 4.0500e-01 -1.5763e-05 0.42201 0.44176 0.43652 -0.00088 0.02059 0.00514 1.86056e-01 4.15017e-04 -5.7210211187e-01 -3.8563112887e-01
232.000 -0.00000 0.00000 0.00000 0.00000 0.00000 0.00000 -4.1160e-02 9.1878e-01 1.1706e-02 -2.4680e-04 4.0500e-01 -1.5763e-05 0.43203 0.44173 0.42652 0.01921 -0.00588 -0.00967 1.86056e-01 4.15386e-04 -5.7210238240e-01 -3.8563124595e-01
234.000 0.00000 0.00000 0.00000 0.00000 0.00000 0.00000 2.3362e-02 9.1882e-01 3.3278e-02 -2.4680e-04 4.0500e-01 -1.5763e-05 0.43343 0.44164 0.42522 -0.01166 -0.01568 0.01037 1.86056e-01 4.15595e-04 -5.7210257369e-01 -3.8563135805e-01
236.000 -0.00000 0.00000 -0.00000 0.00000 0.00000 0.00000 2.1951e-02 9.1881e-01 -3.2788e-02 -2.4680e-04 4.0500e-01 -1.5763e-05 0.41904 0.44160 0.43965 -0.01051 0.01582 -0.00637 1.86055e-01 4.15760e-04 -5.7210270787e-01 -3.8563146514e-01
238.000 0.00000 0.00000 0.00000 0.00000 0.00000 0.00000 -3.7867e-02 9.1878e-01 -9.6086e-03 -2.4680e-04 4.0500e-01 -1.5763e-05 0.44226 0.44158 0.41645 0.01795 0.00430 -0.00103 1.86055e-01 4.15970e-04 -5.7210280735e-01 -3.8563156734e-01
240.000 0.00000 -0.00000 -0.00000 0.00000 0.00000 0.00000 3.3620e-03 9.1880e-01 3.7154e-02 -2.4680e-04 4.0500e-01 -1.5763e-05 0.41898 0.44152 0.43980 -0.00216 -0.01783 0.00886 1.86055e-01 4.16267e-04 -5.7210289259e-01 -3.8563166494e-01
242.000 -0.00000 0.00000 -0.00000 0.00000 0.00000 0.00000 3.1986e-02 9.1882e-01 -1.6421e-02 -2.4680e-04 4.0500e-01 -1.5763e-05 0.43288 0.44147 0.42595 -0.01558 0.00808 -0.01380 1.86055e-01 4.16642e-04 -5.7210298068e-01 -3.8563175837e-01
244.000 0.00000 0.00000 0.00000 0.00000 0.00000 0.00000 -2.6954e-02 9.1878e-01 -2.4064e-02 -2.4680e-04 4.0500e-01 -1.5763e-05 0.43472 0.44148 0.42410 0.01284 0.01149 0.01362 1.86054e-01 4.17047e-04 -5.7210308443e-01 -3.8563184828e-01
246.000 0.00000 0.00000 0.00000 0.00000 0.00000 0.00000 -1.3262e-02 9.1879e-01 3.2796e-02 -2.4680e-04 4.0500e-01 -1.5763e-05 0.41699 0.44145 0.44185 0.00604 -0.01591 -0.00819 1.86054e-01 4.17400e-04 -5.7210321205e-01 -3.8563193544e-01
248.000 -0.00000 0.00000 0.00000 0.00000 0.00000 0.00000 3.4432e-02 9.1881e-01 -1.1658e-04 -2.4680e-04 4.0500e-01 -1.5763e-05 0.44444 0.44142 0.41444 -0.01692 0.00005 -0.00047 1.86054e-01 4.17610e-04 -5.7210336704e-01 -3.8563202080e-01
250.000 0.00000 0.00000 -0.00000 0.00000 0.00000 0.00000 -1.3379e-02 9.1878e-01 -3.2684e-02 -2.4680e-04 4.0500e-01 -1.5763e-05 0.41748 0.44145 0.44137 0.00613 0.01581 0.00898 1.86054e-01 4.17586e-04 -5.7210354832e-01 -3.8563210545e-01
252.000 -0.00000 -0.00000 0.00000 0.00000 0.00000 0.00000 -2.6623e-02 9.1878e-01 2.3986e-02 -2.4680e-04 4.0500e-01 -1.5763e-05 0.43392 0.44147 0.42491 0.01267 -0.01152 -0.01404 1.86054e-01 4.17260e-04 -5.7210375037e-01 -3.8563219054e-01
254.000 0.00000 0.00000 -0.00000 0.00000 0.00000 0.00000 3.1797e-02 9.1882e-01 1.5937e-02 -2.4680e-04 4.0500e-01 -1.5763e-05 0.43376 0.44145 0.42508 -0.01552 -0.00787 0.01375 1.86055e-01 4.16594e-04 -5.7210396344e-01 -3.8563227734e-01
256.000 0.00000 -0.00000 0.00000 0.00000 0.00000 0.00000 2.9513e-03 9.1880e-01 -3.6827e-02 -2.4680e-04 4.0500e-01 -1.5763e-05 0.41829 0.44150 0.44049 -0.00195 0.01767 -0.00839 1.86056e-01 4.15591e-04 -5.7210417381e-01 -3.8563236708e-01
258.000 0.00000 -0.00000 0.00000 0.00000 0.00000 0.00000 -3.7269e-02 9.1879e-01 9.8586e-03 -2.4680e-04 4.0500e-01 -1.5763e-05 0.44261 0.44156 0.41612 0.01768 -0.00447 0.00032 1.86058e-01 4.14307e-04 -5.7210436417e-01 -3.8563246097e-01
260.000 0.00000 0.00000 -0.00000 0.00000 0.00000 0.00000 2.2108e-02 9.1883e-01 3.1961e-02 -2.4680e-04 4.0500e-01 -1.5763e-05 0.41910 0.44157 0.43961 -0.01060 -0.01548 0.00710 1.86059e-01 4.12841e-04 -5.7210451414e-01 -3.8563256005e-01
262.000 0.00000 -0.00000 -0.00000 -0.00000 0.00000 0.00000 2.2516e-02 9.1884e-01 -3.3289e-02 -2.4680e-04 4.0500e-01 -1.5763e-05 0.43307 0.44161 0.42559 -0.01128 0.01567 -0.01093 1.86061e-01 4.11330e-04 -5.7210460114e-01 -3.8563266513e-01
264.000 -0.00000 -0.00000 0.00000 0.00000 0.00000 0.00000 -4.0860e-02 9.1881e-01 -1.0923e-02 -2.4680e-04 4.0500e-01 -1.5763e-05 0.43257 0.44170 0.42601 0.01909 0.00549 0.00996 1.86062e-01 4.09930e-04 -5.7210460157e-01 -3.8563277665e-01
266.000 -0.00000 -0.00000 0.00000 0.00000 0.00000 0.00000 2.6388e-03 9.1884e-01 4.2800e-02 -2.4680e-04 4.0500e-01 -1.5763e-05 0.42148 0.44172 0.43707 -0.00124 -0.02036 -0.00516 1.86063e-01 4.08791e-04 -5.7210449238e-01 -3.8563289462e-01
268.000 0.00000 -0.00000 -0.00000 -0.00000 0.00000 0.00000 3.9848e-02 9.1886e-01 -1.7558e-02 -2.4680e-04 4.0500e-01 -1.5763e-05 0.43739 0.44175 0.42114 -0.01925 0.00807 -0.00087 1.86063e-01 4.08021e-04 -5.7210425303e-01 -3.8563301853e-01
270.000 -0.00000 -0.00000 -0.00000 -0.00000 0.00000 0.00000 -3.0898e-02 9.1882e-01 -3.3209e-02 -2.4680e-04 4.0500e-01 -1.5763e-05 0.42455 0.44183 0.43389 0.01420 0.01584 0.00518 1.86063e-01 4.07667e-04 -5.7210386776e-01 -3.8563314739e-01
272.000 -0.00000 -0.00000 0.00000 -0.00000 0.00000 0.00000 -2.2466e-02 9.1882e-01 4.0003e-02 -2.4680e-04 4.0500e-01 -1.5763e-05 0.42883 0.44185 0.42958 0.01047 -0.01886 -0.00588 1.86062e-01 4.07699e-04 -5.7210332785e-01 -3.8563327981e-01
274.000 -0.00000 -0.00000 0.00000 0.00000 0.00000 0.00000 4.4818e-02 9.1886e-01 7.8804e-03 -2.4680e-04 4.0500e-01 -1.5763e-05 0.43335 0.44184 0.42508 -0.02143 -0.00381 0.00304 1.86061e-01 4.08014e-04 -5.7210263361e-01 -3.8563341414e-01
276.000 0.00000 -0.00000 0.00000 0.00000 0.00000 0.00000 -7.6703e-03 9.1882e-01 -4.5688e-02 -2.4680e-04 4.0500e-01 -1.5763e-05 0.42460 0.44188 0.43380 0.00335 0.02157 0.00146 1.86060e-01 4.08467e-04 -5.7210179567e-01 -3.8563354872e-01
278.000 0.00000 0.00000 -0.00000 0.00000 0.00000 0.00000 -4.1370e-02 9.1879e-01 2.1303e-02 -2.4680e-04 4.0500e-01 -1.5763e-05 0.43078 0.44189 0.42760 0.01924 -0.01015 -0.00486 1.86058e-01 4.08905e-04 -5.7210083509e-01 -3.8563368199e-01
280.000 0.00000 -0.00000 -0.00000 0.00000 0.00000 0.00000 3.2478e-02 9.1883e-01 3.1424e-02 -2.4680e-04 4.0500e-01 -1.5763e-05 0.43235 0.44184 0.42610 -0.01572 -0.01477 0.00503 1.86057e-01 4.09212e-04 -5.7209978223e-01 -3.8563381268e-01
282.000 0.00000 -0.00000 -0.00000 0.00000 0.00000 0.00000 1.8226e-02 9.1881e-01 -4.0851e-02 -2.4680e-04 4.0500e-01 -1.5763e-05 0.42244 0.44182 0.43604 -0.00872 0.01940 -0.00155 1.86055e-01 4.09332e-04 -5.7209867414e-01 -3.8563393981e-01
284.000 0.00000 -0.00000 0.00000 0.00000 0.00000 0.00000 -4.4361e-02 9.1877e-01 -4.4086e-03 -2.4680e-04 4.0500e-01 -1.5763e-05 0.43635 0.44182 0.42214 0.02078 0.00182 -0.00399 1.86054e-01 4.09284e-04 -5.7209755116e-01 -3.8563406273e-01
286.000 0.00000 0.00000 -0.00000 0.00000 0.00000 0.00000 9.4509e-03 9.1880e-01 4.1715e-02 -2.4680e-04 4.0500e-01 -1.5763e-05 0.42592 0.44174 0.43265 -0.00505 -0.01975 0.00873 1.86053e-01 4.09144e-04 -5.7209645312e-01 -3.8563418102e-01
288.000 -0.00000 -0.00000 0.00000 0.00000 0.00000 0.00000 3.4486e-02 9.1880e-01 -2.2690e-02 -2.4680e-04 4.0500e-01 -1.5763e-05 0.42625 0.44168 0.43239 -0.01652 0.01104 -0.01002 1.86052e-01 4.09017e-04 -5.7209541582e-01 -3.8563429445e-01
290.000 -0.00000 -0.00000 -0.00000 0.00000 0.00000 0.00000 -3.2676e-02 9.1876e-01 -2.4659e-02 -2.4680e-04 4.0500e-01 -1.5763e-05 0.43867 0.44167 0.41999 0.01551 0.01149 0.00672 1.86051e-01 4.09006e-04 -5.7209446860e-01 -3.8563440294e-01
292.000 0.00000 -0.00000 -0.00000 0.00000 0.00000 0.00000 -1.2388e-02 9.1877e-01 3.7351e-02 -2.4680e-04 4.0500e-01 -1.5763e-05 0.41692 0.44161 0.44181 0.00535 -0.01798 0.00018 1.86050e-01 4.09182e-04 -5.7209363294e-01 -3.8563450655e-01
294.000 -0.00000 -0.00000 0.00000 0.00000 -0.00000 0.00000 3.7425e-02 9.1879e-01 -1.8024e-03 -2.4680e-04 4.0500e-01 -1.5763e-05 0.44001 0.44154 0.41879 -0.01821 0.00113 -0.00793 1.86049e-01 4.09571e-04 -5.7209292238e-01 -3.8563460547e-01
296.000 0.00000 0.00000 0.00000 0.00000 0.00000 0.00000 -1.5112e-02 9.1875e-01 -3.4017e-02 -2.4680e-04 4.0500e-01 -1.5763e-05 0.42523 0.44153 0.43358 0.00722 0.01625 0.01323 1.86047e-01 4.10146e-04 -5.7209234342e-01 -3.8563470003e-01
298.000 0.00000 -0.00000 0.00000 0.00000 0.00000 0.00000 -2.6527e-02 9.1874e-01 2.5028e-02 -2.4680e-04 4.0500e-01 -1.5763e-05 0.42497 0.44151 0.43387 0.01237 -0.01223 -0.01367 1.86046e-01 4.10838e-04 -5.7209189694e-01 -3.8563479073e-01
300.000 -0.00000 0.00000 0.00000 0.00000 0.00000 0.00000 3.1570e-02 9.1877e-01 1.4926e-02 -2.4680e-04 4.0500e-01 -1.5763e-05 0.44127 0.44145 0.41763 -0.01557 -0.00710 0.00881 1.86045e-01 4.11543e-04 -5.7209158005e-01 -3.8563487822e-01
302.000 -0.00000 -0.00000 0.00000 0.00000 0.00000 0.00000 1.7355e-03 9.1875e-01 -3.5023e-02 -2.4680e-04 4.0500e-01 -1.5763e-05 0.41452 0.44146 0.44437 -0.00107 0.01692 -0.00040 1.86044e-01 4.12146e-04 -5.7209138770e-01 -3.8563496331e-01
304.000 -0.00000 -0.00000 0.00000 0.00000 0.00000 0.00000 -3.3901e-02 9.1872e-01 1.0507e-02 -2.4680e-04 4.0500e-01 -1.5763e-05 0.44189 0.44148 0.41698 0.01613 -0.00509 -0.00831 1.86044e-01 4.12530e-04 -5.7209131422e-01 -3.8563504695e-01
306.000 -0.00000 -0.00000 0.00000 0.00000 0.00000 0.00000 2.1491e-02 9.1876e-01 2.7360e-02 -2.4680e-04 4.0500e-01 -1.5763e-05 0.42409 0.44145 0.43481 -0.01060 -0.01329 0.01389 1.86044e-01 4.12599e-04 -5.7209135439e-01 -3.8563513021e-01
308.000 -0.00000 -0.00000 0.00000 0.00000 0.00000 0.00000 1.7264e-02 9.1875e-01 -3.0911e-02 -2.4680e-04 4.0500e-01 -1.5763e-05 0.42588 0.44147 0.43300 -0.00875 0.01482 -0.01420 1.86044e-01 4.12291e-04 -5.7209150407e-01 -3.8563521426e-01
310.000 -0.00000 0.00000 0.00000 0.00000 0.00000 0.00000 -3.6500e-02 9.1873e-01 -5.7441e-03 -2.4680e-04 4.0500e-01 -1.5763e-05 0.44021 0.44153 0.41861 0.01728 0.00297 0.00924 1.86045e-01 4.11588e-04 -5.7209176043e-01 -3.8563530034e-01
312.000 0.00000 0.00000 -0.00000 0.00000 0.00000 0.00000 7.0058e-03 9.1876e-01 3.6538e-02 -2.4680e-04 4.0500e-01 -1.5763e-05 0.41579 0.44153 0.44302 -0.00339 -0.01763 -0.00119 1.86046e-01 4.10530e-04 -5.7209212173e-01 -3.8563538966e-01
314.000 -0.00000 -0.00000 -0.00000 0.00000 0.00000 0.00000 3.2032e-02 9.1878e-01 -2.0482e-02 -2.4680e-04 4.0500e-01 -1.5763e-05 0.44054 0.44156 0.41824 -0.01578 0.00954 -0.00664 1.86048e-01 4.09212e-04 -5.7209258655e-01 -3.8563548342e-01
316.000 -0.00000 -0.00000 0.00000 0.00000 0.00000 0.00000 -3.1941e-02 9.1875e-01 -2.4369e-02 -2.4680e-04 4.0500e-01 -1.5763e-05 0.42459 0.44164 0.43411 0.01479 0.01188 0.01114 1.86050e-01 4.07788e-04 -5.7209315276e-01 -3.8563558264e-01
318.000 0.00000 -0.00000 0.00000 0.00000 0.00000 0.00000 -1.3215e-02 9.1878e-01 3.8953e-02 -2.4680e-04 4.0500e-01 -1.5763e-05 0.42670 0.44167 0.43196 0.00633 -0.01849 -0.01082 1.86052e-01 4.06448e-04 -5.7209381600e-01 -3.8563568808e-01
320.000 -0.00000 -0.00000 0.00000 0.00000 0.00000 0.00000 4.1677e-02 9.1882e-01 -1.1796e-03 -2.4680e-04 4.0500e-01 -1.5763e-05 0.43716 0.44169 0.42148 -0.02009 0.00024 0.00631 1.86053e-01 4.05396e-04 -5.7209456817e-01 -3.8563580015e-01
322.000 -0.00000 0.00000 0.00000 -0.00000 0.00000 0.00000 -1.6014e-02 9.1879e-01 -4.0623e-02 -2.4680e-04 4.0500e-01 -1.5763e-05 0.42038 0.44177 0.43816 0.00706 0.01935 -0.00004 1.86055e-01 4.04816e-04 -5.7209539590e-01 -3.8563591879e-01
324.000 -0.00000 -0.00000 0.00000 -0.00000 0.00000 0.00000 -3.4650e-02 9.1878e-01 2.8508e-02 -2.4680e-04 4.0500e-01 -1.5763e-05 0.43509 0.44183 0.42339 0.01629 -0.01334 -0.00496 1.86055e-01 4.04831e-04 -5.7209627973e-01 -3.8563604341e-01
326.000 -0.00000 0.00000 -0.00000 -0.00000 0.00000 0.00000 3.8217e-02 9.1883e-01 2.3374e-02 -2.4680e-04 4.0500e-01 -1.5763e-05 0.42851 0.44182 0.42997 -0.01826 -0.01123 0.00649 1.86056e-01 4.05472e-04 -5.7209719407e-01 -3.8563617296e-01
328.000 0.00000 0.00000 -0.00000 -0.00000 0.00000 0.00000 9.2060e-03 9.1880e-01 -4.4871e-02 -2.4680e-04 4.0500e-01 -1.5763e-05 0.42560 0.44187 0.43283 -0.00474 0.02116 -0.00421 1.86055e-01 4.06666e-04 -5.7209810852e-01 -3.8563630597e-01
330.000 0.00000 0.00000 0.00000 -0.00000 0.00000 0.00000 -4.6468e-02 9.1877e-01 5.1768e-03 -2.4680e-04 4.0500e-01 -1.5763e-05 0.43410 0.44191 0.42428 0.02169 -0.00242 -0.00024 1.86054e-01 4.08248e-04 -5.7209899045e-01 -3.8563644077e-01
332.000 -0.00000 -0.00000 0.00000 -0.00000 0.00000 0.00000 1.9140e-02 9.1880e-01 4.1786e-02 -2.4680e-04 4.0500e-01 -1.5763e-05 0.42659 0.44188 0.43182 -0.00934 -0.01974 0.00412 1.86053e-01 4.09992e-04 -5.7209980853e-01 -3.8563657567e-01
334.000 -0.00000 -0.00000 0.00000 0.00000 0.00000 0.00000 3.2511e-02 9.1880e-01 -3.1960e-02 -2.4680e-04 4.0500e-01 -1.5763e-05 0.42735 0.44187 0.43107 -0.01557 0.01516 -0.00507 1.86052e-01 4.11669e-04 -5.7210053650e-01 -3.8563670912e-01
336.000 0.00000 0.00000 -0.00000 0.00000 0.00000 0.00000 -4.0969e-02 9.1875e-01 -2.0785e-02 -2.4680e-04 4.0500e-01 -1.5763e-05 0.43507 0.44188 0.42333 0.01918 0.00966 0.00232 1.86051e-01 4.13096e-04 -5.7210115640e-01 -3.8563683987e-01
338.000 0.00000 0.00000 -0.00000 0.00000 0.00000 0.00000 -6.9592e-03 9.1877e-01 4.4142e-02 -2.4680e-04 4.0500e-01 -1.5763e-05 0.42233 0.44183 0.43613 0.00279 -0.02095 0.00284 1.86051e-01 4.14170e-04 -5.7210166044e-01 -3.8563696696e-01
340.000 0.00000 0.00000 0.00000 0.00000 0.00000 0.00000 4.2309e-02 9.1880e-01 -8.2469e-03 -2.4680e-04 4.0500e-01 -1.5763e-05 0.43318 0.44176 0.42535 -0.02028 0.00416 -0.00772 1.86050e-01 4.14882e-04 -5.7210205126e-01 -3.8563708973e-01
342.000 0.00000 -0.00000 0.00000 0.00000 0.00000 0.00000 -2.1887e-02 9.1876e-01 -3.6802e-02 -2.4680e-04 4.0500e-01 -1.5763e-05 0.43134 0.44175 0.42720 0.01039 0.01732 0.00960 1.86050e-01 4.15297e-04 -5.7210234048e-01 -3.8563720777e-01
344.000 -0.00000 -0.00000 0.00000 0.00000 0.00000 0.00000 -2.7294e-02 9.1876e-01 3.1398e-02 -2.4680e-04 4.0500e-01 -1.5763e-05 0.42093 0.44170 0.43766 0.01248 -0.01518 -0.00703 1.86050e-01 4.15529e-04 -5.7210254629e-01 -3.8563732085e-01
346.000 0.00000 0.00000 0.00000 0.00000 0.00000 0.00000 3.6872e-02 9.1879e-01 1.4048e-02 -2.4680e-04 4.0500e-01 -1.5763e-05 0.44126 0.44161 0.41742 -0.01799 -0.00643 0.00067 1.86050e-01 4.15695e-04 -5.7210269045e-01 -3.8563742892e-01
348.000 0.00000 0.00000 0.00000 0.00000 0.00000 0.00000 -1.7636e-04 9.1877e-01 -3.8788e-02 -2.4680e-04 4.0500e-01 -1.5763e-05 0.41863 0.44159 0.44007 0.00011 0.01856 0.00697 1.86049e-01 4.15891e-04 -5.7210279551e-01 -3.8563753207e-01
350.000 0.00000 0.00000 0.00000 -0.00000 0.00000 0.00000 -3.5948e-02 9.1875e-01 1.2694e-02 -2.4680e-04 4.0500e-01 -1.5763e-05 0.43421 0.44156 0.42452 0.01690 -0.00638 -0.01262 1.86049e-01 4.16169e-04 -5.7210288246e-01 -3.8563763054e-01
352.000 -0.00000 0.00000 -0.00000 -0.00000 0.00000 0.00000 2.3187e-02 9.1878e-01 2.7834e-02 -2.4680e-04 4.0500e-01 -1.5763e-05 0.43296 0.44149 0.42584 -0.01161 -0.01326 0.01367 1.86049e-01 4.16531e-04 -5.7210296914e-01 -3.8563772476e-01
354.000 0.00000 -0.00000 -0.00000 -0.00000 0.00000 0.00000 1.6618e-02 9.1877e-01 -3.1474e-02 -2.4680e-04 4.0500e-01 -1.5763e-05 0.41827 0.44147 0.44055 -0.00815 0.01524 -0.00937 1.86048e-01 4.16934e-04 -5.7210306925e-01 -3.8563781531e-01
356.000 -0.00000 -0.00000 0.00000 -0.00000 0.00000 0.00000 -3.5538e-02 9.1874e-01 -4.6544e-03 -2.4680e-04 4.0500e-01 -1.5763e-05 0.44419 0.44148 0.41463 0.01692 0.00213 0.00122 1.86048e-01 4.17303e-04 -5.7210319192e-01 -3.8563790295e-01
358.000 -0.00000 -0.00000 -0.00000 -0.00000 0.00000 0.00000 7.7595e-03 9.1877e-01 3.3977e-02 -2.4680e-04 4.0500e-01 -1.5763e-05 0.41652 0.44145 0.44233 -0.00407 -0.01644 0.00760 1.86048e-01 4.17547e-04 -5.7210334158e-01 -3.8563798859e-01
360.000 0.00000 0.00000 0.00000 -0.00000 0.00000 0.00000 2.8124e-02 9.1878e-01 -2.0161e-02 -2.4680e-04 4.0500e-01 -1.5763e-05 0.43561 0.44144 0.42325 -0.01390 0.00969 -0.01364 1.86048e-01 4.17574e-04 -5.7210351803e-01 -3.8563807329e-01
362.000 -0.00000 -0.00000 0.00000 -0.00000 0.00000 0.00000 -2.9976e-02 9.1875e-01 -1.9650e-02 -2.4680e-04 4.0500e-01 -1.5763e-05 0.43218 0.44148 0.42663 0.01414 0.00958 0.01453 1.86048e-01 4.17310e-04 -5.7210371659e-01 -3.8563815822e-01
364.000 0.00000 0.00000 0.00000 -0.00000 0.00000 0.00000 -8.3982e-03 9.1876e-01 3.5044e-02 -2.4680e-04 4.0500e-01 -1.5763e-05 0.41896 0.44149 0.43984 0.00394 -0.01689 -0.01002 1.86049e-01 4.16710e-04 -5.7210392833e-01 -3.8563824459e-01
366.000 -0.00000 0.00000 0.00000 -0.00000 0.00000 0.00000 3.5832e-02 9.1880e-01 -5.3300e-03 -2.4680e-04 4.0500e-01 -1.5763e-05 0.44327 0.44149 0.41553 -0.01754 0.00231 0.00206 1.86050e-01 4.15770e-04 -5.7210414026e-01 -3.8563833367e-01
368.000 0.00000 0.00000 0.00000 -0.00000 0.00000 0.00000 -1.8813e-02 9.1877e-01 -3.3141e-02 -2.4680e-04 4.0500e-01 -1.5763e-05 0.41745 0.44156 0.44128 0.00850 0.01603 0.00611 1.86051e-01 4.14534e-04 -5.7210433572e-01 -3.8563842667e-01
370.000 0.00000 0.00000 0.00000 -0.00000 0.00000 0.00000 -2.6047e-02 9.1877e-01 2.9451e-02 -2.4680e-04 4.0500e-01 -1.5763e-05 0.43504 0.44160 0.42364 0.01243 -0.01392 -0.01125 1.86053e-01 4.13093e-04 -5.7210449488e-01 -3.8563852467e-01
372.000 -0.00000 -0.00000 -0.00000 -0.00000 0.00000 0.00000 3.7035e-02 9.1882e-01 1.4286e-02 -2.4680e-04 4.0500e-01 -1.5763e-05 0.43128 0.44161 0.42739 -0.01783 -0.00713 0.01157 1.86054e-01 4.11580e-04 -5.7210459550e-01 -3.8563862854e-01
374.000 0.00000 -0.00000 0.00000 -0.00000 0.00000 0.00000 2.8002e-04 9.1880e-01 -4.1530e-02 -2.4680e-04 4.0500e-01 -1.5763e-05 0.42154 0.44168 0.43706 -0.00073 0.01974 -0.00738 1.86056e-01 4.10147e-04 -5.7210461405e-01 -3.8563873880e-01
376.000 -0.00000 -0.00000 -0.00000 -0.00000 0.00000 0.00000 -4.1134e-02 9.1878e-01 1.3363e-02 -2.4680e-04 4.0500e-01 -1.5763e-05 0.43878 0.44175 0.41974 0.01936 -0.00608 0.00093 1.86057e-01 4.08948e-04 -5.7210452724e-01 -3.8563885553e-01
378.000 -0.00000 0.00000 0.00000 -0.00000 0.00000 0.00000 2.6122e-02 9.1883e-01 3.4756e-02 -2.4680e-04 4.0500e-01 -1.5763e-05 0.42229 0.44176 0.43622 -0.01245 -0.01665 0.00467 1.86057e-01 4.08101e-04 -5.7210431390e-01 -3.8563897834e-01
380.000 0.00000 0.00000 -0.00000 0.00000 0.00000 0.00000 2.4153e-02 9.1882e-01 -3.7395e-02 -2.4680e-04 4.0500e-01 -1.5763e-05 0.43108 0.44180 0.42739 -0.01188 0.01756 -0.00696 1.86057e-01 4.07667e-04 -5.7210395716e-01 -3.8563910631e-01
382.000 0.00000 0.00000 0.00000 -0.00000 0.00000 0.00000 -4.4616e-02 9.1878e-01 -1.1504e-02 -2.4680e-04 4.0500e-01 -1.5763e-05 0.43222 0.44188 0.42617 0.02079 0.00558 0.00527 1.86057e-01 4.07631e-04 -5.7210344681e-01 -3.8563923813e-01
384.000 0.00000 -0.00000 0.00000 -0.00000 0.00000 0.00000 2.8169e-03 9.1880e-01 4.5840e-02 -2.4680e-04 4.0500e-01 -1.5763e-05 0.42406 0.44187 0.43434 -0.00152 -0.02168 -0.00098 1.86056e-01 4.07902e-04 -5.7210278130e-01 -3.8563937219e-01
386.000 -0.00000 0.00000 -0.00000 0.00000 0.00000 0.00000 4.1974e-02 9.1882e-01 -1.8058e-02 -2.4680e-04 4.0500e-01 -1.5763e-05 0.43277 0.44186 0.42564 -0.02010 0.00850 -0.00328 1.86054e-01 4.08340e-04 -5.7210196925e-01 -3.8563950681e-01
388.000 0.00000 0.00000 0.00000 -0.00000 -0.00000 0.00000 -3.1233e-02 9.1877e-01 -3.4450e-02 -2.4680e-04 4.0500e-01 -1.5763e-05 0.42980 0.44191 0.42857 0.01453 0.01622 0.00497 1.86053e-01 4.08791e-04 -5.7210102981e-01 -3.8563964040e-01
390.000 -0.00000 -0.00000 0.00000 -0.00000 -0.00000 0.00000 -2.3077e-02 9.1877e-01 3.9755e-02 -2.4680e-04 4.0500e-01 -1.5763e-05 0.42433 0.44189 0.43407 0.01052 -0.01888 -0.00302 1.86051e-01 4.09128e-04 -5.7209999170e-01 -3.8563977162e-01
392.000 -0.00000 -0.00000 -0.00000 0.00000 0.00000 0.00000 4.3742e-02 9.1880e-01 8.2874e-03 -2.4680e-04 4.0500e-01 -1.5763e-05 0.43580 0.44182 0.42268 -0.02100 -0.00375 -0.00167 1.86050e-01 4.09285e-04 -5.7209889096e-01 -3.8563989946e-01
394.000 0.00000 -0.00000 0.00000 0.00000 0.00000 0.00000 -6.9760e-03 9.1876e-01 -4.3772e-02 -2.4680e-04 4.0500e-01 -1.5763e-05 0.42490 0.44182 0.43358 0.00327 0.02069 0.00662 1.86048e-01 4.09265e-04 -5.7209776762e-01 -3.8564002319e-01
396.000 -0.00000 -0.00000 0.00000 -0.00000 0.00000 0.00000 -3.8835e-02 9.1874e-01 1.9885e-02 -2.4680e-04 4.0500e-01 -1.5763e-05 0.42816 0.44179 0.43036 0.01803 -0.00971 -0.00905 1.86047e-01 4.09135e-04 -5.7209666186e-01 -3.8564014235e-01
398.000 0.00000 0.00000 -0.00000 0.00000 0.00000 0.00000 3.0054e-02 9.1878e-01 2.8664e-02 -2.4680e-04 4.0500e-01 -1.5763e-05 0.43661 0.44170 0.42200 -0.01478 -0.01342 0.00723 1.86046e-01 4.08998e-04 -5.7209561052e-01 -3.8564025668e-01
400.000 -0.00000 0.00000 0.00000 0.00000 0.00000 0.00000 1.5710e-02 9.1876e-01 -3.7352e-02 -2.4680e-04 4.0500e-01 -1.5763e-05 0.41810 0.44166 0.44056 -0.00748 0.01792 -0.00147 1.86045e-01 4.08958e-04 -5.7209464429e-01 -3.8564036609e-01
