# t x y z vx vy vz omx omy omz llx lly llz Ixx Iyy Izz Ixy Iyz Ixz KErot PEspr PEgrav Etot
0.000 -0.00000 0.00000 -0.00000 -0.00000 -0.00000 0.00000 3.0263e-02 9.2062e-01 -3.9292e-02 -2.5028e-04 4.0846e-01 2.3130e-05 0.42983 0.44495 0.43048 -0.01453 0.01850 -0.00297 1.88016e-01 2.50623e-29 -5.7121910589e-01 -3.8320314878e-01
2.000 0.00000 0.00000 0.00000 -0.00000 -0.00000 -0.00000 -4.7545e-02 9.1870e-01 -1.5961e-02 -2.5028e-04 4.0846e-01 2.3130e-05 0.43214 0.44589 0.42537 0.02210 0.00745 0.00068 1.87634e-01 4.06342e-04 -5.7165362017e-01 -3.8361293344e-01
4.004 0.00000 0.00000 -0.00000 -0.00000 -0.00000 -0.00000 1.2977e-04 9.1866e-01 4.9133e-02 -2.5028e-04 4.0846e-01 2.3130e-05 0.42542 0.44586 0.43212 -0.00052 -0.02309 0.00354 1.87621e-01 4.18036e-04 -5.7165365882e-01 -3.8361446193e-01
6.004 0.00000 -0.00000 0.00000 0.00000 0.00000 0.00000 4.4610e-02 9.1869e-01 -1.6681e-02 -2.5028e-04 4.0846e-01 2.3130e-05 0.42856 0.44579 0.42906 -0.02120 0.00813 -0.00655 1.87621e-01 4.18063e-04 -5.7165361694e-01 -3.8361465759e-01
8.004 0.00000 -0.00000 -0.00000 0.00000 0.00000 -0.00000 -3.0763e-02 9.1864e-01 -3.5893e-02 -2.5028e-04 4.0846e-01 2.3130e-05 0.43447 0.44578 0.42316 0.01451 0.01676 0.00601 1.87619e-01 4.19410e-04 -5.7165348222e-01 -3.8361484908e-01
10.000 0.00000 -0.00000 -0.00000 0.00000 -0.00000 0.00000 -2.3455e-02 9.1863e-01 3.9367e-02 -2.5028e-04 4.0846e-01 2.3130e-05 0.41908 0.44572 0.43862 0.01049 -0.01881 -0.00146 1.87618e-01 4.20306e-04 -5.7165325916e-01 -3.8361503127e-01
12.000 -0.00000 0.00000 0.00000 -0.00000 -0.00000 0.00000 4.2684e-02 9.1867e-01 7.6109e-03 -2.5028e-04 4.0846e-01 2.3130e-05 0.43885 0.44561 0.41896 -0.02062 -0.00319 -0.00546 1.87617e-01 4.20727e-04 -5.7165296271e-01 -3.8361520422e-01
14.000 -0.00000 -0.00000 -0.00000 -0.00000 -0.00000 -0.00000 -8.4578e-03 9.1864e-01 -4.1479e-02 -2.5028e-04 4.0846e-01 2.3130e-05 0.42368 0.44557 0.43417 0.00415 0.01973 0.01146 1.87616e-01 4.20808e-04 -5.7165261148e-01 -3.8361536759e-01
16.000 -0.00000 -0.00000 -0.00000 -0.00000 -0.00000 -0.00000 -3.5144e-02 9.1862e-01 2.1544e-02 -2.5028e-04 4.0846e-01 2.3130e-05 0.42619 0.44553 0.43171 0.01635 -0.01061 -0.01340 1.87616e-01 4.20705e-04 -5.7165222685e-01 -3.8361552180e-01
18.000 0.00000 0.00000 -0.00000 -0.00000 -0.00000 -0.00000 3.1006e-02 9.1866e-01 2.3502e-02 -2.5028e-04 4.0846e-01 2.3130e-05 0.43972 0.44543 0.41828 -0.01537 -0.01101 0.00984 1.87616e-01 4.20547e-04 -5.7165183104e-01 -3.8361566766e-01
20.004 -0.00000 -0.00000 -0.00000 0.00000 -0.00000 -0.00000 8.9587e-03 9.1864e-01 -3.6938e-02 -2.5028e-04 4.0846e-01 2.3130e-05 0.41393 0.44540 0.44410 -0.00438 0.01790 -0.00172 1.87615e-01 4.20395e-04 -5.7165144437e-01 -3.8361580662e-01
22.004 -0.00000 -0.00000 -0.00000 -0.00000 -0.00000 -0.00000 -3.7623e-02 9.1861e-01 5.1640e-03 -2.5028e-04 4.0846e-01 2.3130e-05 0.44264 0.44540 0.41539 0.01790 -0.00262 -0.00758 1.87615e-01 4.20244e-04 -5.7165108763e-01 -3.8361593971e-01
24.004 -0.00000 0.00000 -0.00000 0.00000 -0.00000 -0.00000 1.8154e-02 9.1864e-01 3.1997e-02 -2.5028e-04 4.0846e-01 2.3130e-05 0.42225 0.44536 0.43583 -0.00911 -0.01544 0.01427 1.87615e-01 4.20026e-04 -5.7165077735e-01 -3.8361606913e-01
26.004 -0.00000 0.00000 0.00000 0.00000 -0.00000 -0.00000 2.1771e-02 9.1865e-01 -2.9530e-02 -2.5028e-04 4.0846e-01 2.3130e-05 0.42632 0.44535 0.43177 -0.01088 0.01427 -0.01555 1.87615e-01 4.19644e-04 -5.7165052952e-01 -3.8361619710e-01
28.004 0.00000 -0.00000 0.00000 0.00000 -0.00000 -0.00000 -3.6890e-02 9.1861e-01 -9.3907e-03 -2.5028e-04 4.0846e-01 2.3130e-05 0.44007 0.44540 0.41796 0.01751 0.00474 0.01090 1.87615e-01 4.19001e-04 -5.7165035942e-01 -3.8361632606e-01
30.004 -0.00000 -0.00000 0.00000 0.00000 -0.00000 -0.00000 4.5545e-03 9.1864e-01 3.8104e-02 -2.5028e-04 4.0846e-01 2.3130e-05 0.41413 0.44541 0.44389 -0.00223 -0.01838 -0.00236 1.87616e-01 4.18030e-04 -5.7165028200e-01 -3.8361645853e-01
32.004 -0.00000 -0.00000 0.00000 0.00000 -0.00000 -0.00000 3.3883e-02 9.1867e-01 -1.9456e-02 -2.5028e-04 4.0846e-01 2.3130e-05 0.44187 0.44544 0.41613 -0.01671 0.00908 -0.00645 1.87617e-01 4.16730e-04 -5.7165031181e-01 -3.8361659699e-01
34.004 0.00000 0.00000 0.00000 0.00000 -0.00000 -0.00000 -3.2428e-02 9.1863e-01 -2.5787e-02 -2.5028e-04 4.0846e-01 2.3130e-05 0.42272 0.44553 0.43519 0.01498 0.01266 0.01194 1.87619e-01 4.15177e-04 -5.7165046207e-01 -3.8361674370e-01
36.004 0.00000 0.00000 -0.00000 0.00000 -0.00000 -0.00000 -1.3763e-02 9.1865e-01 4.0570e-02 -2.5028e-04 4.0846e-01 2.3130e-05 0.42706 0.44558 0.43079 0.00666 -0.01918 -0.01219 1.87620e-01 4.13534e-04 -5.7165074304e-01 -3.8361690047e-01
38.000 -0.00000 0.00000 -0.00000 0.00000 -0.00000 -0.00000 4.3645e-02 9.1870e-01 -1.7267e-03 -2.5028e-04 4.0846e-01 2.3130e-05 0.43670 0.44561 0.42110 -0.02100 0.00045 0.00780 1.87622e-01 4.12030e-04 -5.7165115844e-01 -3.8361706810e-01
40.000 0.00000 0.00000 0.00000 0.00000 -0.00000 -0.00000 -1.8095e-02 9.1867e-01 -4.2275e-02 -2.5028e-04 4.0846e-01 2.3130e-05 0.41941 0.44571 0.43829 0.00793 0.02017 -0.00125 1.87624e-01 4.10903e-04 -5.7165170612e-01 -3.8361724752e-01
42.000 -0.00000 0.00000 0.00000 0.00000 -0.00000 -0.00000 -3.5447e-02 9.1862e-01 3.1873e-02 -2.5028e-04 4.0846e-01 2.3130e-05 0.43552 0.44581 0.42212 0.01668 -0.01478 -0.00410 1.87616e-01 4.09251e-04 -5.7164297761e-01 -3.8361736920e-01
44.000 -0.00000 -0.00000 0.00000 0.00000 -0.00000 -0.00000 4.2144e-02 9.1866e-01 2.2758e-02 -2.5028e-04 4.0846e-01 2.3130e-05 0.42706 0.44582 0.43057 -0.02001 -0.01091 0.00589 1.87615e-01 4.10248e-04 -5.7164292582e-01 -3.8361741635e-01
46.000 0.00000 0.00000 -0.00000 0.00000 -0.00000 -0.00000 6.7418e-03 9.1864e-01 -4.8591e-02 -2.5028e-04 4.0846e-01 2.3130e-05 0.42647 0.44587 0.43110 -0.00361 0.02286 -0.00386 1.87615e-01 4.11323e-04 -5.7164389284e-01 -3.8361745806e-01
48.000 0.00000 0.00000 0.00000 0.00000 -0.00000 0.00000 -4.9307e-02 9.1860e-01 9.3625e-03 -2.5028e-04 4.0846e-01 2.3130e-05 0.43200 0.44593 0.42551 0.02292 -0.00432 -0.00010 1.87615e-01 4.12407e-04 -5.7164476270e-01 -3.8361749987e-01
50.000 0.00000 -0.00000 0.00000 0.00000 -0.00000 0.00000 2.4363e-02 9.1864e-01 4.2991e-02 -2.5028e-04 4.0846e-01 2.3130e-05 0.42798 0.44589 0.42956 -0.01177 -0.02016 0.00307 1.87614e-01 4.13611e-04 -5.7164551525e-01 -3.8361754158e-01
52.000 0.00000 0.00000 -0.00000 0.00000 -0.00000 -0.00000 3.1437e-02 9.1865e-01 -3.7400e-02 -2.5028e-04 4.0846e-01 2.3130e-05 0.42559 0.44587 0.43197 -0.01495 0.01771 -0.00284 1.87614e-01 4.14851e-04 -5.7164614880e-01 -3.8361758304e-01
54.000 0.00000 -0.00000 -0.00000 -0.00000 -0.00000 -0.00000 -4.5812e-02 9.1860e-01 -1.7371e-02 -2.5028e-04 4.0846e-01 2.3130e-05 0.43459 0.44588 0.42296 0.02139 0.00798 -0.00079 1.87613e-01 4.15863e-04 -5.7164664418e-01 -3.8361762373e-01
56.000 0.00000 -0.00000 0.00000 -0.00000 -0.00000 -0.00000 -1.7546e-03 9.1862e-01 4.7419e-02 -2.5028e-04 4.0846e-01 2.3130e-05 0.42394 0.44580 0.43369 0.00024 -0.02235 0.00584 1.87613e-01 4.16484e-04 -5.7164697350e-01 -3.8361766314e-01
58.000 -0.00000 0.00000 -0.00000 -0.00000 -0.00000 -0.00000 4.3098e-02 9.1865e-01 -1.4478e-02 -2.5028e-04 4.0846e-01 2.3130e-05 0.42896 0.44571 0.42876 -0.02054 0.00722 -0.00925 1.87613e-01 4.16735e-04 -5.7164713342e-01 -3.8361770096e-01
60.000 -0.00000 0.00000 0.00000 -0.00000 -0.00000 -0.00000 -2.8280e-02 9.1861e-01 -3.4729e-02 -2.5028e-04 4.0846e-01 2.3130e-05 0.43538 0.44568 0.42237 0.01346 0.01626 0.00857 1.87613e-01 4.16815e-04 -5.7164713794e-01 -3.8361773701e-01
62.000 -0.00000 0.00000 0.00000 0.00000 -0.00000 -0.00000 -2.2603e-02 9.1861e-01 3.6808e-02 -2.5028e-04 4.0846e-01 2.3130e-05 0.41726 0.44562 0.44057 0.01013 -0.01771 -0.00331 1.87612e-01 4.16947e-04 -5.7164700545e-01 -3.8361777120e-01
64.000 -0.00000 -0.00000 -0.00000 0.00000 -0.00000 -0.00000 4.0072e-02 9.1864e-01 7.2499e-03 -2.5028e-04 4.0846e-01 2.3130e-05 0.44142 0.44551 0.41652 -0.01949 -0.00306 -0.00462 1.87612e-01 4.17315e-04 -5.7164676550e-01 -3.8361780353e-01
66.000 -0.00000 0.00000 -0.00000 0.00000 -0.00000 -0.00000 -8.3557e-03 9.1861e-01 -3.8981e-02 -2.5028e-04 4.0846e-01 2.3130e-05 0.42110 0.44548 0.43687 0.00406 0.01867 0.01182 1.87611e-01 4.18016e-04 -5.7164644753e-01 -3.8361783407e-01
68.000 0.00000 0.00000 -0.00000 0.00000 -0.00000 -0.00000 -3.2886e-02 9.1859e-01 2.1085e-02 -2.5028e-04 4.0846e-01 2.3130e-05 0.42846 0.44546 0.42954 0.01541 -0.01037 -0.01493 1.87609e-01 4.19038e-04 -5.7164607954e-01 -3.8361786297e-01
70.000 -0.00000 -0.00000 -0.00000 0.00000 -0.00000 -0.00000 3.0338e-02 9.1862e-01 2.1532e-02 -2.5028e-04 4.0846e-01 2.3130e-05 0.43847 0.44539 0.41960 -0.01504 -0.01021 0.01225 1.87608e-01 4.20276e-04 -5.7164568633e-01 -3.8361789050e-01
72.000 0.00000 -0.00000 0.00000 0.00000 -0.00000 -0.00000 7.3876e-03 9.1860e-01 -3.6165e-02 -2.5028e-04 4.0846e-01 2.3130e-05 0.41398 0.44538 0.44410 -0.00378 0.01755 -0.00460 1.87606e-01 4.21555e-04 -5.7164528805e-01 -3.8361791700e-01
74.000 -0.00000 0.00000 -0.00000 0.00000 -0.00000 -0.00000 -3.6926e-02 9.1856e-01 6.5828e-03 -2.5028e-04 4.0846e-01 2.3130e-05 0.44402 0.44541 0.41404 0.01761 -0.00314 -0.00500 1.87604e-01 4.22656e-04 -5.7164490075e-01 -3.8361794290e-01
76.000 -0.00000 0.00000 -0.00000 0.00000 -0.00000 -0.00000 1.9566e-02 9.1859e-01 3.1384e-02 -2.5028e-04 4.0846e-01 2.3130e-05 0.41981 0.44539 0.43827 -0.00965 -0.01522 0.01266 1.87603e-01 4.23355e-04 -5.7164453692e-01 -3.8361796869e-01
78.004 0.00000 -0.00000 0.00000 0.00000 -0.00000 -0.00000 2.1046e-02 9.1859e-01 -3.1145e-02 -2.5028e-04 4.0846e-01 2.3130e-05 0.42909 0.44541 0.42896 -0.01062 0.01492 -0.01530 1.87603e-01 4.23457e-04 -5.7164420577e-01 -3.8361799493e-01
80.004 0.00000 0.00000 0.00000 0.00000 -0.00000 0.00000 -3.8629e-02 9.1855e-01 -8.5145e-03 -2.5028e-04 4.0846e-01 2.3130e-05 0.43748 0.44549 0.42050 0.01824 0.00443 0.01199 1.87603e-01 4.22836e-04 -5.7164391671e-01 -3.8361802205e-01
82.004 0.00000 0.00000 0.00000 0.00000 -0.00000 0.00000 5.7081e-03 9.1858e-01 3.9936e-02 -2.5028e-04 4.0846e-01 2.3130e-05 0.41584 0.44552 0.44210 -0.00266 -0.01917 -0.00449 1.87604e-01 4.21472e-04 -5.7164367600e-01 -3.8361805061e-01
84.004 0.00000 -0.00000 0.00000 0.00000 -0.00000 -0.00000 3.5703e-02 9.1861e-01 -2.0979e-02 -2.5028e-04 4.0846e-01 2.3130e-05 0.44125 0.44555 0.41666 -0.01751 0.00969 -0.00378 1.87606e-01 4.19466e-04 -5.7164348976e-01 -3.8361808106e-01
86.004 -0.00000 0.00000 -0.00000 0.00000 -0.00000 0.00000 -3.4345e-02 9.1858e-01 -2.7454e-02 -2.5028e-04 4.0846e-01 2.3130e-05 0.42199 0.44566 0.43581 0.01578 0.01340 0.00932 1.87608e-01 4.17054e-04 -5.7164336296e-01 -3.8361811374e-01
88.004 0.00000 -0.00000 0.00000 0.00000 -0.00000 0.00000 -1.5139e-02 9.1860e-01 4.2825e-02 -2.5028e-04 4.0846e-01 2.3130e-05 0.42875 0.44572 0.42898 0.00727 -0.02014 -0.01016 1.87611e-01 4.14580e-04 -5.7164329838e-01 -3.8361814883e-01
90.004 -0.00000 0.00000 0.00000 0.00000 -0.00000 0.00000 4.6118e-02 9.1865e-01 -9.0471e-04 -2.5028e-04 4.0846e-01 2.3130e-05 0.43425 0.44574 0.42346 -0.02207 0.00011 0.00667 1.87613e-01 4.12440e-04 -5.7164329498e-01 -3.8361818632e-01
92.004 0.00000 0.00000 -0.00000 0.00000 -0.00000 0.00000 -1.7668e-02 9.1862e-01 -4.4767e-02 -2.5028e-04 4.0846e-01 2.3130e-05 0.42206 0.44583 0.43556 0.00778 0.02123 -0.00129 1.87614e-01 4.11001e-04 -5.7164334598e-01 -3.8361822594e-01
94.004 0.00000 -0.00000 0.00000 0.00000 -0.00000 0.00000 -3.7840e-02 9.1861e-01 3.1778e-02 -2.5028e-04 4.0846e-01 2.3130e-05 0.43304 0.44589 0.42452 0.01766 -0.01478 -0.00286 1.87615e-01 4.10507e-04 -5.7164343747e-01 -3.8361826723e-01
96.004 0.00000 -0.00000 0.00000 0.00000 -0.00000 0.00000 4.2260e-02 9.1866e-01 2.4998e-02 -2.5028e-04 4.0846e-01 2.3130e-05 0.42869 0.44588 0.42888 -0.02009 -0.01181 0.00367 1.87614e-01 4.11011e-04 -5.7164354828e-01 -3.8361830953e-01
98.004 0.00000 0.00000 0.00000 0.00000 -0.00000 0.00000 8.8515e-03 9.1863e-01 -4.8809e-02 -2.5028e-04 4.0846e-01 2.3130e-05 0.42596 0.44591 0.43157 -0.00444 0.02297 -0.00110 1.87613e-01 4.12354e-04 -5.7164365179e-01 -3.8361835214e-01
100.004 0.00000 0.00000 0.00000 0.00000 -0.00000 0.00000 -4.9569e-02 9.1859e-01 7.3046e-03 -2.5028e-04 4.0846e-01 2.3130e-05 0.43119 0.44594 0.42632 0.02302 -0.00352 -0.00279 1.87611e-01 4.14211e-04 -5.7164371967e-01 -3.8361839435e-01
102.004 0.00000 -0.00000 -0.00000 0.00000 -0.00000 0.00000 2.2265e-02 9.1862e-01 4.3314e-02 -2.5028e-04 4.0846e-01 2.3130e-05 0.42993 0.44587 0.42765 -0.01093 -0.02026 0.00509 1.87609e-01 4.16191e-04 -5.7164372672e-01 -3.8361843559e-01
104.004 0.00000 -0.00000 0.00000 0.00000 -0.00000 0.00000 3.1902e-02 9.1862e-01 -3.5209e-02 -2.5028e-04 4.0846e-01 2.3130e-05 0.42302 0.44582 0.43461 -0.01511 0.01681 -0.00377 1.87607e-01 4.17943e-04 -5.7164365532e-01 -3.8361847541e-01
106.004 0.00000 0.00000 0.00000 0.00000 -0.00000 0.00000 -4.3542e-02 9.1856e-01 -1.8087e-02 -2.5028e-04 4.0846e-01 2.3130e-05 0.43735 0.44581 0.42030 0.02044 0.00825 -0.00111 1.87606e-01 4.19244e-04 -5.7164349827e-01 -3.8361851352e-01
108.004 0.00000 0.00000 0.00000 0.00000 -0.00000 0.00000 -2.8093e-03 9.1858e-01 4.5154e-02 -2.5028e-04 4.0846e-01 2.3130e-05 0.42174 0.44572 0.43600 0.00066 -0.02138 0.00730 1.87605e-01 4.20029e-04 -5.7164325920e-01 -3.8361854976e-01
110.004 0.00000 0.00000 -0.00000 0.00000 -0.00000 0.00000 4.0968e-02 9.1861e-01 -1.3056e-02 -2.5028e-04 4.0846e-01 2.3130e-05 0.43039 0.44563 0.42745 -0.01963 0.00661 -0.01153 1.87604e-01 4.20364e-04 -5.7164295090e-01 -3.8361858406e-01
112.004 0.00000 0.00000 0.00000 0.00000 -0.00000 0.00000 -2.6535e-02 9.1857e-01 -3.2864e-02 -2.5028e-04 4.0846e-01 2.3130e-05 0.43522 0.44560 0.42266 0.01270 0.01547 0.01120 1.87604e-01 4.20394e-04 -5.7164259221e-01 -3.8361861646e-01
114.004 -0.00000 0.00000 -0.00000 0.00000 -0.00000 0.00000 -2.1091e-02 9.1856e-01 3.4846e-02 -2.5028e-04 4.0846e-01 2.3130e-05 0.41635 0.44554 0.44159 0.00951 -0.01686 -0.00578 1.87603e-01 4.20272e-04 -5.7164220489e-01 -3.8361864704e-01
116.004 -0.00000 -0.00000 0.00000 0.00000 -0.00000 0.00000 3.8022e-02 9.1860e-01 6.1091e-03 -2.5028e-04 4.0846e-01 2.3130e-05 0.44344 0.44545 0.41459 -0.01861 -0.00261 -0.00284 1.87603e-01 4.20114e-04 -5.7164181090e-01 -3.8361867599e-01
118.004 0.00000 0.00000 0.00000 0.00000 -0.00000 0.00000 -9.1741e-03 9.1857e-01 -3.6956e-02 -2.5028e-04 4.0846e-01 2.3130e-05 0.41855 0.44543 0.43950 0.00436 0.01782 0.01113 1.87603e-01 4.19967e-04 -5.7164143089e-01 -3.8361870357e-01
120.004 0.00000 0.00000 -0.00000 0.00000 -0.00000 0.00000 -3.0945e-02 9.1855e-01 2.1676e-02 -2.5028e-04 4.0846e-01 2.3130e-05 0.43113 0.44542 0.42693 0.01462 -0.01057 -0.01551 1.87603e-01 4.19809e-04 -5.7164108355e-01 -3.8361873011e-01
122.004 0.00000 0.00000 0.00000 0.00000 -0.00000 0.00000 3.0802e-02 9.1859e-01 1.9670e-02 -2.5028e-04 4.0846e-01 2.3130e-05 0.43641 0.44538 0.42169 -0.01521 -0.00947 0.01401 1.87602e-01 4.19564e-04 -5.7164078583e-01 -3.8361875600e-01
124.004 0.00000 -0.00000 0.00000 0.00000 -0.00000 0.00000 5.5372e-03 9.1858e-01 -3.6571e-02 -2.5028e-04 4.0846e-01 2.3130e-05 0.41500 0.44539 0.44309 -0.00306 0.01771 -0.00713 1.87603e-01 4.19133e-04 -5.7164055351e-01 -3.8361878171e-01
126.004 -0.00000 0.00000 0.00000 0.00000 -0.00000 0.00000 -3.7283e-02 9.1855e-01 8.5145e-03 -2.5028e-04 4.0846e-01 2.3130e-05 0.44429 0.44544 0.41375 0.01778 -0.00390 -0.00230 1.87603e-01 4.18421e-04 -5.7164040175e-01 -3.8361880773e-01
128.004 0.00000 0.00000 0.00000 0.00000 -0.00000 0.00000 2.1661e-02 9.1859e-01 3.1635e-02 -2.5028e-04 4.0846e-01 2.3130e-05 0.41830 0.44544 0.43974 -0.01049 -0.01536 0.01041 1.87604e-01 4.17376e-04 -5.7164034549e-01 -3.8361883457e-01
130.004 0.00000 -0.00000 0.00000 0.00000 -0.00000 0.00000 2.1207e-02 9.1860e-01 -3.3350e-02 -2.5028e-04 4.0846e-01 2.3130e-05 0.43152 0.44548 0.42648 -0.01074 0.01583 -0.01399 1.87606e-01 4.16010e-04 -5.7164039911e-01 -3.8361886272e-01
132.004 0.00000 0.00000 -0.00000 0.00000 -0.00000 0.00000 -4.1044e-02 9.1857e-01 -8.3735e-03 -2.5028e-04 4.0846e-01 2.3130e-05 0.43469 0.44557 0.42321 0.01926 0.00442 0.01193 1.87607e-01 4.14421e-04 -5.7164057545e-01 -3.8361889261e-01
134.004 0.00000 -0.00000 0.00000 0.00000 -0.00000 0.00000 6.2586e-03 9.1861e-01 4.2462e-02 -2.5028e-04 4.0846e-01 2.3130e-05 0.41827 0.44561 0.43959 -0.00286 -0.02026 -0.00566 1.87609e-01 4.12787e-04 -5.7164088389e-01 -3.8361892460e-01
136.004 0.00000 -0.00000 -0.00000 0.00000 -0.00000 0.00000 3.8195e-02 9.1864e-01 -2.1982e-02 -2.5028e-04 4.0846e-01 2.3130e-05 0.43950 0.44565 0.41831 -0.01859 0.01010 -0.00165 1.87611e-01 4.11342e-04 -5.7164132764e-01 -3.8361895886e-01
138.004 0.00000 0.00000 0.00000 0.00000 -0.00000 0.00000 -3.5761e-02 9.1860e-01 -2.9761e-02 -2.5028e-04 4.0846e-01 2.3130e-05 0.42254 0.44576 0.43516 0.01639 0.01438 0.00666 1.87613e-01 4.10330e-04 -5.7164190072e-01 -3.8361899540e-01
140.004 0.00000 -0.00000 0.00000 0.00000 -0.00000 0.00000 -1.7152e-02 9.1862e-01 4.4547e-02 -2.5028e-04 4.0846e-01 2.3130e-05 0.42933 0.44582 0.42831 0.00811 -0.02088 -0.00747 1.87614e-01 4.09939e-04 -5.7164258525e-01 -3.8361903403e-01
142.004 0.00000 0.00000 0.00000 0.00000 -0.00000 0.00000 4.8004e-02 9.1866e-01 7.8007e-04 -2.5028e-04 4.0846e-01 2.3130e-05 0.43244 0.44583 0.42518 -0.02287 -0.00057 0.00450 1.87614e-01 4.10242e-04 -5.7164335016e-01 -3.8361907435e-01
144.004 0.00000 0.00000 -0.00000 0.00000 -0.00000 0.00000 -1.6269e-02 9.1862e-01 -4.6694e-02 -2.5028e-04 4.0846e-01 2.3130e-05 0.42460 0.44590 0.43295 0.00724 0.02203 -0.00012 1.87614e-01 4.11161e-04 -5.7164415233e-01 -3.8361911584e-01
146.004 0.00000 0.00000 -0.00000 0.00000 -0.00000 0.00000 -3.9744e-02 9.1860e-01 3.0568e-02 -2.5028e-04 4.0846e-01 2.3130e-05 0.43016 0.44593 0.42734 0.01843 -0.01432 -0.00276 1.87613e-01 4.12480e-04 -5.7164494059e-01 -3.8361915787e-01
148.004 0.00000 -0.00000 0.00000 0.00000 -0.00000 0.00000 4.1144e-02 9.1865e-01 2.6894e-02 -2.5028e-04 4.0846e-01 2.3130e-05 0.43119 0.44588 0.42636 -0.01965 -0.01256 0.00229 1.87613e-01 4.13906e-04 -5.7164566212e-01 -3.8361919986e-01
150.004 -0.00000 -0.00000 0.00000 0.00000 -0.00000 0.00000 1.0818e-02 9.1863e-01 -4.7735e-02 -2.5028e-04 4.0846e-01 2.3130e-05 0.42436 0.44588 0.43319 -0.00521 0.02252 0.00124 1.87612e-01 4.15158e-04 -5.7164626996e-01 -3.8361924127e-01
152.004 0.00000 0.00000 0.00000 0.00000 -0.00000 0.00000 -4.8565e-02 9.1859e-01 5.1703e-03 -2.5028e-04 4.0846e-01 2.3130e-05 0.43159 0.44587 0.42596 0.02258 -0.00267 -0.00557 1.87611e-01 4.16050e-04 -5.7164672965e-01 -3.8361928165e-01
154.000 0.00000 0.00000 0.00000 0.00000 -0.00000 0.00000 1.9739e-02 9.1863e-01 4.2562e-02 -2.5028e-04 4.0846e-01 2.3130e-05 0.43078 0.44578 0.42687 -0.00989 -0.01992 0.00772 1.87611e-01 4.16542e-04 -5.7164702270e-01 -3.8361932061e-01
156.000 0.00000 -0.00000 0.00000 0.00000 -0.00000 0.00000 3.1504e-02 9.1864e-01 -3.2505e-02 -2.5028e-04 4.0846e-01 2.3130e-05 0.42121 0.44571 0.43652 -0.01492 0.01567 -0.00576 1.87611e-01 4.16735e-04 -5.7164714926e-01 -3.8361935804e-01
158.000 0.00000 -0.00000 0.00000 0.00000 -0.00000 0.00000 -4.0770e-02 9.1859e-01 -1.8144e-02 -2.5028e-04 4.0846e-01 2.3130e-05 0.43993 0.44568 0.41782 0.01925 0.00827 -0.00013 1.87611e-01 4.16815e-04 -5.7164712201e-01 -3.8361939371e-01
160.000 -0.00000 -0.00000 0.00000 0.00000 -0.00000 0.00000 -3.3565e-03 9.1861e-01 4.2473e-02 -2.5028e-04 4.0846e-01 2.3130e-05 0.41909 0.44559 0.43876 0.00091 -0.02023 0.00752 1.87611e-01 4.16993e-04 -5.7164696451e-01 -3.8361942751e-01
162.000 0.00000 0.00000 0.00000 0.00000 -0.00000 0.00000 3.8541e-02 9.1863e-01 -1.2073e-02 -2.5028e-04 4.0846e-01 2.3130e-05 0.43279 0.44550 0.42515 -0.01860 0.00616 -0.01294 1.87610e-01 4.17429e-04 -5.7164670552e-01 -3.8361945945e-01
164.000 0.00000 -0.00000 0.00000 0.00000 -0.00000 0.00000 -2.5246e-02 9.1859e-01 -3.0808e-02 -2.5028e-04 4.0846e-01 2.3130e-05 0.43377 0.44549 0.42420 0.01210 0.01462 0.01355 1.87609e-01 4.18200e-04 -5.7164637467e-01 -3.8361948962e-01
166.000 0.00000 -0.00000 -0.00000 0.00000 -0.00000 0.00000 -1.9438e-02 9.1858e-01 3.3420e-02 -2.5028e-04 4.0846e-01 2.3130e-05 0.41664 0.44545 0.44137 0.00886 -0.01622 -0.00860 1.87607e-01 4.19277e-04 -5.7164599950e-01 -3.8361951820e-01
168.000 -0.00000 0.00000 -0.00000 0.00000 -0.00000 0.00000 3.6617e-02 9.1861e-01 4.8043e-03 -2.5028e-04 4.0846e-01 2.3130e-05 0.44458 0.44538 0.41350 -0.01799 -0.00213 -0.00018 1.87606e-01 4.20540e-04 -5.7164560368e-01 -3.8361954547e-01
170.000 -0.00000 -0.00000 -0.00000 0.00000 -0.00000 0.00000 -1.0257e-02 9.1858e-01 -3.5671e-02 -2.5028e-04 4.0846e-01 2.3130e-05 0.41628 0.44540 0.44178 0.00474 0.01728 0.00929 1.87604e-01 4.21801e-04 -5.7164520654e-01 -3.8361957181e-01
172.000 -0.00000 0.00000 -0.00000 0.00000 -0.00000 0.00000 -2.9795e-02 9.1855e-01 2.2689e-02 -2.5028e-04 4.0846e-01 2.3130e-05 0.43403 0.44541 0.42403 0.01418 -0.01093 -0.01498 1.87602e-01 4.22835e-04 -5.7164482331e-01 -3.8361959764e-01
174.000 0.00000 -0.00000 0.00000 0.00000 -0.00000 0.00000 3.1876e-02 9.1859e-01 1.8582e-02 -2.5028e-04 4.0846e-01 2.3130e-05 0.43359 0.44539 0.42448 -0.01562 -0.00908 0.01493 1.87601e-01 4.23421e-04 -5.7164446585e-01 -3.8361962347e-01
176.000 0.00000 0.00000 0.00000 0.00000 -0.00000 0.00000 4.3814e-03 9.1857e-01 -3.7774e-02 -2.5028e-04 4.0846e-01 2.3130e-05 0.41698 0.44543 0.44105 -0.00264 0.01821 -0.00927 1.87601e-01 4.23376e-04 -5.7164414353e-01 -3.8361964982e-01
178.000 0.00000 -0.00000 -0.00000 0.00000 -0.00000 0.00000 -3.8596e-02 9.1855e-01 9.8868e-03 -2.5028e-04 4.0846e-01 2.3130e-05 0.44350 0.44551 0.41446 0.01836 -0.00441 0.00051 1.87602e-01 4.22596e-04 -5.7164386414e-01 -3.8361967720e-01
180.000 0.00000 0.00000 -0.00000 0.00000 -0.00000 0.00000 2.3367e-02 9.1859e-01 3.2960e-02 -2.5028e-04 4.0846e-01 2.3130e-05 0.41761 0.44552 0.44033 -0.01117 -0.01597 0.00762 1.87603e-01 4.21083e-04 -5.7164363447e-01 -3.8361970612e-01
182.000 -0.00000 -0.00000 -0.00000 0.00000 -0.00000 0.00000 2.2393e-02 9.1860e-01 -3.5437e-02 -2.5028e-04 4.0846e-01 2.3130e-05 0.43328 0.44558 0.42460 -0.01129 0.01669 -0.01184 1.87605e-01 4.18968e-04 -5.7164346044e-01 -3.8361973702e-01
184.000 -0.00000 -0.00000 0.00000 0.00000 -0.00000 0.00000 -4.3475e-02 9.1857e-01 -9.2642e-03 -2.5028e-04 4.0846e-01 2.3130e-05 0.43208 0.44568 0.42570 0.02029 0.00483 0.01085 1.87607e-01 4.16512e-04 -5.7164334667e-01 -3.8361977020e-01
186.000 -0.00000 0.00000 -0.00000 0.00000 -0.00000 0.00000 5.7794e-03 9.1861e-01 4.5127e-02 -2.5028e-04 4.0846e-01 2.3130e-05 0.42093 0.44572 0.43680 -0.00264 -0.02140 -0.00581 1.87609e-01 4.14076e-04 -5.7164329528e-01 -3.8361980581e-01
188.000 0.00000 0.00000 0.00000 0.00000 -0.00000 0.00000 4.0945e-02 9.1864e-01 -2.1959e-02 -2.5028e-04 4.0846e-01 2.3130e-05 0.43706 0.44576 0.42063 -0.01976 0.01010 -0.00034 1.87611e-01 4.12057e-04 -5.7164330416e-01 -3.8361984377e-01
190.000 0.00000 0.00000 0.00000 0.00000 -0.00000 0.00000 -3.6163e-02 9.1860e-01 -3.2452e-02 -2.5028e-04 4.0846e-01 2.3130e-05 0.42406 0.44586 0.43353 0.01658 0.01552 0.00445 1.87613e-01 4.10804e-04 -5.7164336512e-01 -3.8361988379e-01
192.000 0.00000 -0.00000 -0.00000 0.00000 -0.00000 0.00000 -1.9689e-02 9.1861e-01 4.5285e-02 -2.5028e-04 4.0846e-01 2.3130e-05 0.42881 0.44590 0.42874 0.00915 -0.02121 -0.00478 1.87613e-01 4.10526e-04 -5.7164346265e-01 -3.8361992534e-01
194.000 0.00000 0.00000 0.00000 0.00000 -0.00000 0.00000 4.8976e-02 9.1865e-01 3.1359e-03 -2.5028e-04 4.0846e-01 2.3130e-05 0.43167 0.44588 0.42589 -0.02329 -0.00153 0.00186 1.87612e-01 4.11228e-04 -5.7164357419e-01 -3.8361996777e-01
196.000 -0.00000 0.00000 -0.00000 0.00000 -0.00000 0.00000 -1.4066e-02 9.1861e-01 -4.7826e-02 -2.5028e-04 4.0846e-01 2.3130e-05 0.42642 0.44592 0.43110 0.00636 0.02250 0.00194 1.87611e-01 4.12711e-04 -5.7164367240e-01 -3.8362001034e-01
198.000 0.00000 -0.00000 0.00000 0.00000 -0.00000 0.00000 -4.1018e-02 9.1858e-01 2.8468e-02 -2.5028e-04 4.0846e-01 2.3130e-05 0.42761 0.44593 0.42990 0.01894 -0.01347 -0.00381 1.87609e-01 4.14627e-04 -5.7164372920e-01 -3.8362005239e-01
200.000 0.00000 -0.00000 -0.00000 0.00000 -0.00000 0.00000 3.9116e-02 9.1862e-01 2.8344e-02 -2.5028e-04 4.0846e-01 2.3130e-05 0.43395 0.44586 0.42364 -0.01882 -0.01314 0.00212 1.87607e-01 4.16584e-04 -5.7164372067e-01 -3.8362009335e-01
202.000 0.00000 -0.00000 0.00000 0.00000 -0.00000 0.00000 1.2504e-02 9.1860e-01 -4.5801e-02 -2.5028e-04 4.0846e-01 2.3130e-05 0.42202 0.44582 0.43561 -0.00589 0.02171 0.00259 1.87605e-01 4.18253e-04 -5.7164363125e-01 -3.8362013282e-01
204.000 0.00000 0.00000 0.00000 0.00000 -0.00000 0.00000 -4.6801e-02 9.1855e-01 3.2059e-03 -2.5028e-04 4.0846e-01 2.3130e-05 0.43319 0.44580 0.42446 0.02183 -0.00185 -0.00781 1.87604e-01 4.19445e-04 -5.7164345609e-01 -3.8362017054e-01
206.000 -0.00000 0.00000 0.00000 0.00000 -0.00000 0.00000 1.7667e-02 9.1858e-01 4.0998e-02 -2.5028e-04 4.0846e-01 2.3130e-05 0.43048 0.44570 0.42728 -0.00902 -0.01925 0.01040 1.87603e-01 4.20125e-04 -5.7164320097e-01 -3.8362020636e-01
208.000 -0.00000 -0.00000 0.00000 0.00000 -0.00000 0.00000 3.0279e-02 9.1859e-01 -3.0200e-02 -2.5028e-04 4.0846e-01 2.3130e-05 0.42041 0.44562 0.43743 -0.01440 0.01468 -0.00832 1.87602e-01 4.20382e-04 -5.7164288022e-01 -3.8362024025e-01
210.000 0.00000 0.00000 0.00000 0.00000 -0.00000 0.00000 -3.8347e-02 9.1855e-01 -1.7332e-02 -2.5028e-04 4.0846e-01 2.3130e-05 0.44189 0.44559 0.41598 0.01821 0.00795 0.00180 1.87602e-01 4.20367e-04 -5.7164251359e-01 -3.8362027225e-01
212.000 0.00000 0.00000 0.00000 0.00000 -0.00000 0.00000 -2.9605e-03 9.1857e-01 4.0073e-02 -2.5028e-04 4.0846e-01 2.3130e-05 0.41657 0.44552 0.44139 0.00078 -0.01921 0.00664 1.87602e-01 4.20230e-04 -5.7164212305e-01 -3.8362030247e-01
214.000 0.00000 0.00000 0.00000 0.00000 -0.00000 0.00000 3.6283e-02 9.1859e-01 -1.2120e-02 -2.5028e-04 4.0846e-01 2.3130e-05 0.43557 0.44544 0.42246 -0.01765 0.00613 -0.01332 1.87601e-01 4.20073e-04 -5.7164173040e-01 -3.8362033110e-01
216.000 -0.00000 0.00000 -0.00000 0.00000 -0.00000 0.00000 -2.5060e-02 9.1855e-01 -2.8755e-02 -2.5028e-04 4.0846e-01 2.3130e-05 0.43153 0.44544 0.42651 0.01198 0.01379 0.01517 1.87601e-01 4.19927e-04 -5.7164135588e-01 -3.8362035843e-01
218.000 0.00000 0.00000 0.00000 0.00000 -0.00000 0.00000 -1.7580e-02 9.1855e-01 3.3124e-02 -2.5028e-04 4.0846e-01 2.3130e-05 0.41794 0.44542 0.44013 0.00813 -0.01606 -0.01112 1.87601e-01 4.19758e-04 -5.7164101778e-01 -3.8362038479e-01
220.000 0.00000 0.00000 0.00000 0.00000 -0.00000 0.00000 3.6301e-02 9.1859e-01 3.0642e-03 -2.5028e-04 4.0846e-01 2.3130e-05 0.44466 0.44538 0.41345 -0.01785 -0.00146 0.00266 1.87601e-01 4.19482e-04 -5.7164073276e-01 -3.8362041060e-01
222.000 -0.00000 -0.00000 0.00000 0.00000 -0.00000 0.00000 -1.1989e-02 9.1856e-01 -3.5363e-02 -2.5028e-04 4.0846e-01 2.3130e-05 0.41489 0.44541 0.44318 0.00540 0.01718 0.00681 1.87601e-01 4.18997e-04 -5.7164051641e-01 -3.8362043634e-01
224.000 0.00000 -0.00000 0.00000 0.00000 -0.00000 0.00000 -2.9446e-02 9.1855e-01 2.4519e-02 -2.5028e-04 4.0846e-01 2.3130e-05 0.43641 0.44545 0.42163 0.01408 -0.01166 -0.01345 1.87602e-01 4.18216e-04 -5.7164038386e-01 -3.8362046249e-01
226.000 -0.00000 0.00000 0.00000 0.00000 -0.00000 0.00000 3.3861e-02 9.1860e-01 1.8088e-02 -2.5028e-04 4.0846e-01 2.3130e-05 0.43078 0.44544 0.42726 -0.01644 -0.00893 0.01470 1.87603e-01 4.17098e-04 -5.7164034995e-01 -3.8362048956e-01
228.000 0.00000 -0.00000 0.00000 0.00000 -0.00000 0.00000 3.6150e-03 9.1859e-01 -3.9900e-02 -2.5028e-04 4.0846e-01 2.3130e-05 0.41952 0.44551 0.43845 -0.00237 0.01911 -0.01034 1.87604e-01 4.15674e-04 -5.7164042886e-01 -3.8362051805e-01
230.000 0.00000 -0.00000 0.00000 0.00000 -0.00000 0.00000 -4.0775e-02 9.1857e-01 1.1032e-02 -2.5028e-04 4.0846e-01 2.3130e-05 0.44168 0.44559 0.41620 0.01930 -0.00486 0.00260 1.87606e-01 4.14058e-04 -5.7164063288e-01 -3.8362054837e-01
232.000 0.00000 -0.00000 0.00000 0.00000 -0.00000 0.00000 2.4937e-02 9.1861e-01 3.5053e-02 -2.5028e-04 4.0846e-01 2.3130e-05 0.41823 0.44562 0.43962 -0.01182 -0.01689 0.00497 1.87608e-01 4.12443e-04 -5.7164097030e-01 -3.8362058083e-01
234.000 0.00000 0.00000 -0.00000 0.00000 -0.00000 0.00000 2.4250e-02 9.1863e-01 -3.7398e-02 -2.5028e-04 4.0846e-01 2.3130e-05 0.43380 0.44568 0.42398 -0.01210 0.01753 -0.00918 1.87610e-01 4.11072e-04 -5.7164144263e-01 -3.8362061558e-01
236.000 0.00000 -0.00000 0.00000 0.00000 -0.00000 0.00000 -4.5720e-02 9.1859e-01 -1.0772e-02 -2.5028e-04 4.0846e-01 2.3130e-05 0.43034 0.44579 0.42733 0.02125 0.00547 0.00869 1.87611e-01 4.10181e-04 -5.7164204152e-01 -3.8362065259e-01
238.000 0.00000 -0.00000 0.00000 0.00000 -0.00000 0.00000 4.6621e-03 9.1862e-01 4.7509e-02 -2.5028e-04 4.0846e-01 2.3130e-05 0.42336 0.44582 0.43427 -0.00218 -0.02241 -0.00458 1.87612e-01 4.09937e-04 -5.7164274630e-01 -3.8362069162e-01
240.000 0.00000 0.00000 0.00000 0.00000 -0.00000 0.00000 4.3326e-02 9.1865e-01 -2.1194e-02 -2.5028e-04 4.0846e-01 2.3130e-05 0.43421 0.44584 0.42339 -0.02076 0.00981 -0.00035 1.87612e-01 4.10384e-04 -5.7164352313e-01 -3.8362073224e-01
242.000 -0.00000 -0.00000 0.00000 0.00000 -0.00000 0.00000 -3.5653e-02 9.1860e-01 -3.4750e-02 -2.5028e-04 4.0846e-01 2.3130e-05 0.42658 0.44592 0.43094 0.01641 0.01645 0.00320 1.87612e-01 4.11410e-04 -5.7164432674e-01 -3.8362077389e-01
244.000 -0.00000 0.00000 0.00000 0.00000 -0.00000 0.00000 -2.1898e-02 9.1860e-01 4.4920e-02 -2.5028e-04 4.0846e-01 2.3130e-05 0.42706 0.44593 0.43045 0.01003 -0.02108 -0.00251 1.87612e-01 4.12778e-04 -5.7164510498e-01 -3.8362081596e-01
246.000 0.00000 -0.00000 0.00000 0.00000 -0.00000 0.00000 4.8684e-02 9.1864e-01 5.3196e-03 -2.5028e-04 4.0846e-01 2.3130e-05 0.43218 0.44588 0.42537 -0.02317 -0.00239 -0.00095 1.87611e-01 4.14188e-04 -5.7164580567e-01 -3.8362085786e-01
248.000 0.00000 0.00000 0.00000 0.00000 -0.00000 0.00000 -1.1814e-02 9.1861e-01 -4.7608e-02 -2.5028e-04 4.0846e-01 2.3130e-05 0.42723 0.44589 0.43032 0.00546 0.02239 0.00467 1.87610e-01 4.15373e-04 -5.7164638406e-01 -3.8362089907e-01
250.000 0.00000 -0.00000 -0.00000 0.00000 -0.00000 0.00000 -4.0950e-02 9.1858e-01 2.6078e-02 -2.5028e-04 4.0846e-01 2.3130e-05 0.42573 0.44586 0.43183 0.01887 -0.01250 -0.00587 1.87610e-01 4.16177e-04 -5.7164680896e-01 -3.8362093919e-01
252.000 -0.00000 -0.00000 0.00000 0.00000 -0.00000 0.00000 3.6585e-02 9.1863e-01 2.8549e-02 -2.5028e-04 4.0846e-01 2.3130e-05 0.43657 0.44576 0.42110 -0.01776 -0.01319 0.00310 1.87609e-01 4.16593e-04 -5.7164706604e-01 -3.8362097789e-01
254.000 -0.00000 -0.00000 0.00000 0.00000 -0.00000 0.00000 1.3098e-02 9.1862e-01 -4.3209e-02 -2.5028e-04 4.0846e-01 2.3130e-05 0.41937 0.44571 0.43836 -0.00612 0.02060 0.00284 1.87609e-01 4.16744e-04 -5.7164715770e-01 -3.8362101495e-01
256.000 -0.00000 0.00000 0.00000 0.00000 -0.00000 0.00000 -4.4293e-02 9.1858e-01 2.1644e-03 -2.5028e-04 4.0846e-01 2.3130e-05 0.43554 0.44567 0.42222 0.02075 -0.00141 -0.00920 1.87609e-01 4.16829e-04 -5.7164709998e-01 -3.8362105021e-01
258.000 0.00000 -0.00000 0.00000 0.00000 -0.00000 0.00000 1.6205e-02 9.1861e-01 3.8738e-02 -2.5028e-04 4.0846e-01 2.3130e-05 0.42908 0.44557 0.42879 -0.00837 -0.01828 0.01264 1.87609e-01 4.17051e-04 -5.7164691797e-01 -3.8362108361e-01
260.000 0.00000 -0.00000 0.00000 0.00000 -0.00000 0.00000 2.8395e-02 9.1862e-01 -2.8426e-02 -2.5028e-04 4.0846e-01 2.3130e-05 0.42078 0.44550 0.43716 -0.01362 0.01389 -0.01098 1.87608e-01 4.17557e-04 -5.7164664095e-01 -3.8362111515e-01
262.000 0.00000 0.00000 -0.00000 0.00000 -0.00000 0.00000 -3.6420e-02 9.1857e-01 -1.5880e-02 -2.5028e-04 4.0846e-01 2.3130e-05 0.44285 0.44549 0.41511 0.01736 0.00737 0.00435 1.87607e-01 4.18400e-04 -5.7164629830e-01 -3.8362114495e-01
264.000 0.00000 0.00000 0.00000 0.00000 -0.00000 0.00000 -1.9072e-03 9.1858e-01 3.8149e-02 -2.5028e-04 4.0846e-01 2.3130e-05 0.41459 0.44543 0.44344 0.00039 -0.01838 0.00476 1.87605e-01 4.19531e-04 -5.7164591682e-01 -3.8362117322e-01
266.000 0.00000 -0.00000 -0.00000 0.00000 -0.00000 0.00000 3.4473e-02 9.1860e-01 -1.2878e-02 -2.5028e-04 4.0846e-01 2.3130e-05 0.43828 0.44538 0.41980 -0.01690 0.00638 -0.01258 1.87604e-01 4.20811e-04 -5.7164551925e-01 -3.8362120025e-01
268.000 0.00000 0.00000 0.00000 0.00000 -0.00000 0.00000 -2.5662e-02 9.1856e-01 -2.7091e-02 -2.5028e-04 4.0846e-01 2.3130e-05 0.42879 0.44541 0.42927 0.01217 0.01313 0.01579 1.87602e-01 4.22042e-04 -5.7164512400e-01 -3.8362122644e-01
270.000 0.00000 0.00000 0.00000 0.00000 -0.00000 0.00000 -1.6013e-02 9.1855e-01 3.3694e-02 -2.5028e-04 4.0846e-01 2.3130e-05 0.42007 0.44541 0.43798 0.00753 -0.01627 -0.01298 1.87600e-01 4.22996e-04 -5.7164474548e-01 -3.8362125223e-01
272.000 -0.00000 -0.00000 0.00000 0.00000 -0.00000 0.00000 3.6908e-02 9.1858e-01 1.4868e-03 -2.5028e-04 4.0846e-01 2.3130e-05 0.44364 0.44540 0.41443 -0.01811 -0.00086 0.00531 1.87600e-01 4.23458e-04 -5.7164439494e-01 -3.8362127812e-01
274.000 0.00000 0.00000 -0.00000 0.00000 -0.00000 0.00000 -1.3705e-02 9.1855e-01 -3.5996e-02 -2.5028e-04 4.0846e-01 2.3130e-05 0.41448 0.44546 0.44352 0.00607 0.01747 0.00401 1.87600e-01 4.23259e-04 -5.7164408135e-01 -3.8362130465e-01
276.000 0.00000 -0.00000 -0.00000 0.00000 -0.00000 0.00000 -3.0021e-02 9.1854e-01 2.6473e-02 -2.5028e-04 4.0846e-01 2.3130e-05 0.43799 0.44552 0.41996 0.01436 -0.01244 -0.01118 1.87600e-01 4.22314e-04 -5.7164381225e-01 -3.8362133233e-01
278.000 -0.00000 0.00000 -0.00000 0.00000 -0.00000 0.00000 3.6090e-02 9.1859e-01 1.8472e-02 -2.5028e-04 4.0846e-01 2.3130e-05 0.42826 0.44553 0.42967 -0.01737 -0.00914 0.01345 1.87602e-01 4.20654e-04 -5.7164359422e-01 -3.8362136164e-01
280.000 -0.00000 -0.00000 -0.00000 0.00000 -0.00000 0.00000 3.6696e-03 9.1858e-01 -4.2360e-02 -2.5028e-04 4.0846e-01 2.3130e-05 0.42219 0.44561 0.43567 -0.00244 0.02016 -0.01034 1.87604e-01 4.18439e-04 -5.7164343299e-01 -3.8362139301e-01
282.000 -0.00000 -0.00000 0.00000 0.00000 -0.00000 0.00000 -4.3352e-02 9.1856e-01 1.1405e-02 -2.5028e-04 4.0846e-01 2.3130e-05 0.43919 0.44570 0.41856 0.02041 -0.00499 0.00380 1.87606e-01 4.15955e-04 -5.7164333275e-01 -3.8362142672e-01
284.000 0.00000 -0.00000 -0.00000 0.00000 -0.00000 0.00000 2.5764e-02 9.1862e-01 3.7595e-02 -2.5028e-04 4.0846e-01 2.3130e-05 0.41981 0.44573 0.43792 -0.01216 -0.01798 0.00284 1.87608e-01 4.13577e-04 -5.7164329485e-01 -3.8362146285e-01
286.000 -0.00000 -0.00000 0.00000 0.00000 -0.00000 0.00000 2.6616e-02 9.1863e-01 -3.8626e-02 -2.5028e-04 4.0846e-01 2.3130e-05 0.43319 0.44578 0.42448 -0.01310 0.01806 -0.00654 1.87610e-01 4.11700e-04 -5.7164331600e-01 -3.8362150130e-01
288.000 -0.00000 -0.00000 0.00000 0.00000 -0.00000 0.00000 -4.7239e-02 9.1859e-01 -1.2873e-02 -2.5028e-04 4.0846e-01 2.3130e-05 0.42964 0.44588 0.42793 0.02191 0.00633 0.00605 1.87611e-01 4.10649e-04 -5.7164338648e-01 -3.8362154170e-01
290.000 0.00000 -0.00000 0.00000 0.00000 -0.00000 0.00000 2.8448e-03 9.1862e-01 4.9191e-02 -2.5028e-04 4.0846e-01 2.3130e-05 0.42508 0.44589 0.43247 -0.00146 -0.02313 -0.00247 1.87611e-01 4.10592e-04 -5.7164348914e-01 -3.8362158350e-01
292.000 0.00000 -0.00000 0.00000 0.00000 -0.00000 0.00000 4.5074e-02 9.1864e-01 -1.9612e-02 -2.5028e-04 4.0846e-01 2.3130e-05 0.43166 0.44589 0.42590 -0.02148 0.00919 -0.00148 1.87610e-01 4.11489e-04 -5.7164360013e-01 -3.8362162601e-01
294.000 -0.00000 0.00000 0.00000 0.00000 -0.00000 0.00000 -3.4225e-02 9.1859e-01 -3.6529e-02 -2.5028e-04 4.0846e-01 2.3130e-05 0.42936 0.44594 0.42815 0.01585 0.01717 0.00309 1.87609e-01 4.13099e-04 -5.7164369155e-01 -3.8362166852e-01
296.000 -0.00000 0.00000 0.00000 0.00000 -0.00000 0.00000 -2.3737e-02 9.1858e-01 4.3582e-02 -2.5028e-04 4.0846e-01 2.3130e-05 0.42462 0.44592 0.43290 0.01076 -0.02054 -0.00117 1.87607e-01 4.15057e-04 -5.7164373581e-01 -3.8362171037e-01
298.000 0.00000 0.00000 -0.00000 0.00000 -0.00000 0.00000 4.7422e-02 9.1862e-01 7.2882e-03 -2.5028e-04 4.0846e-01 2.3130e-05 0.43379 0.44585 0.42381 -0.02264 -0.00317 -0.00322 1.87605e-01 4.16975e-04 -5.7164371050e-01 -3.8362175103e-01
300.000 0.00000 -0.00000 0.00000 0.00000 -0.00000 0.00000 -9.6501e-03 9.1857e-01 -4.6475e-02 -2.5028e-04 4.0846e-01 2.3130e-05 0.42685 0.44583 0.43077 0.00459 0.02190 0.00739 1.87603e-01 4.18550e-04 -5.7164360231e-01 -3.8362179013e-01
302.000 -0.00000 0.00000 0.00000 0.00000 -0.00000 0.00000 -4.0047e-02 9.1855e-01 2.3699e-02 -2.5028e-04 4.0846e-01 2.3130e-05 0.42497 0.44579 0.43270 0.01847 -0.01151 -0.00847 1.87602e-01 4.19628e-04 -5.7164340878e-01 -3.8362182743e-01
304.000 0.00000 0.00000 0.00000 0.00000 -0.00000 0.00000 3.4039e-02 9.1859e-01 2.7986e-02 -2.5028e-04 4.0846e-01 2.3130e-05 0.43848 0.44568 0.41930 -0.01667 -0.01294 0.00506 1.87601e-01 4.20204e-04 -5.7164313781e-01 -3.8362186283e-01
306.000 0.00000 -0.00000 0.00000 0.00000 -0.00000 0.00000 1.2948e-02 9.1857e-01 -4.0606e-02 -2.5028e-04 4.0846e-01 2.3130e-05 0.41690 0.44562 0.44095 -0.00607 0.01949 0.00189 1.87601e-01 4.20388e-04 -5.7164280520e-01 -3.8362189630e-01
308.000 0.00000 -0.00000 0.00000 0.00000 -0.00000 0.00000 -4.1771e-02 9.1854e-01 1.8927e-03 -2.5028e-04 4.0846e-01 2.3130e-05 0.43830 0.44559 0.41958 0.01968 -0.00127 -0.00946 1.87600e-01 4.20335e-04 -5.7164243144e-01 -3.8362192789e-01
310.000 0.00000 -0.00000 0.00000 0.00000 -0.00000 0.00000 1.5577e-02 9.1857e-01 3.6420e-02 -2.5028e-04 4.0846e-01 2.3130e-05 0.42682 0.44550 0.43116 -0.00807 -0.01731 0.01410 1.87600e-01 4.20187e-04 -5.7164203863e-01 -3.8362195774e-01
312.000 0.00000 0.00000 0.00000 0.00000 -0.00000 0.00000 2.6352e-02 9.1858e-01 -2.7559e-02 -2.5028e-04 4.0846e-01 2.3130e-05 0.42225 0.44544 0.43579 -0.01279 0.01348 -0.01336 1.87600e-01 4.20032e-04 -5.7164164832e-01 -3.8362198606e-01
314.000 0.00000 0.00000 0.00000 0.00000 -0.00000 0.00000 -3.5443e-02 9.1854e-01 -1.4109e-02 -2.5028e-04 4.0846e-01 2.3130e-05 0.44273 0.44545 0.41531 0.01692 0.00668 0.00715 1.87599e-01 4.19886e-04 -5.7164128032e-01 -3.8362201314e-01
316.000 0.00000 -0.00000 0.00000 0.00000 -0.00000 0.00000 -3.3834e-04 9.1856e-01 3.7163e-02 -2.5028e-04 4.0846e-01 2.3130e-05 0.41344 0.44541 0.44464 -0.00021 -0.01796 0.00219 1.87599e-01 4.19701e-04 -5.7164095254e-01 -3.8362203934e-01
318.000 0.00000 -0.00000 0.00000 0.00000 -0.00000 0.00000 3.3517e-02 9.1858e-01 -1.4356e-02 -2.5028e-04 4.0846e-01 2.3130e-05 0.44055 0.44538 0.41755 -0.01652 0.00695 -0.01086 1.87599e-01 4.19387e-04 -5.7164068133e-01 -3.8362206510e-01
320.000 -0.00000 -0.00000 0.00000 0.00000 -0.00000 0.00000 -2.7156e-02 9.1854e-01 -2.6130e-02 -2.5028e-04 4.0846e-01 2.3130e-05 0.42598 0.44543 0.43208 0.01276 0.01277 0.01534 1.87600e-01 4.18843e-04 -5.7164048216e-01 -3.8362209088e-01
322.000 0.00000 -0.00000 0.00000 0.00000 -0.00000 0.00000 -1.4953e-02 9.1855e-01 3.5271e-02 -2.5028e-04 4.0846e-01 2.3130e-05 0.42274 0.44545 0.43529 0.00714 -0.01692 -0.01389 1.87600e-01 4.17989e-04 -5.7164037008e-01 -3.8362211719e-01
324.000 0.00000 -0.00000 0.00000 0.00000 -0.00000 0.00000 3.8565e-02 9.1859e-01 2.0609e-04 -2.5028e-04 4.0846e-01 2.3130e-05 0.44169 0.44545 0.41634 -0.01882 -0.00038 0.00735 1.87601e-01 4.16798e-04 -5.7164035987e-01 -3.8362214454e-01
326.000 0.00000 0.00000 0.00000 0.00000 -0.00000 0.00000 -1.5311e-02 9.1857e-01 -3.7655e-02 -2.5028e-04 4.0846e-01 2.3130e-05 0.41522 0.44553 0.44272 0.00670 0.01820 0.00134 1.87603e-01 4.15319e-04 -5.7164046542e-01 -3.8362217339e-01
328.000 0.00000 -0.00000 -0.00000 0.00000 -0.00000 0.00000 -3.1552e-02 9.1856e-01 2.8454e-02 -2.5028e-04 4.0846e-01 2.3130e-05 0.43846 0.44560 0.41941 0.01505 -0.01326 -0.00848 1.87605e-01 4.13684e-04 -5.7164069834e-01 -3.8362220416e-01
330.000 0.00000 0.00000 0.00000 0.00000 -0.00000 0.00000 3.8417e-02 9.1862e-01 1.9729e-02 -2.5028e-04 4.0846e-01 2.3130e-05 0.42657 0.44563 0.43127 -0.01835 -0.00971 0.01127 1.87607e-01 4.12102e-04 -5.7164106568e-01 -3.8362223711e-01
332.000 0.00000 -0.00000 0.00000 0.00000 -0.00000 0.00000 4.5376e-03 9.1861e-01 -4.4929e-02 -2.5028e-04 4.0846e-01 2.3130e-05 0.42457 0.44571 0.43318 -0.00281 0.02126 -0.00910 1.87608e-01 4.10818e-04 -5.7164156704e-01 -3.8362227237e-01
334.000 -0.00000 -0.00000 0.00000 0.00000 -0.00000 0.00000 -4.6014e-02 9.1858e-01 1.0972e-02 -2.5028e-04 4.0846e-01 2.3130e-05 0.43639 0.44581 0.42126 0.02154 -0.00482 0.00374 1.87610e-01 4.10059e-04 -5.7164219151e-01 -3.8362230985e-01
336.000 0.00000 0.00000 0.00000 0.00000 -0.00000 0.00000 2.5730e-02 9.1863e-01 4.0203e-02 -2.5028e-04 4.0846e-01 2.3130e-05 0.42228 0.44582 0.43534 -0.01217 -0.01907 0.00168 1.87611e-01 4.09969e-04 -5.7164291550e-01 -3.8362234927e-01
338.000 0.00000 0.00000 0.00000 0.00000 -0.00000 0.00000 2.9073e-02 9.1863e-01 -3.8892e-02 -2.5028e-04 4.0846e-01 2.3130e-05 0.43136 0.44586 0.42622 -0.01411 0.01821 -0.00435 1.87611e-01 4.10558e-04 -5.7164370242e-01 -3.8362239016e-01
340.000 0.00000 0.00000 0.00000 0.00000 -0.00000 0.00000 -4.7682e-02 9.1858e-01 -1.5156e-02 -2.5028e-04 4.0846e-01 2.3130e-05 0.43024 0.44593 0.42727 0.02211 0.00724 0.00327 1.87610e-01 4.11684e-04 -5.7164450496e-01 -3.8362243195e-01
342.000 0.00000 0.00000 0.00000 0.00000 -0.00000 0.00000 6.8339e-04 9.1861e-01 4.9718e-02 -2.5028e-04 4.0846e-01 2.3130e-05 0.42575 0.44592 0.43176 -0.00061 -0.02334 0.00031 1.87610e-01 4.13086e-04 -5.7164527035e-01 -3.8362247403e-01
344.000 0.00000 0.00000 0.00000 0.00000 -0.00000 0.00000 4.5660e-02 9.1863e-01 -1.7480e-02 -2.5028e-04 4.0846e-01 2.3130e-05 0.42979 0.44588 0.42776 -0.02170 0.00835 -0.00365 1.87609e-01 4.14466e-04 -5.7164594743e-01 -3.8362251581e-01
346.000 -0.00000 0.00000 0.00000 0.00000 -0.00000 0.00000 -3.2045e-02 9.1859e-01 -3.7226e-02 -2.5028e-04 4.0846e-01 2.3130e-05 0.43199 0.44589 0.42554 0.01497 0.01742 0.00418 1.87608e-01 4.15576e-04 -5.7164649398e-01 -3.8362255681e-01
348.000 0.00000 0.00000 0.00000 0.00000 -0.00000 0.00000 -2.4653e-02 9.1858e-01 4.1334e-02 -2.5028e-04 4.0846e-01 2.3130e-05 0.42186 0.44585 0.43572 0.01109 -0.01961 -0.00098 1.87608e-01 4.16289e-04 -5.7164688238e-01 -3.8362259663e-01
350.000 0.00000 0.00000 0.00000 0.00000 -0.00000 0.00000 4.5170e-02 9.1863e-01 8.5319e-03 -2.5028e-04 4.0846e-01 2.3130e-05 0.43621 0.44575 0.42148 -0.02168 -0.00366 -0.00461 1.87608e-01 4.16632e-04 -5.7164710215e-01 -3.8362263499e-01
352.000 -0.00000 -0.00000 0.00000 0.00000 -0.00000 0.00000 -8.0167e-03 9.1860e-01 -4.4349e-02 -2.5028e-04 4.0846e-01 2.3130e-05 0.42540 0.44571 0.43233 0.00391 0.02098 0.00964 1.87608e-01 4.16750e-04 -5.7164715902e-01 -3.8362267165e-01
354.000 0.00000 -0.00000 0.00000 0.00000 -0.00000 0.00000 -3.8205e-02 9.1857e-01 2.1697e-02 -2.5028e-04 4.0846e-01 2.3130e-05 0.42540 0.44566 0.43239 0.01768 -0.01065 -0.01112 1.87608e-01 4.16849e-04 -5.7164707145e-01 -3.8362270650e-01
356.000 -0.00000 -0.00000 0.00000 0.00000 -0.00000 0.00000 3.1772e-02 9.1861e-01 2.6558e-02 -2.5028e-04 4.0846e-01 2.3130e-05 0.43936 0.44555 0.41853 -0.01569 -0.01234 0.00761 1.87607e-01 4.17125e-04 -5.7164686588e-01 -3.8362273948e-01
358.000 0.00000 -0.00000 0.00000 0.00000 -0.00000 0.00000 1.1994e-02 9.1860e-01 -3.8233e-02 -2.5028e-04 4.0846e-01 2.3130e-05 0.41507 0.44550 0.44287 -0.00569 0.01846 -0.00004 1.87606e-01 4.17705e-04 -5.7164657190e-01 -3.8362277062e-01
360.000 0.00000 -0.00000 -0.00000 0.00000 -0.00000 0.00000 -3.9456e-02 9.1856e-01 2.4030e-03 -2.5028e-04 4.0846e-01 2.3130e-05 0.44092 0.44549 0.41705 0.01869 -0.00143 -0.00857 1.87605e-01 4.18619e-04 -5.7164621851e-01 -3.8362280006e-01
362.000 0.00000 -0.00000 0.00000 0.00000 -0.00000 0.00000 1.5748e-02 9.1859e-01 3.4282e-02 -2.5028e-04 4.0846e-01 2.3130e-05 0.42411 0.44542 0.43393 -0.00808 -0.01642 0.01449 1.87603e-01 4.19797e-04 -5.7164583170e-01 -3.8362282802e-01
364.000 0.00000 -0.00000 0.00000 0.00000 -0.00000 0.00000 2.4435e-02 9.1859e-01 -2.7534e-02 -2.5028e-04 4.0846e-01 2.3130e-05 0.42453 0.44539 0.43354 -0.01201 0.01342 -0.01501 1.87601e-01 4.21085e-04 -5.7164543324e-01 -3.8362285483e-01
366.000 -0.00000 -0.00000 -0.00000 0.00000 -0.00000 0.00000 -3.5355e-02 9.1854e-01 -1.2371e-02 -2.5028e-04 4.0846e-01 2.3130e-05 0.44150 0.44542 0.41655 0.01685 0.00601 0.00969 1.87600e-01 4.22274e-04 -5.7164504060e-01 -3.8362288089e-01
368.000 -0.00000 0.00000 0.00000 0.00000 -0.00000 0.00000 1.3240e-03 9.1855e-01 3.7095e-02 -2.5028e-04 4.0846e-01 2.3130e-05 0.41331 0.44541 0.44475 -0.00084 -0.01793 -0.00065 1.87599e-01 4.23136e-04 -5.7164466743e-01 -3.8362290666e-01
370.000 0.00000 -0.00000 0.00000 0.00000 -0.00000 0.00000 3.3471e-02 9.1857e-01 -1.6070e-02 -2.5028e-04 4.0846e-01 2.3130e-05 0.44199 0.44541 0.41607 -0.01653 0.00761 -0.00842 1.87598e-01 4.23463e-04 -5.7164432439e-01 -3.8362293265e-01
372.000 0.00000 -0.00000 0.00000 0.00000 -0.00000 0.00000 -2.9028e-02 9.1854e-01 -2.6034e-02 -2.5028e-04 4.0846e-01 2.3130e-05 0.42352 0.44548 0.43446 0.01351 0.01278 0.01388 1.87598e-01 4.23102e-04 -5.7164402007e-01 -3.8362295939e-01
374.000 0.00000 0.00000 0.00000 0.00000 -0.00000 0.00000 -1.4681e-02 9.1854e-01 3.7344e-02 -2.5028e-04 4.0846e-01 2.3130e-05 0.42549 0.44552 0.43246 0.00709 -0.01778 -0.01374 1.87599e-01 4.21992e-04 -5.7164376177e-01 -3.8362298739e-01
376.000 -0.00000 -0.00000 0.00000 0.00000 -0.00000 0.00000 4.0803e-02 9.1859e-01 -3.7664e-04 -2.5028e-04 4.0846e-01 2.3130e-05 0.43912 0.44554 0.41880 -0.01977 -0.00018 0.00848 1.87600e-01 4.20190e-04 -5.7164355591e-01 -3.8362301713e-01
378.000 0.00000 0.00000 -0.00000 0.00000 -0.00000 0.00000 -1.6304e-02 9.1857e-01 -3.9951e-02 -2.5028e-04 4.0846e-01 2.3130e-05 0.41687 0.44564 0.44095 0.00709 0.01919 -0.00077 1.87602e-01 4.17887e-04 -5.7164340794e-01 -3.8362304900e-01
380.000 -0.00000 -0.00000 -0.00000 0.00000 -0.00000 0.00000 -3.3756e-02 9.1856e-01 2.9886e-02 -2.5028e-04 4.0846e-01 2.3130e-05 0.43780 0.44572 0.41994 0.01601 -0.01385 -0.00584 1.87605e-01 4.15392e-04 -5.7164332156e-01 -3.8362308324e-01
382.000 -0.00000 0.00000 0.00000 0.00000 -0.00000 0.00000 4.0237e-02 9.1862e-01 2.1697e-02 -2.5028e-04 4.0846e-01 2.3130e-05 0.42589 0.44574 0.43182 -0.01913 -0.01055 0.00864 1.87607e-01 4.13093e-04 -5.7164329726e-01 -3.8362311990e-01
384.000 0.00000 0.00000 0.00000 0.00000 -0.00000 0.00000 6.1732e-03 9.1861e-01 -4.7023e-02 -2.5028e-04 4.0846e-01 2.3130e-05 0.42621 0.44581 0.43142 -0.00350 0.02216 -0.00700 1.87609e-01 4.11377e-04 -5.7164333045e-01 -3.8362315882e-01
386.000 -0.00000 -0.00000 0.00000 0.00000 -0.00000 0.00000 -4.8244e-02 9.1858e-01 9.6921e-03 -2.5028e-04 4.0846e-01 2.3130e-05 0.43388 0.44590 0.42368 0.02249 -0.00431 0.00258 1.87610e-01 4.10541e-04 -5.7164340979e-01 -3.8362319958e-01
388.000 0.00000 0.00000 -0.00000 0.00000 -0.00000 0.00000 2.4759e-02 9.1862e-01 4.2454e-02 -2.5028e-04 4.0846e-01 2.3130e-05 0.42500 0.44589 0.43255 -0.01180 -0.02001 0.00164 1.87610e-01 4.10708e-04 -5.7164351651e-01 -3.8362324159e-01
390.000 0.00000 0.00000 0.00000 0.00000 -0.00000 0.00000 3.1288e-02 9.1863e-01 -3.8142e-02 -2.5028e-04 4.0846e-01 2.3130e-05 0.42887 0.44590 0.42867 -0.01501 0.01793 -0.00309 1.87609e-01 4.11791e-04 -5.7164362555e-01 -3.8362328416e-01
392.000 -0.00000 0.00000 -0.00000 0.00000 -0.00000 0.00000 -4.7072e-02 9.1857e-01 -1.7347e-02 -2.5028e-04 4.0846e-01 2.3130e-05 0.43190 0.44595 0.42560 0.02188 0.00812 0.00103 1.87607e-01 4.13513e-04 -5.7164370866e-01 -3.8362332657e-01
394.000 0.00000 0.00000 0.00000 0.00000 -0.00000 0.00000 -1.5448e-03 9.1858e-01 4.9211e-02 -2.5028e-04 4.0846e-01 2.3130e-05 0.42527 0.44591 0.43227 0.00028 -0.02313 0.00306 1.87605e-01 4.15493e-04 -5.7164373901e-01 -3.8362336819e-01
396.000 0.00000 -0.00000 0.00000 0.00000 -0.00000 0.00000 4.5285e-02 9.1860e-01 -1.5149e-02 -2.5028e-04 4.0846e-01 2.3130e-05 0.42905 0.44584 0.42856 -0.02153 0.00740 -0.00632 1.87603e-01 4.17356e-04 -5.7164369594e-01 -3.8362340853e-01
398.000 -0.00000 0.00000 -0.00000 0.00000 -0.00000 0.00000 -2.9581e-02 9.1855e-01 -3.7066e-02 -2.5028e-04 4.0846e-01 2.3130e-05 0.43388 0.44583 0.42374 0.01395 0.01732 0.00621 1.87601e-01 4.18828e-04 -5.7164356848e-01 -3.8362344724e-01
400.000 0.00000 -0.00000 0.00000 0.00000 -0.00000 0.00000 -2.4810e-02 9.1854e-01 3.8774e-02 -2.5028e-04 4.0846e-01 2.3130e-05 0.41938 0.44577 0.43830 0.01114 -0.01853 -0.00198 1.87600e-01 4.19789e-04 -5.7164335663e-01 -3.8362348412e-01
