# t x y z vx vy vz omx omy omz llx lly llz Ixx Iyy Izz Ixy Iyz Ixz KErot PEspr PEgrav Etot
0.000 0.00000 0.00000 0.00000 -0.00000 -0.00000 0.00000 3.5775e-02 9.2011e-01 -4.6004e-02 -2.4915e-04 4.0611e-01 1.3961e-05 0.43348 0.44312 0.43114 -0.01714 0.02158 -0.00033 1.86830e-01 7.17470e-29 -5.7071301632e-01 -3.8388332008e-01
2.000 0.00000 -0.00000 0.00000 0.00000 -0.00000 0.00000 -5.5197e-02 9.1935e-01 -2.0615e-02 -2.4915e-04 4.0611e-01 1.3961e-05 0.43313 0.44350 0.43036 0.02570 0.00958 -0.00148 1.86687e-01 1.55525e-04 -5.7088096916e-01 -3.8403851801e-01
4.004 0.00000 -0.00000 -0.00000 -0.00000 -0.00000 0.00000 -3.4531e-03 9.1938e-01 5.7448e-02 -2.4915e-04 4.0611e-01 1.3961e-05 0.43093 0.44341 0.43264 0.00103 -0.02700 0.00516 1.86688e-01 1.54389e-04 -5.7088066105e-01 -3.8403858986e-01
6.004 -0.00000 -0.00000 0.00000 0.00000 -0.00000 -0.00000 5.3420e-02 9.1942e-01 -1.4257e-02 -2.4915e-04 4.0611e-01 1.3961e-05 0.42854 0.44329 0.43517 -0.02529 0.00720 -0.00755 1.86687e-01 1.54527e-04 -5.7088003782e-01 -3.8403864053e-01
8.004 0.00000 0.00000 -0.00000 -0.00000 -0.00000 -0.00000 -2.9510e-02 9.1936e-01 -4.5049e-02 -2.4915e-04 4.0611e-01 1.3961e-05 0.44116 0.44321 0.42263 0.01418 0.02092 0.00602 1.86686e-01 1.55104e-04 -5.7087965734e-01 -3.8403868732e-01
10.000 0.00000 -0.00000 -0.00000 -0.00000 -0.00000 -0.00000 -3.2819e-02 9.1935e-01 3.9323e-02 -2.4915e-04 4.0611e-01 1.3961e-05 0.41835 0.44308 0.44557 0.01467 -0.01905 -0.00007 1.86685e-01 1.55996e-04 -5.7087951950e-01 -3.8403872951e-01
12.000 0.00000 0.00000 -0.00000 -0.00000 -0.00000 -0.00000 4.4069e-02 9.1940e-01 1.7087e-02 -2.4915e-04 4.0611e-01 1.3961e-05 0.44540 0.44288 0.41872 -0.02146 -0.00736 -0.00856 1.86684e-01 1.57046e-04 -5.7087960504e-01 -3.8403876682e-01
14.000 -0.00000 0.00000 0.00000 -0.00000 -0.00000 -0.00000 9.9479e-04 9.1937e-01 -4.4525e-02 -2.4915e-04 4.0611e-01 1.3961e-05 0.42484 0.44276 0.43940 0.00005 0.02128 0.01619 1.86683e-01 1.58103e-04 -5.7087987991e-01 -3.8403879919e-01
16.000 -0.00000 -0.00000 0.00000 -0.00000 0.00000 -0.00000 -4.0064e-02 9.1934e-01 1.2453e-02 -2.4915e-04 4.0611e-01 1.3961e-05 0.42919 0.44265 0.43517 0.01869 -0.00671 -0.01914 1.86682e-01 1.59059e-04 -5.7088030220e-01 -3.8403882699e-01
18.000 -0.00000 0.00000 0.00000 -0.00000 0.00000 -0.00000 2.2859e-02 9.1937e-01 3.0465e-02 -2.4915e-04 4.0611e-01 1.3961e-05 0.44607 0.44249 0.41844 -0.01187 -0.01423 0.01541 1.86682e-01 1.59851e-04 -5.7088082946e-01 -3.8403885085e-01
20.004 0.00000 0.00000 0.00000 -0.00000 0.00000 -0.00000 1.7990e-02 9.1937e-01 -3.0480e-02 -2.4915e-04 4.0611e-01 1.3961e-05 0.41131 0.44240 0.45330 -0.00850 0.01515 -0.00552 1.86682e-01 1.60458e-04 -5.7088142443e-01 -3.8403887162e-01
22.004 -0.00000 -0.00000 0.00000 -0.00000 0.00000 -0.00000 -3.3565e-02 9.1934e-01 -5.5439e-03 -2.4915e-04 4.0611e-01 1.3961e-05 0.45366 0.44235 0.41099 0.01625 0.00224 -0.00706 1.86682e-01 1.60886e-04 -5.7088205220e-01 -3.8403889007e-01
24.004 0.00000 0.00000 -0.00000 -0.00000 0.00000 -0.00000 6.5403e-03 9.1937e-01 3.1020e-02 -2.4915e-04 4.0611e-01 1.3961e-05 0.41797 0.44227 0.44676 -0.00385 -0.01519 0.01796 1.86683e-01 1.61159e-04 -5.7088268769e-01 -3.8403890710e-01
26.004 -0.00000 -0.00000 0.00000 -0.00000 0.00000 -0.00000 2.4325e-02 9.1938e-01 -1.8080e-02 -2.4915e-04 4.0611e-01 1.3961e-05 0.43472 0.44223 0.43005 -0.01223 0.00909 -0.02320 1.86683e-01 1.61312e-04 -5.7088331007e-01 -3.8403892358e-01
28.004 -0.00000 0.00000 -0.00000 -0.00000 0.00000 -0.00000 -2.6846e-02 9.1935e-01 -1.5447e-02 -2.4915e-04 4.0611e-01 1.3961e-05 0.44307 0.44225 0.42168 0.01302 0.00771 0.02079 1.86684e-01 1.61376e-04 -5.7088390237e-01 -3.8403894033e-01
30.004 0.00000 -0.00000 -0.00000 -0.00000 0.00000 -0.00000 -4.3847e-03 9.1937e-01 3.0766e-02 -2.4915e-04 4.0611e-01 1.3961e-05 0.41219 0.44225 0.45255 0.00208 -0.01518 -0.01154 1.86684e-01 1.61382e-04 -5.7088444982e-01 -3.8403895813e-01
32.004 0.00000 0.00000 0.00000 -0.00000 0.00000 -0.00000 3.0363e-02 9.1939e-01 -8.7814e-03 -2.4915e-04 4.0611e-01 1.3961e-05 0.45523 0.44226 0.40950 -0.01532 0.00397 -0.00128 1.86685e-01 1.61356e-04 -5.7088493829e-01 -3.8403897776e-01
34.004 0.00000 0.00000 -0.00000 -0.00000 0.00000 -0.00000 -2.1589e-02 9.1936e-01 -2.6671e-02 -2.4915e-04 4.0611e-01 1.3961e-05 0.41431 0.44235 0.45032 0.00984 0.01339 0.01317 1.86685e-01 1.61313e-04 -5.7088535299e-01 -3.8403899992e-01
36.004 0.00000 0.00000 -0.00000 -0.00000 0.00000 -0.00000 -1.8893e-02 9.1936e-01 3.1422e-02 -2.4915e-04 4.0611e-01 1.3961e-05 0.43989 0.44244 0.42465 0.00945 -0.01491 -0.02007 1.86685e-01 1.61260e-04 -5.7088567777e-01 -3.8403902524e-01
38.000 0.00000 0.00000 -0.00000 -0.00000 0.00000 -0.00000 3.7986e-02 9.1940e-01 6.6967e-03 -2.4915e-04 4.0611e-01 1.3961e-05 0.43641 0.44251 0.42806 -0.01845 -0.00393 0.01995 1.86686e-01 1.61188e-04 -5.7088589474e-01 -3.8403905416e-01
40.000 0.00000 0.00000 -0.00000 -0.00000 0.00000 -0.00000 -7.9926e-03 9.1938e-01 -4.1487e-02 -2.4915e-04 4.0611e-01 1.3961e-05 0.41877 0.44265 0.44556 0.00276 0.02000 -0.01348 1.86686e-01 1.61069e-04 -5.7088598676e-01 -3.8403908710e-01
42.000 -0.00000 -0.00000 0.00000 -0.00000 0.00000 -0.00000 -4.0066e-02 9.1933e-01 2.2343e-02 -2.4915e-04 4.0611e-01 1.3961e-05 0.44900 0.44283 0.41517 0.01921 -0.00992 0.00364 1.86682e-01 1.60666e-04 -5.7088151112e-01 -3.8403914573e-01
44.000 -0.00000 -0.00000 0.00000 -0.00000 0.00000 -0.00000 3.5654e-02 9.1938e-01 3.2351e-02 -2.4915e-04 4.0611e-01 1.3961e-05 0.41774 0.44293 0.44632 -0.01666 -0.01590 0.00549 1.86682e-01 1.60326e-04 -5.7088124387e-01 -3.8403915476e-01
46.000 -0.00000 -0.00000 0.00000 -0.00000 0.00000 -0.00000 1.9870e-02 9.1937e-01 -4.7277e-02 -2.4915e-04 4.0611e-01 1.3961e-05 0.43959 0.44309 0.42432 -0.01031 0.02206 -0.01054 1.86682e-01 1.59819e-04 -5.7088089224e-01 -3.8403916384e-01
48.000 -0.00000 -0.00000 -0.00000 -0.00000 0.00000 -0.00000 -5.4507e-02 9.1933e-01 -4.9676e-03 -2.4915e-04 4.0611e-01 1.3961e-05 0.43134 0.44327 0.43239 0.02536 0.00297 0.01037 1.86682e-01 1.59048e-04 -5.7088039178e-01 -3.8403917340e-01
50.000 -0.00000 0.00000 0.00000 -0.00000 -0.00000 -0.00000 1.1661e-02 9.1937e-01 5.4992e-02 -2.4915e-04 4.0611e-01 1.3961e-05 0.42803 0.44335 0.43561 -0.00531 -0.02596 -0.00647 1.86682e-01 1.58100e-04 -5.7087977802e-01 -3.8403918347e-01
52.000 0.00000 0.00000 -0.00000 -0.00000 -0.00000 -0.00000 4.9364e-02 9.1940e-01 -2.9050e-02 -2.4915e-04 4.0611e-01 1.3961e-05 0.43579 0.44341 0.42780 -0.02361 0.01343 0.00196 1.86683e-01 1.57079e-04 -5.7087909693e-01 -3.8403919395e-01
54.000 -0.00000 -0.00000 -0.00000 -0.00000 -0.00000 -0.00000 -4.3906e-02 9.1934e-01 -3.9256e-02 -2.4915e-04 4.0611e-01 1.3961e-05 0.43050 0.44350 0.43299 0.02030 0.01851 0.00016 1.86683e-01 1.56140e-04 -5.7087841079e-01 -3.8403920471e-01
56.000 -0.00000 -0.00000 0.00000 -0.00000 0.00000 -0.00000 -2.4903e-02 9.1935e-01 5.3125e-02 -2.4915e-04 4.0611e-01 1.3961e-05 0.43019 0.44349 0.43332 0.01131 -0.02499 0.00126 1.86683e-01 1.55464e-04 -5.7087778232e-01 -3.8403921560e-01
58.000 0.00000 0.00000 -0.00000 -0.00000 0.00000 -0.00000 5.6514e-02 9.1940e-01 7.0675e-03 -2.4915e-04 4.0611e-01 1.3961e-05 0.43340 0.44339 0.43022 -0.02687 -0.00299 -0.00493 1.86683e-01 1.55192e-04 -5.7087727085e-01 -3.8403922639e-01
60.000 -0.00000 -0.00000 -0.00000 -0.00000 -0.00000 -0.00000 -1.0914e-02 9.1936e-01 -5.4876e-02 -2.4915e-04 4.0611e-01 1.3961e-05 0.43403 0.44334 0.42964 0.00535 0.02575 0.00790 1.86682e-01 1.55383e-04 -5.7087691991e-01 -3.8403923685e-01
62.000 0.00000 -0.00000 0.00000 -0.00000 -0.00000 -0.00000 -4.7658e-02 9.1933e-01 2.5654e-02 -2.4915e-04 4.0611e-01 1.3961e-05 0.42359 0.44324 0.44019 0.02189 -0.01265 -0.00727 1.86682e-01 1.55995e-04 -5.7087675246e-01 -3.8403924670e-01
64.000 -0.00000 -0.00000 -0.00000 -0.00000 0.00000 -0.00000 3.6444e-02 9.1937e-01 3.4938e-02 -2.4915e-04 4.0611e-01 1.3961e-05 0.44544 0.44305 0.41853 -0.01800 -0.01597 0.00194 1.86681e-01 1.56911e-04 -5.7087677034e-01 -3.8403925573e-01
66.000 0.00000 -0.00000 0.00000 -0.00000 -0.00000 -0.00000 1.9542e-02 9.1936e-01 -4.3356e-02 -2.4915e-04 4.0611e-01 1.3961e-05 0.41771 0.44291 0.44640 -0.00884 0.02093 0.00665 1.86680e-01 1.57977e-04 -5.7087695788e-01 -3.8403926381e-01
68.000 -0.00000 -0.00000 -0.00000 -0.00000 0.00000 -0.00000 -4.4946e-02 9.1932e-01 -4.6018e-03 -2.4915e-04 4.0611e-01 1.3961e-05 0.44152 0.44280 0.42270 0.02124 0.00140 -0.01504 1.86679e-01 1.59049e-04 -5.7087728802e-01 -3.8403927088e-01
70.000 -0.00000 -0.00000 -0.00000 -0.00000 -0.00000 -0.00000 9.1064e-03 9.1935e-01 4.0332e-02 -2.4915e-04 4.0611e-01 1.3961e-05 0.43253 0.44263 0.43186 -0.00541 -0.01912 0.01937 1.86678e-01 1.60019e-04 -5.7087772864e-01 -3.8403927698e-01
72.000 -0.00000 0.00000 -0.00000 -0.00000 0.00000 -0.00000 3.1447e-02 9.1936e-01 -2.1246e-02 -2.4915e-04 4.0611e-01 1.3961e-05 0.42071 0.44250 0.44381 -0.01506 0.01086 -0.01715 1.86678e-01 1.60824e-04 -5.7087824758e-01 -3.8403928222e-01
74.000 0.00000 0.00000 -0.00000 -0.00000 0.00000 -0.00000 -2.9662e-02 9.1932e-01 -2.0728e-02 -2.4915e-04 4.0611e-01 1.3961e-05 0.45226 0.44244 0.41232 0.01451 0.00959 0.00848 1.86678e-01 1.61440e-04 -5.7087881573e-01 -3.8403928677e-01
76.000 -0.00000 0.00000 -0.00000 -0.00000 -0.00000 -0.00000 -8.5554e-03 9.1933e-01 3.2560e-02 -2.4915e-04 4.0611e-01 1.3961e-05 0.41019 0.44235 0.45448 0.00341 -0.01604 0.00391 1.86678e-01 1.61876e-04 -5.7087940834e-01 -3.8403929079e-01
78.004 -0.00000 -0.00000 -0.00000 -0.00000 -0.00000 -0.00000 3.0861e-02 9.1936e-01 -4.8988e-03 -2.4915e-04 4.0611e-01 1.3961e-05 0.44910 0.44227 0.41564 -0.01543 0.00276 -0.01581 1.86679e-01 1.62155e-04 -5.7088000607e-01 -3.8403929447e-01
80.004 0.00000 -0.00000 0.00000 -0.00000 -0.00000 -0.00000 -1.6901e-02 9.1934e-01 -2.6070e-02 -2.4915e-04 4.0611e-01 1.3961e-05 0.42688 0.44226 0.43787 0.00822 0.01285 0.02265 1.86679e-01 1.62310e-04 -5.7088058927e-01 -3.8403929798e-01
82.004 -0.00000 -0.00000 -0.00000 -0.00000 -0.00000 -0.00000 -1.7842e-02 9.1934e-01 2.5173e-02 -2.4915e-04 4.0611e-01 1.3961e-05 0.42462 0.44225 0.44013 0.00857 -0.01246 -0.02206 1.86679e-01 1.62373e-04 -5.7088114366e-01 -3.8403930151e-01
84.004 0.00000 0.00000 -0.00000 -0.00000 -0.00000 -0.00000 2.9828e-02 9.1937e-01 5.9870e-03 -2.4915e-04 4.0611e-01 1.3961e-05 0.45080 0.44224 0.41397 -0.01499 -0.00314 0.01422 1.86680e-01 1.62373e-04 -5.7088165403e-01 -3.8403930524e-01
86.004 0.00000 0.00000 -0.00000 -0.00000 -0.00000 -0.00000 -7.1987e-03 9.1935e-01 -3.1428e-02 -2.4915e-04 4.0611e-01 1.3961e-05 0.40953 0.44229 0.45518 0.00287 0.01556 -0.00188 1.86680e-01 1.62330e-04 -5.7088210389e-01 -3.8403930932e-01
88.004 -0.00000 -0.00000 -0.00000 -0.00000 -0.00000 -0.00000 -2.8657e-02 9.1934e-01 1.9141e-02 -2.4915e-04 4.0611e-01 1.3961e-05 0.45196 0.44237 0.41267 0.01404 -0.00891 -0.01057 1.86681e-01 1.62257e-04 -5.7088247433e-01 -3.8403931392e-01
90.004 0.00000 -0.00000 -0.00000 -0.00000 -0.00000 -0.00000 2.9465e-02 9.1937e-01 2.0491e-02 -2.4915e-04 4.0611e-01 1.3961e-05 0.42198 0.44242 0.44260 -0.01422 -0.01045 0.01885 1.86681e-01 1.62152e-04 -5.7088274341e-01 -3.8403931918e-01
92.004 0.00000 0.00000 0.00000 -0.00000 -0.00000 -0.00000 8.6130e-03 9.1936e-01 -3.7989e-02 -2.4915e-04 4.0611e-01 1.3961e-05 0.43070 0.44253 0.43376 -0.00515 0.01813 -0.02034 1.86682e-01 1.61998e-04 -5.7088288632e-01 -3.8403932520e-01
94.004 -0.00000 -0.00000 0.00000 -0.00000 -0.00000 -0.00000 -4.2470e-02 9.1933e-01 4.7214e-03 -2.4915e-04 4.0611e-01 1.3961e-05 0.44367 0.44269 0.42064 0.02015 -0.00145 0.01511 1.86682e-01 1.61762e-04 -5.7088287690e-01 -3.8403933206e-01
96.004 0.00000 -0.00000 0.00000 -0.00000 -0.00000 -0.00000 1.9111e-02 9.1937e-01 4.0902e-02 -2.4915e-04 4.0611e-01 1.3961e-05 0.41579 0.44279 0.44841 -0.00866 -0.01981 -0.00580 1.86682e-01 1.61395e-04 -5.7088269053e-01 -3.8403933980e-01
98.004 -0.00000 0.00000 0.00000 -0.00000 -0.00000 -0.00000 3.4050e-02 9.1938e-01 -3.3989e-02 -2.4915e-04 4.0611e-01 1.3961e-05 0.44694 0.44293 0.41712 -0.01696 0.01557 -0.00358 1.86682e-01 1.60842e-04 -5.7088230891e-01 -3.8403934838e-01
100.004 -0.00000 -0.00000 -0.00000 -0.00000 -0.00000 -0.00000 -4.6428e-02 9.1933e-01 -2.3449e-02 -2.4915e-04 4.0611e-01 1.3961e-05 0.42297 0.44312 0.44089 0.02133 0.01174 0.00944 1.86682e-01 1.60058e-04 -5.7088172597e-01 -3.8403935773e-01
102.004 -0.00000 0.00000 -0.00000 -0.00000 -0.00000 -0.00000 -9.0773e-03 9.1936e-01 5.3526e-02 -2.4915e-04 4.0611e-01 1.3961e-05 0.43373 0.44324 0.43001 0.00461 -0.02512 -0.01022 1.86683e-01 1.59036e-04 -5.7088095416e-01 -3.8403936773e-01
104.004 -0.00000 -0.00000 -0.00000 -0.00000 -0.00000 -0.00000 5.5072e-02 9.1940e-01 -8.5751e-03 -2.4915e-04 4.0611e-01 1.3961e-05 0.43478 0.44332 0.42889 -0.02625 0.00360 0.00693 1.86683e-01 1.57832e-04 -5.7088002887e-01 -3.8403937822e-01
106.004 -0.00000 0.00000 0.00000 -0.00000 -0.00000 -0.00000 -2.6318e-02 9.1935e-01 -5.1685e-02 -2.4915e-04 4.0611e-01 1.3961e-05 0.42807 0.44345 0.43548 0.01184 0.02443 -0.00250 1.86683e-01 1.56570e-04 -5.7087900891e-01 -3.8403938906e-01
108.004 -0.00000 -0.00000 -0.00000 -0.00000 -0.00000 -0.00000 -4.2597e-02 9.1934e-01 4.0710e-02 -2.4915e-04 4.0611e-01 1.3961e-05 0.43299 0.44351 0.43050 0.01979 -0.01905 0.00001 1.86683e-01 1.55430e-04 -5.7087797138e-01 -3.8403940006e-01
110.004 0.00000 -0.00000 -0.00000 -0.00000 -0.00000 -0.00000 5.0822e-02 9.1939e-01 2.7788e-02 -2.4915e-04 4.0611e-01 1.3961e-05 0.43349 0.44345 0.43007 -0.02420 -0.01293 -0.00102 1.86683e-01 1.54602e-04 -5.7087700093e-01 -3.8403941102e-01
112.004 -0.00000 -0.00000 0.00000 -0.00000 0.00000 -0.00000 1.0188e-02 9.1937e-01 -5.6462e-02 -2.4915e-04 4.0611e-01 1.3961e-05 0.42960 0.44342 0.43399 -0.00475 0.02662 0.00466 1.86683e-01 1.54227e-04 -5.7087617609e-01 -3.8403942171e-01
114.004 0.00000 -0.00000 -0.00000 -0.00000 -0.00000 -0.00000 -5.6030e-02 9.1932e-01 6.7683e-03 -2.4915e-04 4.0611e-01 1.3961e-05 0.43066 0.44337 0.43299 0.02604 -0.00367 -0.00812 1.86682e-01 1.54353e-04 -5.7087555655e-01 -3.8403943187e-01
116.004 -0.00000 0.00000 -0.00000 -0.00000 -0.00000 -0.00000 2.1923e-02 9.1937e-01 4.8702e-02 -2.4915e-04 4.0611e-01 1.3961e-05 0.43918 0.44320 0.42464 -0.01118 -0.02268 0.00830 1.86681e-01 1.54926e-04 -5.7087517523e-01 -3.8403944129e-01
118.004 -0.00000 -0.00000 0.00000 -0.00000 0.00000 -0.00000 3.6693e-02 9.1937e-01 -3.4614e-02 -2.4915e-04 4.0611e-01 1.3961e-05 0.41894 0.44305 0.44504 -0.01713 0.01692 -0.00368 1.86680e-01 1.55818e-04 -5.7087503696e-01 -3.8403944980e-01
120.004 0.00000 0.00000 0.00000 -0.00000 0.00000 -0.00000 -4.2546e-02 9.1932e-01 -2.2875e-02 -2.4915e-04 4.0611e-01 1.3961e-05 0.44711 0.44295 0.41697 0.02030 0.01017 -0.00473 1.86679e-01 1.56867e-04 -5.7087512291e-01 -3.8403945731e-01
122.004 -0.00000 0.00000 -0.00000 -0.00000 0.00000 -0.00000 -8.0980e-03 9.1933e-01 4.4020e-02 -2.4915e-04 4.0611e-01 1.3961e-05 0.42083 0.44278 0.44342 0.00278 -0.02110 0.01369 1.86678e-01 1.57925e-04 -5.7087539851e-01 -3.8403946383e-01
124.004 -0.00000 0.00000 0.00000 -0.00000 0.00000 -0.00000 4.0292e-02 9.1936e-01 -6.9745e-03 -2.4915e-04 4.0611e-01 1.3961e-05 0.43441 0.44262 0.43000 -0.01946 0.00412 -0.01923 1.86677e-01 1.58882e-04 -5.7087582175e-01 -3.8403946943e-01
126.004 -0.00000 -0.00000 -0.00000 -0.00000 -0.00000 -0.00000 -1.9696e-02 9.1933e-01 -3.3315e-02 -2.4915e-04 4.0611e-01 1.3961e-05 0.44146 0.44253 0.42303 0.00986 0.01574 0.01849 1.86677e-01 1.59674e-04 -5.7087635011e-01 -3.8403947423e-01
128.004 0.00000 -0.00000 0.00000 -0.00000 -0.00000 -0.00000 -2.3198e-02 9.1932e-01 2.7705e-02 -2.4915e-04 4.0611e-01 1.3961e-05 0.41359 0.44244 0.45100 0.01050 -0.01385 -0.01100 1.86677e-01 1.60280e-04 -5.7087694498e-01 -3.8403947841e-01
130.004 0.00000 -0.00000 0.00000 -0.00000 -0.00000 -0.00000 3.1372e-02 9.1936e-01 1.0151e-02 -2.4915e-04 4.0611e-01 1.3961e-05 0.45481 0.44232 0.40989 -0.01578 -0.00448 -0.00097 1.86677e-01 1.60708e-04 -5.7087757379e-01 -3.8403948213e-01
132.004 -0.00000 0.00000 0.00000 -0.00000 -0.00000 0.00000 -3.2843e-03 9.1934e-01 -3.1667e-02 -2.4915e-04 4.0611e-01 1.3961e-05 0.41363 0.44229 0.45110 0.00167 0.01560 0.01334 1.86678e-01 1.60981e-04 -5.7087821025e-01 -3.8403948557e-01
134.004 0.00000 0.00000 0.00000 -0.00000 -0.00000 -0.00000 -2.7746e-02 9.1932e-01 1.4499e-02 -2.4915e-04 4.0611e-01 1.3961e-05 0.44093 0.44227 0.42382 0.01338 -0.00732 -0.02167 1.86678e-01 1.61132e-04 -5.7087883346e-01 -3.8403948889e-01
136.004 -0.00000 -0.00000 -0.00000 -0.00000 -0.00000 -0.00000 2.3299e-02 9.1936e-01 1.9027e-02 -2.4915e-04 4.0611e-01 1.3961e-05 0.43703 0.44223 0.42775 -0.01182 -0.00942 0.02293 1.86679e-01 1.61195e-04 -5.7087942643e-01 -3.8403949226e-01
138.004 -0.00000 -0.00000 0.00000 -0.00000 -0.00000 -0.00000 7.5050e-03 9.1935e-01 -2.9856e-02 -2.4915e-04 4.0611e-01 1.3961e-05 0.41611 0.44225 0.44865 -0.00421 0.01472 -0.01662 1.86679e-01 1.61201e-04 -5.7087997438e-01 -3.8403949585e-01
140.004 0.00000 0.00000 -0.00000 -0.00000 -0.00000 -0.00000 -3.2393e-02 9.1933e-01 4.4426e-03 -2.4915e-04 4.0611e-01 1.3961e-05 0.45469 0.44231 0.41001 0.01573 -0.00179 0.00501 1.86680e-01 1.61175e-04 -5.7088046317e-01 -3.8403949980e-01
142.004 -0.00000 -0.00000 -0.00000 -0.00000 -0.00000 0.00000 1.6519e-02 9.1936e-01 2.9372e-02 -2.4915e-04 4.0611e-01 1.3961e-05 0.41141 0.44234 0.45325 -0.00791 -0.01461 0.00778 1.86680e-01 1.61134e-04 -5.7088087806e-01 -3.8403950425e-01
144.004 -0.00000 0.00000 -0.00000 -0.00000 -0.00000 0.00000 2.1926e-02 9.1937e-01 -2.8471e-02 -2.4915e-04 4.0611e-01 1.3961e-05 0.44512 0.44242 0.41946 -0.01142 0.01342 -0.01725 1.86681e-01 1.61083e-04 -5.7088120292e-01 -3.8403950934e-01
146.004 -0.00000 0.00000 -0.00000 -0.00000 -0.00000 0.00000 -3.7819e-02 9.1933e-01 -1.1767e-02 -2.4915e-04 4.0611e-01 1.3961e-05 0.43092 0.44256 0.43352 0.01772 0.00640 0.02035 1.86681e-01 1.61013e-04 -5.7088142023e-01 -3.8403951517e-01
148.004 0.00000 0.00000 -0.00000 -0.00000 -0.00000 0.00000 1.1915e-03 9.1935e-01 4.2126e-02 -2.4915e-04 4.0611e-01 1.3961e-05 0.42283 0.44266 0.44151 -0.00006 -0.02019 -0.01656 1.86681e-01 1.60899e-04 -5.7088151200e-01 -3.8403952180e-01
150.004 -0.00000 -0.00000 0.00000 -0.00000 -0.00000 0.00000 4.1542e-02 9.1938e-01 -1.6736e-02 -2.4915e-04 4.0611e-01 1.3961e-05 0.44750 0.44277 0.41672 -0.02035 0.00724 0.00801 1.86681e-01 1.60696e-04 -5.7088146191e-01 -3.8403952924e-01
152.004 0.00000 -0.00000 0.00000 -0.00000 -0.00000 0.00000 -3.2070e-02 9.1934e-01 -3.6837e-02 -2.4915e-04 4.0611e-01 1.3961e-05 0.41673 0.44297 0.44729 0.01433 0.01799 0.00147 1.86681e-01 1.60350e-04 -5.7088125877e-01 -3.8403953747e-01
154.000 0.00000 0.00000 -0.00000 -0.00000 -0.00000 0.00000 -2.7322e-02 9.1934e-01 4.4019e-02 -2.4915e-04 4.0611e-01 1.3961e-05 0.44218 0.44312 0.42170 0.01326 -0.02042 -0.00805 1.86682e-01 1.59811e-04 -5.7088090176e-01 -3.8403954640e-01
156.000 0.00000 0.00000 -0.00000 -0.00000 -0.00000 0.00000 5.2132e-02 9.1939e-01 1.2431e-02 -2.4915e-04 4.0611e-01 1.3961e-05 0.42857 0.44321 0.43521 -0.02471 -0.00643 0.00989 1.86682e-01 1.59055e-04 -5.7088040168e-01 -3.8403955597e-01
158.000 -0.00000 0.00000 0.00000 -0.00000 -0.00000 0.00000 -5.0744e-03 9.1936e-01 -5.6061e-02 -2.4915e-04 4.0611e-01 1.3961e-05 0.42992 0.44336 0.43372 0.00165 0.02642 -0.00734 1.86682e-01 1.58115e-04 -5.7087978844e-01 -3.8403956604e-01
160.000 -0.00000 -0.00000 0.00000 -0.00000 -0.00000 0.00000 -5.4014e-02 9.1933e-01 2.1929e-02 -2.4915e-04 4.0611e-01 1.3961e-05 0.43507 0.44347 0.42845 0.02522 -0.01003 0.00303 1.86682e-01 1.57094e-04 -5.7087910855e-01 -3.8403957652e-01
162.000 0.00000 0.00000 -0.00000 -0.00000 -0.00000 0.00000 3.6931e-02 9.1938e-01 4.4926e-02 -2.4915e-04 4.0611e-01 1.3961e-05 0.43050 0.44346 0.43304 -0.01756 -0.02114 -0.00017 1.86683e-01 1.56153e-04 -5.7087842153e-01 -3.8403958728e-01
164.000 -0.00000 0.00000 0.00000 -0.00000 -0.00000 0.00000 3.0880e-02 9.1938e-01 -4.9197e-02 -2.4915e-04 4.0611e-01 1.3961e-05 0.42999 0.44346 0.43356 -0.01467 0.02319 0.00074 1.86683e-01 1.55471e-04 -5.7087779173e-01 -3.8403959816e-01
166.000 -0.00000 -0.00000 -0.00000 -0.00000 -0.00000 0.00000 -5.6142e-02 9.1933e-01 -1.4828e-02 -2.4915e-04 4.0611e-01 1.3961e-05 0.43459 0.44346 0.42896 0.02620 0.00667 -0.00428 1.86682e-01 1.55192e-04 -5.7087727798e-01 -3.8403960896e-01
168.000 -0.00000 -0.00000 0.00000 -0.00000 -0.00000 0.00000 2.0998e-03 9.1936e-01 5.5874e-02 -2.4915e-04 4.0611e-01 1.3961e-05 0.43180 0.44333 0.43188 -0.00175 -0.02625 0.00818 1.86682e-01 1.55375e-04 -5.7087692420e-01 -3.8403961942e-01
170.000 -0.00000 -0.00000 -0.00000 -0.00000 -0.00000 0.00000 4.9658e-02 9.1939e-01 -1.8847e-02 -2.4915e-04 4.0611e-01 1.3961e-05 0.42597 0.44318 0.43786 -0.02347 0.00949 -0.00924 1.86681e-01 1.55982e-04 -5.7087675375e-01 -3.8403962929e-01
172.000 -0.00000 0.00000 0.00000 -0.00000 -0.00000 0.00000 -3.2416e-02 9.1933e-01 -3.9696e-02 -2.4915e-04 4.0611e-01 1.3961e-05 0.44432 0.44309 0.41961 0.01563 0.01833 0.00551 1.86680e-01 1.56893e-04 -5.7087676874e-01 -3.8403963834e-01
174.000 -0.00000 -0.00000 0.00000 -0.00000 -0.00000 0.00000 -2.6511e-02 9.1933e-01 4.0260e-02 -2.4915e-04 4.0611e-01 1.3961e-05 0.41644 0.44294 0.44764 0.01163 -0.01952 0.00249 1.86679e-01 1.57959e-04 -5.7087695375e-01 -3.8403964643e-01
176.000 -0.00000 0.00000 -0.00000 -0.00000 -0.00000 0.00000 4.2797e-02 9.1937e-01 1.0783e-02 -2.4915e-04 4.0611e-01 1.3961e-05 0.44530 0.44275 0.41897 -0.02086 -0.00435 -0.01188 1.86679e-01 1.59032e-04 -5.7087728184e-01 -3.8403965351e-01
178.000 -0.00000 -0.00000 0.00000 -0.00000 -0.00000 0.00000 -4.5540e-03 9.1934e-01 -4.1271e-02 -2.4915e-04 4.0611e-01 1.3961e-05 0.42722 0.44264 0.43715 0.00268 0.01973 0.01868 1.86678e-01 1.60004e-04 -5.7087772095e-01 -3.8403965963e-01
180.000 0.00000 0.00000 -0.00000 -0.00000 -0.00000 0.00000 -3.5263e-02 9.1932e-01 1.6675e-02 -2.4915e-04 4.0611e-01 1.3961e-05 0.42580 0.44254 0.43868 0.01642 -0.00869 -0.01962 1.86678e-01 1.60811e-04 -5.7087823887e-01 -3.8403966489e-01
182.000 -0.00000 -0.00000 0.00000 -0.00000 -0.00000 0.00000 2.5391e-02 9.1935e-01 2.4667e-02 -2.4915e-04 4.0611e-01 1.3961e-05 0.44921 0.44241 0.41540 -0.01304 -0.01151 0.01362 1.86678e-01 1.61430e-04 -5.7087880644e-01 -3.8403966944e-01
184.000 0.00000 -0.00000 -0.00000 -0.00000 -0.00000 0.00000 1.1896e-02 9.1935e-01 -3.1096e-02 -2.4915e-04 4.0611e-01 1.3961e-05 0.40999 0.44234 0.45469 -0.00565 0.01542 -0.00231 1.86678e-01 1.61869e-04 -5.7087939884e-01 -3.8403967346e-01
186.000 0.00000 0.00000 -0.00000 -0.00000 -0.00000 0.00000 -3.2397e-02 9.1932e-01 4.0193e-04 -2.4915e-04 4.0611e-01 1.3961e-05 0.45282 0.44231 0.41189 0.01569 -0.00053 -0.01048 1.86678e-01 1.62151e-04 -5.7087999547e-01 -3.8403967714e-01
188.000 0.00000 -0.00000 -0.00000 -0.00000 -0.00000 -0.00000 1.1859e-02 9.1935e-01 2.8221e-02 -2.4915e-04 4.0611e-01 1.3961e-05 0.42077 0.44225 0.44400 -0.00632 -0.01387 0.02021 1.86679e-01 1.62307e-04 -5.7088057905e-01 -3.8403968066e-01
190.000 0.00000 0.00000 -0.00000 -0.00000 -0.00000 0.00000 2.0147e-02 9.1936e-01 -2.2365e-02 -2.4915e-04 4.0611e-01 1.3961e-05 0.43114 0.44223 0.43364 -0.01029 0.01108 -0.02336 1.86679e-01 1.62372e-04 -5.7088113409e-01 -3.8403968419e-01
192.000 -0.00000 0.00000 0.00000 -0.00000 -0.00000 -0.00000 -2.9772e-02 9.1933e-01 -1.0222e-02 -2.4915e-04 4.0611e-01 1.3961e-05 0.44605 0.44227 0.41869 0.01438 0.00528 0.01880 1.86680e-01 1.62372e-04 -5.7088164538e-01 -3.8403968791e-01
194.000 0.00000 0.00000 0.00000 -0.00000 -0.00000 -0.00000 1.4876e-03 9.1935e-01 3.2091e-02 -2.4915e-04 4.0611e-01 1.3961e-05 0.41096 0.44229 0.45375 -0.00065 -0.01581 -0.00819 1.86680e-01 1.62330e-04 -5.7088209647e-01 -3.8403969199e-01
196.000 -0.00000 0.00000 -0.00000 -0.00000 -0.00000 -0.00000 2.9943e-02 9.1937e-01 -1.4841e-02 -2.4915e-04 4.0611e-01 1.3961e-05 0.45418 0.44233 0.41049 -0.01514 0.00679 -0.00465 1.86681e-01 1.62257e-04 -5.7088246849e-01 -3.8403969658e-01
198.000 -0.00000 -0.00000 0.00000 -0.00000 -0.00000 -0.00000 -2.7327e-02 9.1934e-01 -2.4480e-02 -2.4915e-04 4.0611e-01 1.3961e-05 0.41707 0.44245 0.44748 0.01253 0.01238 0.01520 1.86681e-01 1.62153e-04 -5.7088273956e-01 -3.8403970182e-01
200.000 0.00000 -0.00000 -0.00000 -0.00000 -0.00000 -0.00000 -1.5054e-02 9.1935e-01 3.6305e-02 -2.4915e-04 4.0611e-01 1.3961e-05 0.43645 0.44255 0.42800 0.00766 -0.01721 -0.01996 1.86681e-01 1.62001e-04 -5.7088288492e-01 -3.8403970783e-01
202.000 0.00000 0.00000 0.00000 -0.00000 -0.00000 -0.00000 4.1528e-02 9.1938e-01 1.3599e-03 -2.4915e-04 4.0611e-01 1.3961e-05 0.43903 0.44264 0.42532 -0.02013 -0.00142 0.01776 1.86681e-01 1.61766e-04 -5.7088287838e-01 -3.8403971468e-01
204.000 0.00000 0.00000 -0.00000 -0.00000 -0.00000 -0.00000 -1.4204e-02 9.1935e-01 -4.3169e-02 -2.4915e-04 4.0611e-01 1.3961e-05 0.41803 0.44280 0.44616 0.00571 0.02081 -0.01018 1.86682e-01 1.61402e-04 -5.7088269529e-01 -3.8403972240e-01
206.000 -0.00000 -0.00000 0.00000 -0.00000 -0.00000 -0.00000 -3.9620e-02 9.1933e-01 2.8752e-02 -2.4915e-04 4.0611e-01 1.3961e-05 0.44734 0.44297 0.41668 0.01898 -0.01298 0.00076 1.86682e-01 1.60852e-04 -5.7088231718e-01 -3.8403973096e-01
208.000 -0.00000 -0.00000 -0.00000 -0.00000 -0.00000 -0.00000 4.1458e-02 9.1938e-01 2.9762e-02 -2.4915e-04 4.0611e-01 1.3961e-05 0.42070 0.44307 0.44322 -0.01946 -0.01463 0.00659 1.86682e-01 1.60072e-04 -5.7088173772e-01 -3.8403974030e-01
210.000 -0.00000 0.00000 0.00000 -0.00000 -0.00000 -0.00000 1.5446e-02 9.1937e-01 -5.1672e-02 -2.4915e-04 4.0611e-01 1.3961e-05 0.43656 0.44322 0.42720 -0.00813 0.02418 -0.00936 1.86682e-01 1.59055e-04 -5.7088096898e-01 -3.8403975029e-01
212.000 0.00000 -0.00000 0.00000 -0.00000 -0.00000 -0.00000 -5.6826e-02 9.1933e-01 6.5391e-04 -2.4915e-04 4.0611e-01 1.3961e-05 0.43265 0.44339 0.43095 0.02647 0.00017 0.00753 1.86682e-01 1.57853e-04 -5.7088004594e-01 -3.8403976078e-01
214.000 0.00000 0.00000 0.00000 -0.00000 0.00000 -0.00000 1.7585e-02 9.1937e-01 5.4861e-02 -2.4915e-04 4.0611e-01 1.3961e-05 0.42890 0.44343 0.43466 -0.00827 -0.02586 -0.00345 1.86683e-01 1.56590e-04 -5.7087902703e-01 -3.8403977161e-01
216.000 -0.00000 0.00000 -0.00000 -0.00000 0.00000 -0.00000 4.6811e-02 9.1939e-01 -3.4268e-02 -2.4915e-04 4.0611e-01 1.3961e-05 0.43304 0.44345 0.43050 -0.02231 0.01604 0.00035 1.86683e-01 1.55447e-04 -5.7087798911e-01 -3.8403978261e-01
218.000 0.00000 0.00000 -0.00000 -0.00000 0.00000 -0.00000 -4.7498e-02 9.1933e-01 -3.4739e-02 -2.4915e-04 4.0611e-01 1.3961e-05 0.43360 0.44350 0.42990 0.02211 0.01623 -0.00051 1.86683e-01 1.54612e-04 -5.7087701680e-01 -3.8403979357e-01
220.000 -0.00000 -0.00000 0.00000 -0.00000 0.00000 -0.00000 -1.9231e-02 9.1935e-01 5.4449e-02 -2.4915e-04 4.0611e-01 1.3961e-05 0.42840 0.44344 0.43517 0.00846 -0.02568 0.00385 1.86682e-01 1.54228e-04 -5.7087618887e-01 -3.8403980426e-01
222.000 -0.00000 -0.00000 -0.00000 -0.00000 0.00000 -0.00000 5.5331e-02 9.1939e-01 1.2370e-03 -2.4915e-04 4.0611e-01 1.3961e-05 0.43303 0.44330 0.43067 -0.02632 -0.00008 -0.00807 1.86681e-01 1.54345e-04 -5.7087556541e-01 -3.8403981444e-01
224.000 0.00000 -0.00000 0.00000 -0.00000 0.00000 -0.00000 -1.5924e-02 9.1934e-01 -5.1381e-02 -2.4915e-04 4.0611e-01 1.3961e-05 0.43652 0.44322 0.42728 0.00784 0.02407 0.00993 1.86680e-01 1.54912e-04 -5.7087517984e-01 -3.8403982387e-01
226.000 0.00000 -0.00000 0.00000 -0.00000 0.00000 -0.00000 -4.2407e-02 9.1932e-01 2.9060e-02 -2.4915e-04 4.0611e-01 1.3961e-05 0.42048 0.44310 0.44345 0.01935 -0.01433 -0.00715 1.86679e-01 1.55800e-04 -5.7087503745e-01 -3.8403983239e-01
228.000 -0.00000 -0.00000 0.00000 -0.00000 0.00000 -0.00000 3.7777e-02 9.1936e-01 2.8709e-02 -2.4915e-04 4.0611e-01 1.3961e-05 0.44784 0.44290 0.41628 -0.01866 -0.01297 -0.00030 1.86678e-01 1.56848e-04 -5.7087511978e-01 -3.8403983992e-01
230.000 0.00000 -0.00000 -0.00000 -0.00000 0.00000 -0.00000 1.3172e-02 9.1935e-01 -4.2490e-02 -2.4915e-04 4.0611e-01 1.3961e-05 0.41748 0.44277 0.44677 -0.00579 0.02052 0.00993 1.86678e-01 1.57906e-04 -5.7087539244e-01 -3.8403984646e-01
232.000 0.00000 -0.00000 -0.00000 -0.00000 0.00000 -0.00000 -4.2055e-02 9.1931e-01 1.1443e-03 -2.4915e-04 4.0611e-01 1.3961e-05 0.43965 0.44267 0.42470 0.01986 -0.00133 -0.01782 1.86677e-01 1.58865e-04 -5.7087581349e-01 -3.8403985207e-01
234.000 -0.00000 0.00000 -0.00000 -0.00000 0.00000 -0.00000 1.3630e-02 9.1934e-01 3.5814e-02 -2.4915e-04 4.0611e-01 1.3961e-05 0.43592 0.44252 0.42859 -0.00753 -0.01698 0.02033 1.86677e-01 1.59661e-04 -5.7087634038e-01 -3.8403985689e-01
236.000 -0.00000 -0.00000 -0.00000 -0.00000 0.00000 -0.00000 2.5826e-02 9.1935e-01 -2.4151e-02 -2.4915e-04 4.0611e-01 1.3961e-05 0.41747 0.44241 0.44715 -0.01241 0.01221 -0.01581 1.86677e-01 1.60270e-04 -5.7087693440e-01 -3.8403986108e-01
238.000 -0.00000 -0.00000 0.00000 -0.00000 0.00000 -0.00000 -3.0753e-02 9.1932e-01 -1.4573e-02 -2.4915e-04 4.0611e-01 1.3961e-05 0.45413 0.44236 0.41053 0.01501 0.00670 0.00535 1.86677e-01 1.60701e-04 -5.7087756286e-01 -3.8403986481e-01
240.000 0.00000 0.00000 -0.00000 -0.00000 0.00000 -0.00000 -2.4201e-03 9.1933e-01 3.1817e-02 -2.4915e-04 4.0611e-01 1.3961e-05 0.41065 0.44229 0.45408 0.00055 -0.01568 0.00757 1.86677e-01 1.60976e-04 -5.7087819938e-01 -3.8403986825e-01
242.000 0.00000 0.00000 0.00000 -0.00000 0.00000 -0.00000 2.8426e-02 9.1936e-01 -1.0387e-02 -2.4915e-04 4.0611e-01 1.3961e-05 0.44669 0.44224 0.41809 -0.01429 0.00531 -0.01841 1.86678e-01 1.61129e-04 -5.7087882298e-01 -3.8403987157e-01
244.000 -0.00000 -0.00000 -0.00000 -0.00000 0.00000 -0.00000 -2.1451e-02 9.1933e-01 -2.2194e-02 -2.4915e-04 4.0611e-01 1.3961e-05 0.43039 0.44226 0.43437 0.01033 0.01104 0.02330 1.86678e-01 1.61194e-04 -5.7087941659e-01 -3.8403987494e-01
246.000 0.00000 0.00000 0.00000 -0.00000 0.00000 -0.00000 -1.2835e-02 9.1934e-01 2.8439e-02 -2.4915e-04 4.0611e-01 1.3961e-05 0.42141 0.44227 0.44334 0.00625 -0.01399 -0.02050 1.86679e-01 1.61200e-04 -5.7087996543e-01 -3.8403987852e-01
248.000 -0.00000 -0.00000 0.00000 -0.00000 0.00000 -0.00000 3.1544e-02 9.1937e-01 2.3027e-04 -2.4915e-04 4.0611e-01 1.3961e-05 0.45243 0.44227 0.41230 -0.01580 -0.00047 0.01107 1.86679e-01 1.61175e-04 -5.7088045535e-01 -3.8403988246e-01
250.000 0.00000 0.00000 -0.00000 -0.00000 0.00000 -0.00000 -1.3257e-02 9.1934e-01 -3.1420e-02 -2.4915e-04 4.0611e-01 1.3961e-05 0.41005 0.44236 0.45460 0.00570 0.01557 0.00158 1.86680e-01 1.61133e-04 -5.7088087162e-01 -3.8403988691e-01
252.000 -0.00000 -0.00000 0.00000 -0.00000 0.00000 -0.00000 -2.6866e-02 9.1933e-01 2.4998e-02 -2.4915e-04 4.0611e-01 1.3961e-05 0.44942 0.44245 0.41513 0.01322 -0.01165 -0.01296 1.86680e-01 1.61083e-04 -5.7088119815e-01 -3.8403989199e-01
254.000 -0.00000 0.00000 0.00000 -0.00000 0.00000 -0.00000 3.4582e-02 9.1937e-01 1.7005e-02 -2.4915e-04 4.0611e-01 1.3961e-05 0.42530 0.44252 0.43918 -0.01662 -0.00883 0.01920 1.86681e-01 1.61014e-04 -5.7088141742e-01 -3.8403989780e-01
256.000 -0.00000 -0.00000 -0.00000 -0.00000 0.00000 -0.00000 3.6917e-03 9.1936e-01 -4.1832e-02 -2.4915e-04 4.0611e-01 1.3961e-05 0.42785 0.44265 0.43650 -0.00283 0.01995 -0.01856 1.86681e-01 1.60900e-04 -5.7088151143e-01 -3.8403990441e-01
258.000 -0.00000 -0.00000 0.00000 -0.00000 0.00000 -0.00000 -4.4576e-02 9.1933e-01 1.0622e-02 -2.4915e-04 4.0611e-01 1.3961e-05 0.44460 0.44283 0.41957 0.02115 -0.00425 0.01203 1.86681e-01 1.60699e-04 -5.7088146383e-01 -3.8403991184e-01
260.000 -0.00000 -0.00000 -0.00000 -0.00000 0.00000 -0.00000 2.5352e-02 9.1937e-01 4.0962e-02 -2.4915e-04 4.0611e-01 1.3961e-05 0.41693 0.44293 0.44713 -0.01164 -0.01983 -0.00286 1.86681e-01 1.60356e-04 -5.7088126331e-01 -3.8403992006e-01
262.000 0.00000 0.00000 0.00000 -0.00000 0.00000 -0.00000 3.1996e-02 9.1938e-01 -3.9798e-02 -2.4915e-04 4.0611e-01 1.3961e-05 0.44406 0.44308 0.41986 -0.01594 0.01836 -0.00498 1.86681e-01 1.59819e-04 -5.7088090796e-01 -3.8403992900e-01
264.000 -0.00000 0.00000 0.00000 -0.00000 0.00000 -0.00000 -5.1006e-02 9.1933e-01 -1.9523e-02 -2.4915e-04 4.0611e-01 1.3961e-05 0.42591 0.44326 0.43781 0.02354 0.00979 0.00862 1.86681e-01 1.59066e-04 -5.7088040982e-01 -3.8403993856e-01
266.000 -0.00000 0.00000 -0.00000 -0.00000 0.00000 -0.00000 -3.8491e-03 9.1935e-01 5.6182e-02 -2.4915e-04 4.0611e-01 1.3961e-05 0.43200 0.44336 0.43164 0.00200 -0.02639 -0.00759 1.86682e-01 1.58129e-04 -5.7087979796e-01 -3.8403994863e-01
268.000 0.00000 0.00000 0.00000 -0.00000 0.00000 -0.00000 5.5383e-02 9.1939e-01 -1.4265e-02 -2.4915e-04 4.0611e-01 1.3961e-05 0.43421 0.44341 0.42938 -0.02637 0.00645 0.00385 1.86682e-01 1.57108e-04 -5.7087911866e-01 -3.8403995910e-01
270.000 -0.00000 0.00000 0.00000 -0.00000 0.00000 -0.00000 -3.1493e-02 9.1934e-01 -4.9609e-02 -2.4915e-04 4.0611e-01 1.3961e-05 0.43052 0.44350 0.43298 0.01445 0.02336 -0.00056 1.86682e-01 1.56164e-04 -5.7087843131e-01 -3.8403996985e-01
272.000 0.00000 -0.00000 -0.00000 -0.00000 0.00000 -0.00000 -3.8514e-02 9.1934e-01 4.4447e-02 -2.4915e-04 4.0611e-01 1.3961e-05 0.42986 0.44350 0.43364 0.01773 -0.02094 0.00024 1.86682e-01 1.55477e-04 -5.7087780025e-01 -3.8403998074e-01
274.000 0.00000 0.00000 -0.00000 -0.00000 0.00000 -0.00000 5.2444e-02 9.1939e-01 2.2437e-02 -2.4915e-04 4.0611e-01 1.3961e-05 0.43568 0.44340 0.42793 -0.02504 -0.01024 -0.00330 1.86682e-01 1.55192e-04 -5.7087728446e-01 -3.8403999154e-01
276.000 -0.00000 -0.00000 -0.00000 -0.00000 0.00000 -0.00000 4.5198e-03 9.1936e-01 -5.5671e-02 -2.4915e-04 4.0611e-01 1.3961e-05 0.42958 0.44333 0.43410 -0.00191 0.02626 0.00779 1.86682e-01 1.55368e-04 -5.7087692815e-01 -3.8404000200e-01
278.000 0.00000 -0.00000 0.00000 -0.00000 0.00000 -0.00000 -5.2950e-02 9.1932e-01 1.1792e-02 -2.4915e-04 4.0611e-01 1.3961e-05 0.42867 0.44325 0.43510 0.02455 -0.00617 -0.01047 1.86681e-01 1.55969e-04 -5.7087675497e-01 -3.8404001188e-01
280.000 0.00000 0.00000 -0.00000 -0.00000 0.00000 -0.00000 2.5507e-02 9.1936e-01 4.3820e-02 -2.4915e-04 4.0611e-01 1.3961e-05 0.44235 0.44306 0.42161 -0.01296 -0.02032 0.00867 1.86680e-01 1.56878e-04 -5.7087676735e-01 -3.8404002094e-01
282.000 -0.00000 0.00000 -0.00000 -0.00000 0.00000 -0.00000 3.0732e-02 9.1937e-01 -3.6252e-02 -2.4915e-04 4.0611e-01 1.3961e-05 0.41642 0.44291 0.44769 -0.01427 0.01773 -0.00188 1.86679e-01 1.57942e-04 -5.7087695006e-01 -3.8404002905e-01
284.000 0.00000 0.00000 0.00000 -0.00000 0.00000 -0.00000 -4.2060e-02 9.1932e-01 -1.6643e-02 -2.4915e-04 4.0611e-01 1.3961e-05 0.44797 0.44280 0.41625 0.02008 0.00719 -0.00783 1.86678e-01 1.59016e-04 -5.7087727631e-01 -3.8404003614e-01
286.000 0.00000 -0.00000 -0.00000 -0.00000 0.00000 -0.00000 -2.3444e-03 9.1934e-01 4.1534e-02 -2.4915e-04 4.0611e-01 1.3961e-05 0.42232 0.44265 0.44206 0.00006 -0.01991 0.01662 1.86678e-01 1.59990e-04 -5.7087771404e-01 -3.8404004228e-01
288.000 -0.00000 -0.00000 -0.00000 -0.00000 0.00000 -0.00000 3.6151e-02 9.1936e-01 -1.1643e-02 -2.4915e-04 4.0611e-01 1.3961e-05 0.43144 0.44250 0.43307 -0.01750 0.00631 -0.02063 1.86677e-01 1.60800e-04 -5.7087823105e-01 -3.8404004755e-01
290.000 -0.00000 0.00000 0.00000 -0.00000 0.00000 -0.00000 -2.2862e-02 9.1932e-01 -2.8003e-02 -2.4915e-04 4.0611e-01 1.3961e-05 0.44481 0.44244 0.41977 0.01133 0.01324 0.01769 1.86677e-01 1.61422e-04 -5.7087879809e-01 -3.8404005211e-01
292.000 -0.00000 -0.00000 0.00000 -0.00000 0.00000 -0.00000 -1.7253e-02 9.1933e-01 2.9145e-02 -2.4915e-04 4.0611e-01 1.3961e-05 0.41146 0.44236 0.45320 0.00771 -0.01451 -0.00830 1.86677e-01 1.61863e-04 -5.7087939029e-01 -3.8404005614e-01
294.000 -0.00000 0.00000 0.00000 -0.00000 0.00000 -0.00000 3.1030e-02 9.1936e-01 4.1078e-03 -2.4915e-04 4.0611e-01 1.3961e-05 0.45493 0.44227 0.40981 -0.01561 -0.00166 -0.00449 1.86678e-01 1.62146e-04 -5.7087998700e-01 -3.8404005982e-01
296.000 -0.00000 0.00000 -0.00000 -0.00000 0.00000 -0.00000 -8.9325e-03 9.1934e-01 -2.9626e-02 -2.4915e-04 4.0611e-01 1.3961e-05 0.41568 0.44226 0.44907 0.00429 0.01464 0.01625 1.86678e-01 1.62305e-04 -5.7088057088e-01 -3.8404006334e-01
298.000 -0.00000 0.00000 -0.00000 -0.00000 0.00000 -0.00000 -2.4200e-02 9.1933e-01 1.9317e-02 -2.4915e-04 4.0611e-01 1.3961e-05 0.43754 0.44226 0.42721 0.01173 -0.00956 -0.02280 1.86679e-01 1.62370e-04 -5.7088112644e-01 -3.8404006687e-01
300.000 -0.00000 -0.00000 0.00000 -0.00000 0.00000 -0.00000 2.6917e-02 9.1936e-01 1.4258e-02 -2.4915e-04 4.0611e-01 1.3961e-05 0.44042 0.44224 0.42434 -0.01350 -0.00720 0.02184 1.86679e-01 1.62371e-04 -5.7088163846e-01 -3.8404007059e-01
302.000 -0.00000 -0.00000 -0.00000 -0.00000 0.00000 -0.00000 1.8738e-03 9.1935e-01 -3.1981e-02 -2.4915e-04 4.0611e-01 1.3961e-05 0.41401 0.44229 0.45070 -0.00159 0.01572 -0.01374 1.86680e-01 1.62330e-04 -5.7088209052e-01 -3.8404007466e-01
304.000 -0.00000 0.00000 0.00000 -0.00000 0.00000 -0.00000 -3.2817e-02 9.1933e-01 1.0502e-02 -2.4915e-04 4.0611e-01 1.3961e-05 0.45459 0.44237 0.41004 0.01594 -0.00462 0.00150 1.86680e-01 1.62258e-04 -5.7088246380e-01 -3.8404007924e-01
306.000 -0.00000 -0.00000 0.00000 -0.00000 0.00000 -0.00000 2.2507e-02 9.1937e-01 2.8000e-02 -2.4915e-04 4.0611e-01 1.3961e-05 0.41351 0.44242 0.45107 -0.01071 -0.01398 0.01049 1.86680e-01 1.62154e-04 -5.7088273644e-01 -3.8404008447e-01
308.000 -0.00000 0.00000 0.00000 -0.00000 0.00000 -0.00000 1.8803e-02 9.1937e-01 -3.3843e-02 -2.4915e-04 4.0611e-01 1.3961e-05 0.44178 0.44252 0.42270 -0.00997 0.01594 -0.01808 1.86681e-01 1.62002e-04 -5.7088288373e-01 -3.8404009047e-01
310.000 -0.00000 0.00000 0.00000 -0.00000 0.00000 -0.00000 -4.2021e-02 9.1933e-01 -7.1147e-03 -2.4915e-04 4.0611e-01 1.3961e-05 0.43387 0.44268 0.43044 0.01971 0.00421 0.01897 1.86681e-01 1.61769e-04 -5.7088287949e-01 -3.8404009730e-01
312.000 -0.00000 0.00000 -0.00000 -0.00000 0.00000 -0.00000 6.9512e-03 9.1936e-01 4.4662e-02 -2.4915e-04 4.0611e-01 1.3961e-05 0.42134 0.44280 0.44286 -0.00279 -0.02140 -0.01363 1.86681e-01 1.61407e-04 -5.7088269901e-01 -3.8404010501e-01
314.000 0.00000 0.00000 0.00000 -0.00000 0.00000 -0.00000 4.2054e-02 9.1938e-01 -2.2984e-02 -2.4915e-04 4.0611e-01 1.3961e-05 0.44663 0.44292 0.41744 -0.02058 0.01023 0.00492 1.86681e-01 1.60860e-04 -5.7088232368e-01 -3.8404011357e-01
316.000 -0.00000 0.00000 -0.00000 -0.00000 0.00000 -0.00000 -3.8040e-02 9.1934e-01 -3.5200e-02 -2.4915e-04 4.0611e-01 1.3961e-05 0.41925 0.44312 0.44462 0.01720 0.01717 0.00325 1.86682e-01 1.60084e-04 -5.7088174699e-01 -3.8404012289e-01
318.000 -0.00000 -0.00000 0.00000 -0.00000 0.00000 -0.00000 -2.3557e-02 9.1934e-01 4.8993e-02 -2.4915e-04 4.0611e-01 1.3961e-05 0.43894 0.44325 0.42480 0.01139 -0.02282 -0.00772 1.86682e-01 1.59069e-04 -5.7088098070e-01 -3.8404013287e-01
320.000 0.00000 0.00000 -0.00000 -0.00000 0.00000 -0.00000 5.5219e-02 9.1939e-01 7.1902e-03 -2.4915e-04 4.0611e-01 1.3961e-05 0.43062 0.44332 0.43305 -0.02619 -0.00382 0.00752 1.86682e-01 1.57869e-04 -5.7088005945e-01 -3.8404014336e-01
322.000 -0.00000 -0.00000 -0.00000 -0.00000 0.00000 -0.00000 -1.0957e-02 9.1936e-01 -5.6764e-02 -2.4915e-04 4.0611e-01 1.3961e-05 0.42992 0.44344 0.43363 0.00460 0.02674 -0.00417 1.86682e-01 1.56606e-04 -5.7087904140e-01 -3.8404015419e-01
324.000 -0.00000 0.00000 -0.00000 -0.00000 0.00000 -0.00000 -5.2220e-02 9.1933e-01 2.7452e-02 -2.4915e-04 4.0611e-01 1.3961e-05 0.43288 0.44351 0.43061 0.02430 -0.01280 0.00073 1.86682e-01 1.55460e-04 -5.7087800319e-01 -3.8404016518e-01
326.000 -0.00000 -0.00000 -0.00000 -0.00000 0.00000 -0.00000 4.1119e-02 9.1938e-01 4.0960e-02 -2.4915e-04 4.0611e-01 1.3961e-05 0.43367 0.44345 0.42988 -0.01967 -0.01914 0.00004 1.86682e-01 1.54620e-04 -5.7087702943e-01 -3.8404017615e-01
328.000 -0.00000 0.00000 0.00000 -0.00000 0.00000 -0.00000 2.5453e-02 9.1938e-01 -5.1298e-02 -2.4915e-04 4.0611e-01 1.3961e-05 0.42754 0.44341 0.43605 -0.01196 0.02427 0.00272 1.86682e-01 1.54229e-04 -5.7087619906e-01 -3.8404018684e-01
330.000 0.00000 -0.00000 -0.00000 -0.00000 0.00000 -0.00000 -5.5782e-02 9.1932e-01 -8.8940e-03 -2.4915e-04 4.0611e-01 1.3961e-05 0.43511 0.44337 0.42853 0.02606 0.00371 -0.00740 1.86681e-01 1.54340e-04 -5.7087557250e-01 -3.8404019703e-01
332.000 0.00000 0.00000 -0.00000 -0.00000 0.00000 -0.00000 7.5428e-03 9.1935e-01 5.3108e-02 -2.4915e-04 4.0611e-01 1.3961e-05 0.43363 0.44321 0.43017 -0.00445 -0.02492 0.01081 1.86680e-01 1.54901e-04 -5.7087518357e-01 -3.8404020647e-01
334.000 -0.00000 -0.00000 0.00000 -0.00000 0.00000 -0.00000 4.4929e-02 9.1937e-01 -2.2946e-02 -2.4915e-04 4.0611e-01 1.3961e-05 0.42294 0.44305 0.44103 -0.02119 0.01151 -0.01000 1.86679e-01 1.55785e-04 -5.7087503792e-01 -3.8404021501e-01
336.000 -0.00000 0.00000 0.00000 -0.00000 0.00000 -0.00000 -3.4596e-02 9.1932e-01 -3.3708e-02 -2.4915e-04 4.0611e-01 1.3961e-05 0.44725 0.44295 0.41682 0.01671 0.01545 0.00400 1.86678e-01 1.56832e-04 -5.7087511736e-01 -3.8404022255e-01
338.000 -0.00000 -0.00000 -0.00000 -0.00000 0.00000 -0.00000 -2.0079e-02 9.1932e-01 4.0279e-02 -2.4915e-04 4.0611e-01 1.3961e-05 0.41532 0.44279 0.44891 0.00856 -0.01953 0.00557 1.86677e-01 1.57891e-04 -5.7087538768e-01 -3.8404022910e-01
340.000 0.00000 -0.00000 0.00000 -0.00000 0.00000 -0.00000 4.0723e-02 9.1936e-01 4.6899e-03 -2.4915e-04 4.0611e-01 1.3961e-05 0.44427 0.44262 0.42013 -0.01987 -0.00146 -0.01508 1.86677e-01 1.58852e-04 -5.7087580699e-01 -3.8404023473e-01
342.000 0.00000 -0.00000 -0.00000 -0.00000 0.00000 -0.00000 -9.6603e-03 9.1933e-01 -3.7414e-02 -2.4915e-04 4.0611e-01 1.3961e-05 0.43022 0.44253 0.43428 0.00508 0.01790 0.02052 1.86676e-01 1.59650e-04 -5.7087633269e-01 -3.8404023956e-01
344.000 -0.00000 -0.00000 0.00000 -0.00000 0.00000 -0.00000 -3.0089e-02 9.1931e-01 2.0329e-02 -2.4915e-04 4.0611e-01 1.3961e-05 0.42232 0.44244 0.44226 0.01398 -0.01039 -0.01924 1.86676e-01 1.60262e-04 -5.7087692603e-01 -3.8404024375e-01
346.000 -0.00000 -0.00000 0.00000 -0.00000 0.00000 -0.00000 2.7320e-02 9.1935e-01 1.8714e-02 -2.4915e-04 4.0611e-01 1.3961e-05 0.45187 0.44233 0.41283 -0.01393 -0.00872 0.01111 1.86677e-01 1.60695e-04 -5.7087755422e-01 -3.8404024748e-01
348.000 -0.00000 -0.00000 0.00000 -0.00000 0.00000 -0.00000 5.7097e-03 9.1934e-01 -3.1203e-02 -2.4915e-04 4.0611e-01 1.3961e-05 0.40942 0.44229 0.45532 -0.00277 0.01546 0.00133 1.86677e-01 1.60972e-04 -5.7087819078e-01 -3.8404025093e-01
350.000 -0.00000 -0.00000 -0.00000 -0.00000 0.00000 -0.00000 -3.0734e-02 9.1932e-01 6.3050e-03 -2.4915e-04 4.0611e-01 1.3961e-05 0.45114 0.44228 0.41361 0.01491 -0.00328 -0.01379 1.86677e-01 1.61127e-04 -5.7087881468e-01 -3.8404025425e-01
352.000 -0.00000 -0.00000 -0.00000 -0.00000 0.00000 -0.00000 1.7016e-02 9.1935e-01 2.4955e-02 -2.4915e-04 4.0611e-01 1.3961e-05 0.42412 0.44224 0.44066 -0.00871 -0.01235 0.02188 1.86678e-01 1.61192e-04 -5.7087940881e-01 -3.8404025762e-01
354.000 -0.00000 -0.00000 -0.00000 -0.00000 0.00000 -0.00000 1.5546e-02 9.1935e-01 -2.6377e-02 -2.4915e-04 4.0611e-01 1.3961e-05 0.42745 0.44225 0.43732 -0.00815 0.01295 -0.02274 1.86678e-01 1.61200e-04 -5.7087995834e-01 -3.8404026119e-01
356.000 -0.00000 0.00000 -0.00000 -0.00000 0.00000 -0.00000 -3.2311e-02 9.1933e-01 -4.6383e-03 -2.4915e-04 4.0611e-01 1.3961e-05 0.44861 0.44231 0.41609 0.01558 0.00268 0.01613 1.86679e-01 1.61174e-04 -5.7088044914e-01 -3.8404026513e-01
358.000 0.00000 0.00000 -0.00000 -0.00000 0.00000 -0.00000 7.6202e-03 9.1935e-01 3.2918e-02 -2.4915e-04 4.0611e-01 1.3961e-05 0.41046 0.44235 0.45419 -0.00351 -0.01621 -0.00455 1.86679e-01 1.61133e-04 -5.7088086650e-01 -3.8404026957e-01
360.000 -0.00000 0.00000 -0.00000 -0.00000 0.00000 -0.00000 2.8927e-02 9.1937e-01 -2.1015e-02 -2.4915e-04 4.0611e-01 1.3961e-05 0.45236 0.44241 0.41223 -0.01468 0.00968 -0.00780 1.86680e-01 1.61082e-04 -5.7088119433e-01 -3.8404027464e-01
362.000 -0.00000 0.00000 -0.00000 -0.00000 0.00000 -0.00000 -3.2981e-02 9.1933e-01 -2.1636e-02 -2.4915e-04 4.0611e-01 1.3961e-05 0.42027 0.44255 0.44417 0.01520 0.01106 0.01657 1.86680e-01 1.61014e-04 -5.7088141514e-01 -3.8404028044e-01
364.000 0.00000 0.00000 0.00000 -0.00000 0.00000 -0.00000 -1.0575e-02 9.1934e-01 4.0860e-02 -2.4915e-04 4.0611e-01 1.3961e-05 0.43307 0.44267 0.43126 0.00556 -0.01937 -0.01903 1.86680e-01 1.60901e-04 -5.7088151092e-01 -3.8404028705e-01
366.000 -0.00000 -0.00000 -0.00000 -0.00000 0.00000 -0.00000 4.4449e-02 9.1938e-01 -4.3544e-03 -2.4915e-04 4.0611e-01 1.3961e-05 0.44090 0.44277 0.42332 -0.02152 0.00129 0.01501 1.86680e-01 1.60702e-04 -5.7088146528e-01 -3.8404029447e-01
368.000 -0.00000 -0.00000 -0.00000 -0.00000 0.00000 -0.00000 -2.0546e-02 9.1934e-01 -4.4056e-02 -2.4915e-04 4.0611e-01 1.3961e-05 0.41824 0.44296 0.44580 0.00874 0.02122 -0.00691 1.86681e-01 1.60360e-04 -5.7088126680e-01 -3.8404030267e-01
370.000 -0.00000 -0.00000 -0.00000 -0.00000 0.00000 -0.00000 -3.8294e-02 9.1933e-01 3.4947e-02 -2.4915e-04 4.0611e-01 1.3961e-05 0.44495 0.44312 0.41892 0.01832 -0.01597 -0.00147 1.86681e-01 1.59826e-04 -5.7088091346e-01 -3.8404031160e-01
372.000 -0.00000 0.00000 -0.00000 -0.00000 0.00000 -0.00000 4.6660e-02 9.1938e-01 2.6359e-02 -2.4915e-04 4.0611e-01 1.3961e-05 0.42381 0.44321 0.43997 -0.02197 -0.01294 0.00671 1.86681e-01 1.59076e-04 -5.7088041705e-01 -3.8404032115e-01
374.000 -0.00000 0.00000 -0.00000 -0.00000 -0.00000 -0.00000 1.0448e-02 9.1936e-01 -5.5102e-02 -2.4915e-04 4.0611e-01 1.3961e-05 0.43409 0.44335 0.42956 -0.00564 0.02584 -0.00732 1.86681e-01 1.58141e-04 -5.7087980643e-01 -3.8404033122e-01
376.000 -0.00000 0.00000 -0.00000 -0.00000 -0.00000 -0.00000 -5.7935e-02 9.1932e-01 6.4549e-03 -2.4915e-04 4.0611e-01 1.3961e-05 0.43301 0.44347 0.43051 0.02699 -0.00273 0.00440 1.86682e-01 1.57120e-04 -5.7087912767e-01 -3.8404034168e-01
378.000 -0.00000 -0.00000 0.00000 -0.00000 0.00000 -0.00000 2.3204e-02 9.1937e-01 5.3466e-02 -2.4915e-04 4.0611e-01 1.3961e-05 0.43071 0.44347 0.43281 -0.01109 -0.02513 -0.00087 1.86682e-01 1.56174e-04 -5.7087844003e-01 -3.8404035244e-01
380.000 0.00000 0.00000 0.00000 -0.00000 0.00000 -0.00000 4.3165e-02 9.1939e-01 -3.8716e-02 -2.4915e-04 4.0611e-01 1.3961e-05 0.42995 0.44345 0.43360 -0.02047 0.01829 -0.00030 1.86682e-01 1.55483e-04 -5.7087780786e-01 -3.8404036332e-01
382.000 0.00000 0.00000 0.00000 -0.00000 0.00000 -0.00000 -4.9979e-02 9.1933e-01 -2.9495e-02 -2.4915e-04 4.0611e-01 1.3961e-05 0.43634 0.44346 0.42721 0.02338 0.01361 -0.00212 1.86682e-01 1.55192e-04 -5.7087729027e-01 -3.8404037412e-01
384.000 -0.00000 0.00000 0.00000 -0.00000 -0.00000 -0.00000 -1.3307e-02 9.1935e-01 5.4520e-02 -2.4915e-04 4.0611e-01 1.3961e-05 0.42754 0.44335 0.43612 0.00551 -0.02575 0.00687 1.86681e-01 1.55362e-04 -5.7087693170e-01 -3.8404038459e-01
386.000 0.00000 0.00000 0.00000 -0.00000 -0.00000 -0.00000 5.2977e-02 9.1938e-01 -4.3728e-03 -2.4915e-04 4.0611e-01 1.3961e-05 0.43171 0.44319 0.43211 -0.02520 0.00270 -0.01091 1.86680e-01 1.55958e-04 -5.7087675611e-01 -3.8404039448e-01
388.000 0.00000 0.00000 0.00000 -0.00000 -0.00000 -0.00000 -2.0339e-02 9.1934e-01 -4.6978e-02 -2.4915e-04 4.0611e-01 1.3961e-05 0.43954 0.44309 0.42439 0.01002 0.02195 0.01113 1.86679e-01 1.56864e-04 -5.7087676615e-01 -3.8404040355e-01
390.000 0.00000 0.00000 0.00000 -0.00000 -0.00000 -0.00000 -3.6614e-02 9.1932e-01 3.1659e-02 -2.4915e-04 4.0611e-01 1.3961e-05 0.41751 0.44295 0.44656 0.01657 -0.01560 -0.00606 1.86679e-01 1.57927e-04 -5.7087694681e-01 -3.8404041167e-01
392.000 -0.00000 -0.00000 0.00000 -0.00000 -0.00000 -0.00000 3.8258e-02 9.1936e-01 2.2316e-02 -2.4915e-04 4.0611e-01 1.3961e-05 0.44952 0.44276 0.41473 -0.01890 -0.00992 -0.00318 1.86678e-01 1.59001e-04 -5.7087727141e-01 -3.8404041878e-01
394.000 0.00000 0.00000 -0.00000 -0.00000 0.00000 -0.00000 6.9630e-03 9.1934e-01 -4.0862e-02 -2.4915e-04 4.0611e-01 1.3961e-05 0.41817 0.44264 0.44621 -0.00285 0.01975 0.01325 1.86677e-01 1.59977e-04 -5.7087770792e-01 -3.8404042492e-01
396.000 0.00000 -0.00000 0.00000 -0.00000 0.00000 -0.00000 -3.8581e-02 9.1931e-01 6.5011e-03 -2.4915e-04 4.0611e-01 1.3961e-05 0.43706 0.44255 0.42741 0.01821 -0.00385 -0.02005 1.86677e-01 1.60789e-04 -5.7087822410e-01 -3.8404043020e-01
398.000 -0.00000 -0.00000 -0.00000 -0.00000 -0.00000 -0.00000 1.7636e-02 9.1934e-01 3.0922e-02 -2.4915e-04 4.0611e-01 1.3961e-05 0.43951 0.44242 0.42509 -0.00939 -0.01467 0.02044 1.86677e-01 1.61414e-04 -5.7087879067e-01 -3.8404043478e-01
400.000 0.00000 0.00000 0.00000 -0.00000 -0.00000 -0.00000 2.0032e-02 9.1935e-01 -2.6496e-02 -2.4915e-04 4.0611e-01 1.3961e-05 0.41456 0.44233 0.45013 -0.00970 0.01329 -0.01370 1.86677e-01 1.61857e-04 -5.7087938269e-01 -3.8404043881e-01
