# t x y z vx vy vz omx omy omz llx lly llz Ixx Iyy Izz Ixy Iyz Ixz KErot PEspr PEgrav Etot
0.000 0.00000 0.00000 -0.00000 -0.00000 0.00000 -0.00000 3.1481e-02 9.2040e-01 -4.3181e-02 -2.5171e-04 4.0953e-01 -4.9576e-05 0.42779 0.44642 0.43714 -0.01510 0.02059 -0.00409 1.88462e-01 5.36694e-29 -5.7006436452e-01 -3.8160232786e-01
2.000 -0.00000 0.00000 0.00000 -0.00000 -0.00000 0.00000 -5.0887e-02 9.1961e-01 -1.5339e-02 -2.5171e-04 4.0953e-01 -4.9576e-05 0.43970 0.44677 0.42417 0.02404 0.00696 -0.00103 1.88309e-01 1.58799e-04 -5.7022785407e-01 -3.8175969519e-01
4.004 -0.00000 -0.00000 0.00000 -0.00000 -0.00000 0.00000 2.4967e-03 9.1965e-01 5.1006e-02 -2.5171e-04 4.0953e-01 -4.9576e-05 0.42599 0.44666 0.43799 -0.00185 -0.02437 0.00751 1.88310e-01 1.58863e-04 -5.7022868085e-01 -3.8176027425e-01
6.004 0.00000 0.00000 -0.00000 -0.00000 -0.00000 -0.00000 4.4832e-02 9.1967e-01 -2.0081e-02 -2.5171e-04 4.0953e-01 -4.9576e-05 0.43169 0.44657 0.43238 -0.02156 0.00994 -0.01129 1.88309e-01 1.59637e-04 -5.7022880605e-01 -3.8176032024e-01
8.004 -0.00000 0.00000 -0.00000 -0.00000 0.00000 0.00000 -3.4043e-02 9.1962e-01 -3.4287e-02 -2.5171e-04 4.0953e-01 -4.9576e-05 0.44041 0.44653 0.42370 0.01639 0.01610 0.00972 1.88309e-01 1.60126e-04 -5.7022899526e-01 -3.8176035326e-01
10.000 -0.00000 -0.00000 0.00000 -0.00000 0.00000 0.00000 -1.9849e-02 9.1963e-01 4.1734e-02 -2.5171e-04 4.0953e-01 -4.9576e-05 0.41824 0.44643 0.44597 0.00889 -0.02036 -0.00291 1.88308e-01 1.60531e-04 -5.7022924716e-01 -3.8176038388e-01
12.000 -0.00000 -0.00000 0.00000 -0.00000 -0.00000 0.00000 4.3786e-02 9.1967e-01 2.3910e-03 -2.5171e-04 4.0953e-01 -4.9576e-05 0.44598 0.44632 0.41834 -0.02149 -0.00083 -0.00652 1.88308e-01 1.60815e-04 -5.7022955687e-01 -3.8176041275e-01
14.000 -0.00000 -0.00000 0.00000 -0.00000 -0.00000 0.00000 -1.4370e-02 9.1963e-01 -4.0843e-02 -2.5171e-04 4.0953e-01 -4.9576e-05 0.42462 0.44630 0.43972 0.00699 0.01970 0.01423 1.88309e-01 1.60978e-04 -5.7022992352e-01 -3.8176044013e-01
16.000 -0.00000 0.00000 -0.00000 -0.00000 -0.00000 0.00000 -3.2185e-02 9.1963e-01 2.7439e-02 -2.5171e-04 4.0953e-01 -4.9576e-05 0.42967 0.44626 0.43471 0.01526 -0.01360 -0.01653 1.88309e-01 1.61044e-04 -5.7023034270e-01 -3.8176046639e-01
18.000 0.00000 -0.00000 0.00000 -0.00000 0.00000 0.00000 3.6457e-02 9.1967e-01 1.8188e-02 -2.5171e-04 4.0953e-01 -4.9576e-05 0.44431 0.44619 0.42014 -0.01813 -0.00884 0.01207 1.88309e-01 1.61050e-04 -5.7023080840e-01 -3.8176049195e-01
20.004 -0.00000 0.00000 0.00000 -0.00000 0.00000 0.00000 1.8053e-03 9.1964e-01 -4.1179e-02 -2.5171e-04 4.0953e-01 -4.9576e-05 0.41524 0.44621 0.44919 -0.00120 0.02006 -0.00246 1.88310e-01 1.61040e-04 -5.7023131295e-01 -3.8176051731e-01
22.004 0.00000 0.00000 -0.00000 -0.00000 0.00000 0.00000 -3.9669e-02 9.1963e-01 1.3689e-02 -2.5171e-04 4.0953e-01 -4.9576e-05 0.44715 0.44624 0.41724 0.01913 -0.00661 -0.00801 1.88310e-01 1.61055e-04 -5.7023184259e-01 -3.8176054282e-01
24.004 0.00000 -0.00000 -0.00000 -0.00000 0.00000 -0.00000 2.7705e-02 9.1967e-01 3.1305e-02 -2.5171e-04 4.0953e-01 -4.9576e-05 0.42511 0.44623 0.43929 -0.01359 -0.01546 0.01496 1.88311e-01 1.61131e-04 -5.7023238283e-01 -3.8176056895e-01
26.004 0.00000 0.00000 -0.00000 -0.00000 0.00000 -0.00000 1.8353e-02 9.1966e-01 -3.9239e-02 -2.5171e-04 4.0953e-01 -4.9576e-05 0.42909 0.44630 0.43525 -0.00950 0.01883 -0.01556 1.88311e-01 1.61286e-04 -5.7023291391e-01 -3.8176059610e-01
28.004 -0.00000 0.00000 -0.00000 -0.00000 -0.00000 0.00000 -4.5424e-02 9.1963e-01 -3.2507e-03 -2.5171e-04 4.0953e-01 -4.9576e-05 0.44321 0.44639 0.42102 0.02165 0.00193 0.00995 1.88311e-01 1.61519e-04 -5.7023341153e-01 -3.8176062459e-01
30.004 -0.00000 -0.00000 -0.00000 -0.00000 -0.00000 0.00000 1.3356e-02 9.1967e-01 4.4436e-02 -2.5171e-04 4.0953e-01 -4.9576e-05 0.41841 0.44643 0.44578 -0.00630 -0.02158 -0.00105 1.88311e-01 1.61803e-04 -5.7023384742e-01 -3.8176065470e-01
32.004 0.00000 -0.00000 -0.00000 -0.00000 -0.00000 -0.00000 3.7465e-02 9.1967e-01 -3.0126e-02 -2.5171e-04 4.0953e-01 -4.9576e-05 0.44232 0.44651 0.42179 -0.01852 0.01404 -0.00684 1.88311e-01 1.62090e-04 -5.7023419076e-01 -3.8176068657e-01
34.004 -0.00000 0.00000 -0.00000 -0.00000 -0.00000 0.00000 -4.3483e-02 9.1962e-01 -2.6081e-02 -2.5171e-04 4.0953e-01 -4.9576e-05 0.42885 0.44664 0.43513 0.02029 0.01277 0.01025 1.88311e-01 1.62313e-04 -5.7023441100e-01 -3.8176072027e-01
36.004 -0.00000 0.00000 0.00000 -0.00000 -0.00000 0.00000 -1.0396e-02 9.1965e-01 5.0641e-02 -2.5171e-04 4.0953e-01 -4.9576e-05 0.42824 0.44669 0.43568 0.00502 -0.02414 -0.00819 1.88311e-01 1.62403e-04 -5.7023448167e-01 -3.8176075571e-01
38.000 0.00000 -0.00000 -0.00000 -0.00000 -0.00000 0.00000 5.1743e-02 9.1968e-01 -8.1914e-03 -2.5171e-04 4.0953e-01 -4.9576e-05 0.43875 0.44672 0.42514 -0.02493 0.00358 0.00265 1.88311e-01 1.62308e-04 -5.7023438521e-01 -3.8176079265e-01
40.000 -0.00000 0.00000 0.00000 -0.00000 -0.00000 0.00000 -2.6278e-02 9.1963e-01 -4.7338e-02 -2.5171e-04 4.0953e-01 -4.9576e-05 0.42686 0.44682 0.43693 0.01207 0.02252 0.00285 1.88311e-01 1.62010e-04 -5.7023411596e-01 -3.8176083090e-01
42.000 0.00000 0.00000 -0.00000 -0.00000 -0.00000 0.00000 -3.6631e-02 9.1962e-01 4.0295e-02 -2.5171e-04 4.0953e-01 -4.9576e-05 0.43194 0.44684 0.43184 0.01715 -0.01917 -0.00493 1.88309e-01 1.61481e-04 -5.7023117156e-01 -3.8176088078e-01
44.000 0.00000 0.00000 0.00000 -0.00000 -0.00000 0.00000 4.9528e-02 9.1968e-01 2.0222e-02 -2.5171e-04 4.0953e-01 -4.9576e-05 0.43650 0.44679 0.42734 -0.02383 -0.00958 0.00242 1.88309e-01 1.60862e-04 -5.7023061986e-01 -3.8176090035e-01
46.000 0.00000 0.00000 -0.00000 -0.00000 -0.00000 0.00000 1.6576e-03 9.1964e-01 -5.3552e-02 -2.5171e-04 4.0953e-01 -4.9576e-05 0.42634 0.44679 0.43750 -0.00087 0.02542 0.00298 1.88309e-01 1.60271e-04 -5.7022994963e-01 -3.8176091997e-01
48.000 -0.00000 0.00000 0.00000 -0.00000 -0.00000 0.00000 -5.0624e-02 9.1961e-01 1.5634e-02 -2.5171e-04 4.0953e-01 -4.9576e-05 0.43380 0.44676 0.43007 0.02374 -0.00779 -0.00774 1.88309e-01 1.59742e-04 -5.7022922681e-01 -3.8176093910e-01
50.000 0.00000 -0.00000 -0.00000 -0.00000 -0.00000 0.00000 3.0554e-02 9.1966e-01 4.0430e-02 -2.5171e-04 4.0953e-01 -4.9576e-05 0.43679 0.44664 0.42721 -0.01516 -0.01912 0.00846 1.88308e-01 1.59357e-04 -5.7022849636e-01 -3.8176095756e-01
52.000 -0.00000 -0.00000 0.00000 -0.00000 -0.00000 0.00000 2.5773e-02 9.1965e-01 -4.2004e-02 -2.5171e-04 4.0953e-01 -4.9576e-05 0.42135 0.44658 0.44272 -0.01226 0.02028 -0.00393 1.88308e-01 1.59138e-04 -5.7022780073e-01 -3.8176097513e-01
54.000 0.00000 0.00000 -0.00000 -0.00000 -0.00000 0.00000 -4.7338e-02 9.1960e-01 -9.6045e-03 -2.5171e-04 4.0953e-01 -4.9576e-05 0.44428 0.44653 0.41983 0.02255 0.00412 -0.00414 1.88307e-01 1.59078e-04 -5.7022717328e-01 -3.8176099171e-01
56.000 -0.00000 -0.00000 -0.00000 -0.00000 -0.00000 0.00000 7.1162e-03 9.1964e-01 4.5204e-02 -2.5171e-04 4.0953e-01 -4.9576e-05 0.42425 0.44641 0.43999 -0.00414 -0.02177 0.01188 1.88306e-01 1.59144e-04 -5.7022663674e-01 -3.8176100728e-01
58.000 0.00000 -0.00000 0.00000 -0.00000 -0.00000 0.00000 3.7363e-02 9.1965e-01 -2.3042e-02 -2.5171e-04 4.0953e-01 -4.9576e-05 0.43121 0.44633 0.43312 -0.01818 0.01142 -0.01530 1.88306e-01 1.59291e-04 -5.7022620293e-01 -3.8176102192e-01
60.000 -0.00000 -0.00000 -0.00000 -0.00000 -0.00000 0.00000 -3.4905e-02 9.1960e-01 -2.5866e-02 -2.5171e-04 4.0953e-01 -4.9576e-05 0.44264 0.44632 0.42170 0.01687 0.01227 0.01230 1.88305e-01 1.59476e-04 -5.7022587424e-01 -3.8176103576e-01
62.000 -0.00000 0.00000 0.00000 -0.00000 -0.00000 0.00000 -1.1057e-02 9.1962e-01 4.0433e-02 -2.5171e-04 4.0953e-01 -4.9576e-05 0.41588 0.44625 0.44853 0.00489 -0.01982 -0.00378 1.88305e-01 1.59665e-04 -5.7022564568e-01 -3.8176104897e-01
64.000 0.00000 -0.00000 0.00000 -0.00000 -0.00000 0.00000 4.0287e-02 9.1965e-01 -5.9510e-03 -2.5171e-04 4.0953e-01 -4.9576e-05 0.44793 0.44620 0.41654 -0.01994 0.00294 -0.00676 1.88305e-01 1.59834e-04 -5.7022550710e-01 -3.8176106177e-01
66.000 -0.00000 -0.00000 0.00000 -0.00000 -0.00000 0.00000 -2.1697e-02 9.1960e-01 -3.5405e-02 -2.5171e-04 4.0953e-01 -4.9576e-05 0.42355 0.44624 0.44089 0.01029 0.01727 0.01478 1.88304e-01 1.59969e-04 -5.7022544516e-01 -3.8176107438e-01
68.000 -0.00000 -0.00000 0.00000 -0.00000 -0.00000 0.00000 -2.5164e-02 9.1961e-01 3.3309e-02 -2.5171e-04 4.0953e-01 -4.9576e-05 0.43043 0.44625 0.43399 0.01211 -0.01623 -0.01686 1.88304e-01 1.60059e-04 -5.7022544484e-01 -3.8176108705e-01
70.000 -0.00000 0.00000 -0.00000 -0.00000 0.00000 0.00000 4.0528e-02 9.1965e-01 1.0003e-02 -2.5171e-04 4.0953e-01 -4.9576e-05 0.44336 0.44624 0.42106 -0.01995 -0.00517 0.01219 1.88304e-01 1.60097e-04 -5.7022549050e-01 -3.8176109998e-01
72.000 -0.00000 0.00000 -0.00000 -0.00000 0.00000 0.00000 -6.8981e-03 9.1961e-01 -4.3189e-02 -2.5171e-04 4.0953e-01 -4.9576e-05 0.41665 0.44633 0.44768 0.00271 0.02095 -0.00301 1.88304e-01 1.60073e-04 -5.7022556672e-01 -3.8176111340e-01
74.000 0.00000 0.00000 -0.00000 -0.00000 0.00000 0.00000 -3.9539e-02 9.1960e-01 2.2514e-02 -2.5171e-04 4.0953e-01 -4.9576e-05 0.44546 0.44641 0.41880 0.01904 -0.01059 -0.00651 1.88305e-01 1.59974e-04 -5.7022565885e-01 -3.8176112747e-01
76.000 -0.00000 -0.00000 -0.00000 -0.00000 0.00000 0.00000 3.6027e-02 9.1965e-01 2.9032e-02 -2.5171e-04 4.0953e-01 -4.9576e-05 0.42602 0.44644 0.43820 -0.01735 -0.01437 0.01222 1.88305e-01 1.59789e-04 -5.7022575364e-01 -3.8176114236e-01
78.004 0.00000 0.00000 0.00000 -0.00000 0.00000 0.00000 1.3969e-02 9.1963e-01 -4.6446e-02 -2.5171e-04 4.0953e-01 -4.9576e-05 0.42951 0.44655 0.43460 -0.00740 0.02208 -0.01196 1.88305e-01 1.59515e-04 -5.7022584013e-01 -3.8176115819e-01
80.004 -0.00000 -0.00000 -0.00000 -0.00000 -0.00000 0.00000 -5.0764e-02 9.1960e-01 2.6058e-03 -2.5171e-04 4.0953e-01 -4.9576e-05 0.44029 0.44666 0.42371 0.02401 -0.00089 0.00661 1.88306e-01 1.59164e-04 -5.7022590980e-01 -3.8176117496e-01
82.004 0.00000 -0.00000 -0.00000 -0.00000 -0.00000 0.00000 1.9912e-02 9.1965e-01 4.7459e-02 -2.5171e-04 4.0953e-01 -4.9576e-05 0.42311 0.44669 0.44085 -0.00946 -0.02281 0.00047 1.88306e-01 1.58768e-04 -5.7022595846e-01 -3.8176119267e-01
84.004 0.00000 -0.00000 0.00000 -0.00000 -0.00000 0.00000 3.8053e-02 9.1965e-01 -3.6417e-02 -2.5171e-04 4.0953e-01 -4.9576e-05 0.43675 0.44675 0.42715 -0.01856 0.01708 -0.00534 1.88306e-01 1.58382e-04 -5.7022598613e-01 -3.8176121122e-01
86.004 -0.00000 -0.00000 -0.00000 -0.00000 -0.00000 0.00000 -4.8520e-02 9.1960e-01 -2.4545e-02 -2.5171e-04 4.0953e-01 -4.9576e-05 0.43284 0.44684 0.43096 0.02271 0.01174 0.00560 1.88307e-01 1.58075e-04 -5.7022599747e-01 -3.8176123043e-01
88.004 0.00000 -0.00000 -0.00000 -0.00000 -0.00000 0.00000 -7.4736e-03 9.1963e-01 5.3623e-02 -2.5171e-04 4.0953e-01 -4.9576e-05 0.42730 0.44683 0.43652 0.00330 -0.02552 -0.00168 1.88307e-01 1.57914e-04 -5.7022600120e-01 -3.8176125004e-01
90.004 0.00000 0.00000 0.00000 -0.00000 -0.00000 0.00000 5.2234e-02 9.1966e-01 -1.1651e-02 -2.5171e-04 4.0953e-01 -4.9576e-05 0.43579 0.44679 0.42807 -0.02507 0.00557 -0.00352 1.88307e-01 1.57945e-04 -5.7022600908e-01 -3.8176126974e-01
92.004 -0.00000 0.00000 0.00000 -0.00000 -0.00000 0.00000 -2.8917e-02 9.1961e-01 -4.5406e-02 -2.5171e-04 4.0953e-01 -4.9576e-05 0.43281 0.44681 0.43103 0.01365 0.02143 0.00636 1.88307e-01 1.58177e-04 -5.7022603423e-01 -3.8176128920e-01
94.004 -0.00000 0.00000 0.00000 -0.00000 -0.00000 0.00000 -3.2899e-02 9.1961e-01 4.1119e-02 -2.5171e-04 4.0953e-01 -4.9576e-05 0.42526 0.44675 0.43863 0.01514 -0.01983 -0.00455 1.88306e-01 1.58579e-04 -5.7022608953e-01 -3.8176130812e-01
96.004 -0.00000 0.00000 -0.00000 -0.00000 -0.00000 0.00000 4.7933e-02 9.1966e-01 1.5682e-02 -2.5171e-04 4.0953e-01 -4.9576e-05 0.44174 0.44664 0.42228 -0.02327 -0.00718 -0.00145 1.88306e-01 1.59085e-04 -5.7022618614e-01 -3.8176132627e-01
98.004 0.00000 -0.00000 0.00000 -0.00000 -0.00000 0.00000 -2.5631e-03 9.1962e-01 -4.9437e-02 -2.5171e-04 4.0953e-01 -4.9576e-05 0.42445 0.44660 0.43961 0.00137 0.02360 0.00864 1.88305e-01 1.59618e-04 -5.7022633262e-01 -3.8176134348e-01
100.004 -0.00000 0.00000 0.00000 -0.00000 -0.00000 0.00000 -4.4372e-02 9.1960e-01 1.8515e-02 -2.5171e-04 4.0953e-01 -4.9576e-05 0.43263 0.44653 0.43150 0.02086 -0.00937 -0.01300 1.88305e-01 1.60105e-04 -5.7022653457e-01 -3.8176135970e-01
102.004 -0.00000 0.00000 0.00000 -0.00000 -0.00000 0.00000 3.1373e-02 9.1965e-01 3.2774e-02 -2.5171e-04 4.0953e-01 -4.9576e-05 0.44039 0.44640 0.42387 -0.01571 -0.01556 0.01172 1.88305e-01 1.60494e-04 -5.7022679467e-01 -3.8176137495e-01
104.004 -0.00000 -0.00000 -0.00000 -0.00000 -0.00000 0.00000 1.7606e-02 9.1963e-01 -4.0419e-02 -2.5171e-04 4.0953e-01 -4.9576e-05 0.41750 0.44634 0.44682 -0.00847 0.01967 -0.00469 1.88305e-01 1.60761e-04 -5.7022711304e-01 -3.8176138933e-01
106.004 0.00000 -0.00000 -0.00000 -0.00000 -0.00000 0.00000 -4.3373e-02 9.1960e-01 -1.8006e-03 -2.5171e-04 4.0953e-01 -4.9576e-05 0.44748 0.44632 0.41686 0.02082 0.00051 -0.00530 1.88305e-01 1.60910e-04 -5.7022748751e-01 -3.8176140298e-01
108.004 -0.00000 0.00000 0.00000 -0.00000 0.00000 0.00000 1.3827e-02 9.1964e-01 3.9159e-02 -2.5171e-04 4.0953e-01 -4.9576e-05 0.42273 0.44623 0.44169 -0.00722 -0.01907 0.01386 1.88306e-01 1.60966e-04 -5.7022791380e-01 -3.8176141610e-01
110.004 0.00000 0.00000 -0.00000 -0.00000 0.00000 0.00000 2.9705e-02 9.1964e-01 -2.8129e-02 -2.5171e-04 4.0953e-01 -4.9576e-05 0.43164 0.44621 0.43280 -0.01474 0.01374 -0.01709 1.88306e-01 1.60967e-04 -5.7022838541e-01 -3.8176142890e-01
112.004 -0.00000 0.00000 0.00000 -0.00000 0.00000 0.00000 -3.8031e-02 9.1961e-01 -1.7134e-02 -2.5171e-04 4.0953e-01 -4.9576e-05 0.44282 0.44624 0.42159 0.01829 0.00836 0.01344 1.88306e-01 1.60958e-04 -5.7022889328e-01 -3.8176144160e-01
114.004 0.00000 -0.00000 -0.00000 -0.00000 0.00000 0.00000 -1.8063e-03 9.1964e-01 4.1417e-02 -2.5171e-04 4.0953e-01 -4.9576e-05 0.41588 0.44623 0.44854 0.00074 -0.02026 -0.00447 1.88307e-01 1.60980e-04 -5.7022942523e-01 -3.8176145443e-01
116.004 -0.00000 0.00000 0.00000 -0.00000 0.00000 0.00000 3.9074e-02 9.1966e-01 -1.5164e-02 -2.5171e-04 4.0953e-01 -4.9576e-05 0.44757 0.44624 0.41683 -0.01939 0.00707 -0.00594 1.88307e-01 1.61065e-04 -5.7022996524e-01 -3.8176146760e-01
118.004 0.00000 0.00000 -0.00000 -0.00000 0.00000 0.00000 -3.0306e-02 9.1961e-01 -3.2055e-02 -2.5171e-04 4.0953e-01 -4.9576e-05 0.42375 0.44634 0.44055 0.01415 0.01574 0.01331 1.88308e-01 1.61231e-04 -5.7023049294e-01 -3.8176148129e-01
120.004 -0.00000 0.00000 -0.00000 -0.00000 0.00000 0.00000 -1.9879e-02 9.1963e-01 4.0739e-02 -2.5171e-04 4.0953e-01 -4.9576e-05 0.43089 0.44639 0.43336 0.00969 -0.01957 -0.01471 1.88308e-01 1.61473e-04 -5.7023098348e-01 -3.8176149569e-01
122.004 0.00000 -0.00000 0.00000 -0.00000 0.00000 0.00000 4.6226e-02 9.1967e-01 3.1670e-03 -2.5171e-04 4.0953e-01 -4.9576e-05 0.44122 0.44644 0.42298 -0.02249 -0.00201 0.01004 1.88308e-01 1.61760e-04 -5.7023140814e-01 -3.8176151090e-01
124.004 -0.00000 0.00000 0.00000 -0.00000 0.00000 0.00000 -1.4687e-02 9.1962e-01 -4.6698e-02 -2.5171e-04 4.0953e-01 -4.9576e-05 0.42008 0.44656 0.44399 0.00633 0.02246 -0.00201 1.88308e-01 1.62042e-04 -5.7023173601e-01 -3.8176152700e-01
126.004 0.00000 -0.00000 0.00000 -0.00000 0.00000 0.00000 -4.0611e-02 9.1962e-01 3.0457e-02 -2.5171e-04 4.0953e-01 -4.9576e-05 0.44106 0.44665 0.42291 0.01938 -0.01429 -0.00525 1.88308e-01 1.62250e-04 -5.7023193687e-01 -3.8176154401e-01
128.004 0.00000 -0.00000 0.00000 -0.00000 0.00000 0.00000 4.3204e-02 9.1967e-01 2.7738e-02 -2.5171e-04 4.0953e-01 -4.9576e-05 0.42923 0.44668 0.43471 -0.02069 -0.01356 0.00834 1.88308e-01 1.62318e-04 -5.7023198520e-01 -3.8176156189e-01
130.004 0.00000 -0.00000 0.00000 -0.00000 0.00000 0.00000 1.0951e-02 9.1964e-01 -5.1912e-02 -2.5171e-04 4.0953e-01 -4.9576e-05 0.42871 0.44677 0.43514 -0.00573 0.02458 -0.00630 1.88308e-01 1.62195e-04 -5.7023186461e-01 -3.8176158054e-01
132.004 -0.00000 0.00000 -0.00000 -0.00000 0.00000 0.00000 -5.3988e-02 9.1961e-01 6.6673e-03 -2.5171e-04 4.0953e-01 -4.9576e-05 0.43740 0.44684 0.42638 0.02540 -0.00308 0.00105 1.88308e-01 1.61869e-04 -5.7023157184e-01 -3.8176159978e-01
134.004 -0.00000 0.00000 -0.00000 -0.00000 0.00000 0.00000 2.3951e-02 9.1966e-01 4.8199e-02 -2.5171e-04 4.0953e-01 -4.9576e-05 0.42875 0.44681 0.43507 -0.01164 -0.02295 0.00376 1.88308e-01 1.61375e-04 -5.7023111902e-01 -3.8176161940e-01
136.004 -0.00000 -0.00000 -0.00000 -0.00000 0.00000 0.00000 3.6568e-02 9.1966e-01 -3.9334e-02 -2.5171e-04 4.0953e-01 -4.9576e-05 0.42993 0.44680 0.43390 -0.01758 0.01870 -0.00489 1.88308e-01 1.60784e-04 -5.7023053343e-01 -3.8176163913e-01
138.004 -0.00000 -0.00000 0.00000 -0.00000 0.00000 0.00000 -4.9435e-02 9.1961e-01 -2.1572e-02 -2.5171e-04 4.0953e-01 -4.9576e-05 0.43827 0.44682 0.42555 0.02332 0.01001 0.00145 1.88308e-01 1.60189e-04 -5.7022985430e-01 -3.8176165867e-01
140.004 0.00000 0.00000 0.00000 -0.00000 0.00000 0.00000 -4.0712e-03 9.1964e-01 5.2081e-02 -2.5171e-04 4.0953e-01 -4.9576e-05 0.42519 0.44673 0.43872 0.00135 -0.02488 0.00465 1.88308e-01 1.59680e-04 -5.7022912754e-01 -3.8176167773e-01
142.004 -0.00000 0.00000 -0.00000 -0.00000 0.00000 0.00000 4.8304e-02 9.1966e-01 -1.4347e-02 -2.5171e-04 4.0953e-01 -4.9576e-05 0.43424 0.44663 0.42977 -0.02323 0.00716 -0.00969 1.88307e-01 1.59315e-04 -5.7022839951e-01 -3.8176169608e-01
144.004 -0.00000 -0.00000 0.00000 -0.00000 0.00000 0.00000 -2.9942e-02 9.1961e-01 -3.9643e-02 -2.5171e-04 4.0953e-01 -4.9576e-05 0.43732 0.44660 0.42672 0.01441 0.01868 0.01031 1.88307e-01 1.59119e-04 -5.7022771135e-01 -3.8176171351e-01
146.004 -0.00000 -0.00000 0.00000 -0.00000 0.00000 0.00000 -2.6181e-02 9.1962e-01 3.9872e-02 -2.5171e-04 4.0953e-01 -4.9576e-05 0.42011 0.44650 0.44404 0.01192 -0.01946 -0.00536 1.88306e-01 1.59078e-04 -5.7022709513e-01 -3.8176172996e-01
148.004 0.00000 -0.00000 0.00000 -0.00000 0.00000 0.00000 4.4247e-02 9.1965e-01 9.0005e-03 -2.5171e-04 4.0953e-01 -4.9576e-05 0.44615 0.44639 0.41812 -0.02171 -0.00398 -0.00336 1.88306e-01 1.59158e-04 -5.7022657201e-01 -3.8176174540e-01
150.004 0.00000 0.00000 0.00000 -0.00000 0.00000 0.00000 -8.3036e-03 9.1961e-01 -4.3542e-02 -2.5171e-04 4.0953e-01 -4.9576e-05 0.42235 0.44635 0.44196 0.00410 0.02098 0.01193 1.88305e-01 1.59312e-04 -5.7022615247e-01 -3.8176175992e-01
152.004 0.00000 -0.00000 -0.00000 -0.00000 0.00000 0.00000 -3.6775e-02 9.1960e-01 2.2633e-02 -2.5171e-04 4.0953e-01 -4.9576e-05 0.43292 0.44631 0.43144 0.01744 -0.01132 -0.01624 1.88305e-01 1.59500e-04 -5.7022583775e-01 -3.8176177366e-01
154.000 -0.00000 0.00000 -0.00000 -0.00000 0.00000 0.00000 3.3363e-02 9.1964e-01 2.4255e-02 -2.5171e-04 4.0953e-01 -4.9576e-05 0.44149 0.44622 0.42295 -0.01666 -0.01172 0.01404 1.88304e-01 1.59687e-04 -5.7022562238e-01 -3.8176178678e-01
156.000 -0.00000 0.00000 -0.00000 -0.00000 0.00000 0.00000 8.7175e-03 9.1962e-01 -4.0274e-02 -2.5171e-04 4.0953e-01 -4.9576e-05 0.41618 0.44622 0.44827 -0.00448 0.01963 -0.00592 1.88304e-01 1.59852e-04 -5.7022549484e-01 -3.8176179954e-01
158.000 -0.00000 0.00000 -0.00000 -0.00000 0.00000 -0.00000 -4.1125e-02 9.1959e-01 6.8700e-03 -2.5171e-04 4.0953e-01 -4.9576e-05 0.44866 0.44625 0.41576 0.01983 -0.00337 -0.00476 1.88304e-01 1.59982e-04 -5.7022544200e-01 -3.8176181215e-01
160.000 0.00000 -0.00000 0.00000 -0.00000 0.00000 -0.00000 2.1766e-02 9.1963e-01 3.4965e-02 -2.5171e-04 4.0953e-01 -4.9576e-05 0.42193 0.44622 0.44252 -0.01077 -0.01720 0.01342 1.88304e-01 1.60066e-04 -5.7022544870e-01 -3.8176182484e-01
162.000 -0.00000 0.00000 0.00000 -0.00000 0.00000 -0.00000 2.3808e-02 9.1963e-01 -3.4882e-02 -2.5171e-04 4.0953e-01 -4.9576e-05 0.43251 0.44627 0.43189 -0.01209 0.01675 -0.01643 1.88304e-01 1.60096e-04 -5.7022549932e-01 -3.8176183782e-01
164.000 0.00000 0.00000 -0.00000 -0.00000 0.00000 -0.00000 -4.3193e-02 9.1959e-01 -9.8672e-03 -2.5171e-04 4.0953e-01 -4.9576e-05 0.44128 0.44636 0.42303 0.02059 0.00508 0.01275 1.88304e-01 1.60062e-04 -5.7022557847e-01 -3.8176185132e-01
166.000 0.00000 0.00000 -0.00000 -0.00000 0.00000 -0.00000 6.3812e-03 9.1963e-01 4.4639e-02 -2.5171e-04 4.0953e-01 -4.9576e-05 0.41811 0.44639 0.44616 -0.00296 -0.02168 -0.00438 1.88304e-01 1.59952e-04 -5.7022567167e-01 -3.8176186549e-01
168.000 0.00000 0.00000 0.00000 -0.00000 0.00000 -0.00000 4.0114e-02 9.1964e-01 -2.3685e-02 -2.5171e-04 4.0953e-01 -4.9576e-05 0.44476 0.44646 0.41944 -0.01979 0.01095 -0.00464 1.88304e-01 1.59755e-04 -5.7022576591e-01 -3.8176188050e-01
170.000 -0.00000 -0.00000 0.00000 -0.00000 0.00000 -0.00000 -3.8451e-02 9.1959e-01 -3.0859e-02 -2.5171e-04 4.0953e-01 -4.9576e-05 0.42574 0.44659 0.43834 0.01787 0.01508 0.01023 1.88304e-01 1.59470e-04 -5.7022585041e-01 -3.8176189643e-01
172.000 -0.00000 0.00000 0.00000 -0.00000 0.00000 -0.00000 -1.6665e-02 9.1962e-01 4.7738e-02 -2.5171e-04 4.0953e-01 -4.9576e-05 0.43054 0.44665 0.43347 0.00806 -0.02274 -0.01027 1.88305e-01 1.59111e-04 -5.7022591747e-01 -3.8176191332e-01
174.000 0.00000 0.00000 0.00000 -0.00000 0.00000 -0.00000 5.1386e-02 9.1966e-01 -1.5247e-03 -2.5171e-04 4.0953e-01 -4.9576e-05 0.43862 0.44669 0.42535 -0.02477 0.00034 0.00558 1.88305e-01 1.58713e-04 -5.7022596326e-01 -3.8176193115e-01
176.000 -0.00000 -0.00000 0.00000 -0.00000 0.00000 -0.00000 -2.0017e-02 9.1961e-01 -4.9559e-02 -2.5171e-04 4.0953e-01 -4.9576e-05 0.42501 0.44680 0.43885 0.00901 0.02361 0.00067 1.88306e-01 1.58333e-04 -5.7022598843e-01 -3.8176194980e-01
178.000 -0.00000 0.00000 -0.00000 -0.00000 0.00000 -0.00000 -4.1101e-02 9.1961e-01 3.5406e-02 -2.5171e-04 4.0953e-01 -4.9576e-05 0.43480 0.44684 0.42901 0.01934 -0.01678 -0.00471 1.88306e-01 1.58042e-04 -5.7022599819e-01 -3.8176196908e-01
180.000 -0.00000 -0.00000 0.00000 -0.00000 0.00000 -0.00000 4.6778e-02 9.1966e-01 2.6249e-02 -2.5171e-04 4.0953e-01 -4.9576e-05 0.43433 0.44680 0.42952 -0.02249 -0.01253 0.00426 1.88306e-01 1.57905e-04 -5.7022600177e-01 -3.8176198871e-01
182.000 0.00000 -0.00000 -0.00000 -0.00000 0.00000 -0.00000 8.2998e-03 9.1963e-01 -5.3370e-02 -2.5171e-04 4.0953e-01 -4.9576e-05 0.42659 0.44682 0.43724 -0.00412 0.02532 0.00013 1.88306e-01 1.57963e-04 -5.7022601118e-01 -3.8176200840e-01
184.000 0.00000 0.00000 0.00000 -0.00000 0.00000 -0.00000 -5.3031e-02 9.1960e-01 9.4025e-03 -2.5171e-04 4.0953e-01 -4.9576e-05 0.43562 0.44682 0.42821 0.02490 -0.00475 -0.00550 1.88306e-01 1.58220e-04 -5.7022603963e-01 -3.8176202780e-01
186.000 -0.00000 -0.00000 -0.00000 -0.00000 0.00000 -0.00000 2.5671e-02 9.1965e-01 4.5051e-02 -2.5171e-04 4.0953e-01 -4.9576e-05 0.43382 0.44671 0.43012 -0.01278 -0.02135 0.00812 1.88305e-01 1.58639e-04 -5.7022609981e-01 -3.8176204664e-01
188.000 -0.00000 0.00000 -0.00000 -0.00000 0.00000 -0.00000 3.1915e-02 9.1964e-01 -3.9171e-02 -2.5171e-04 4.0953e-01 -4.9576e-05 0.42376 0.44665 0.44025 -0.01522 0.01890 -0.00574 1.88305e-01 1.59154e-04 -5.7022620261e-01 -3.8176206466e-01
190.000 0.00000 0.00000 0.00000 -0.00000 0.00000 -0.00000 -4.6929e-02 9.1959e-01 -1.6388e-02 -2.5171e-04 4.0953e-01 -4.9576e-05 0.44367 0.44661 0.42037 0.02235 0.00738 -0.00107 1.88305e-01 1.59684e-04 -5.7022635618e-01 -3.8176208175e-01
192.000 0.00000 -0.00000 -0.00000 -0.00000 0.00000 -0.00000 6.1065e-04 9.1963e-01 4.7241e-02 -2.5171e-04 4.0953e-01 -4.9576e-05 0.42254 0.44649 0.44163 -0.00102 -0.02275 0.00914 1.88304e-01 1.60161e-04 -5.7022656574e-01 -3.8176209784e-01
194.000 -0.00000 0.00000 -0.00000 -0.00000 0.00000 -0.00000 4.1546e-02 9.1964e-01 -1.7647e-02 -2.5171e-04 4.0953e-01 -4.9576e-05 0.43432 0.44639 0.42994 -0.02017 0.00884 -0.01432 1.88304e-01 1.60534e-04 -5.7022683362e-01 -3.8176211296e-01
196.000 -0.00000 -0.00000 0.00000 -0.00000 0.00000 -0.00000 -3.1272e-02 9.1960e-01 -3.1646e-02 -2.5171e-04 4.0953e-01 -4.9576e-05 0.43953 0.44636 0.42476 0.01514 0.01503 0.01363 1.88304e-01 1.60785e-04 -5.7022715960e-01 -3.8176212723e-01
198.000 -0.00000 -0.00000 -0.00000 -0.00000 0.00000 -0.00000 -1.7722e-02 9.1961e-01 3.8973e-02 -2.5171e-04 4.0953e-01 -4.9576e-05 0.41738 0.44629 0.44699 0.00806 -0.01913 -0.00684 1.88304e-01 1.60920e-04 -5.7022754123e-01 -3.8176214080e-01
200.000 0.00000 -0.00000 -0.00000 -0.00000 0.00000 -0.00000 4.1147e-02 9.1965e-01 8.1328e-04 -2.5171e-04 4.0953e-01 -4.9576e-05 0.44872 0.44622 0.41571 -0.02035 -0.00027 -0.00340 1.88305e-01 1.60966e-04 -5.7022797395e-01 -3.8176215387e-01
202.000 -0.00000 -0.00000 -0.00000 -0.00000 0.00000 -0.00000 -1.5610e-02 9.1961e-01 -3.8473e-02 -2.5171e-04 4.0953e-01 -4.9576e-05 0.42076 0.44623 0.44366 0.00740 0.01872 0.01271 1.88305e-01 1.60963e-04 -5.7022845096e-01 -3.8176216664e-01
204.000 -0.00000 0.00000 -0.00000 -0.00000 0.00000 -0.00000 -3.0087e-02 9.1961e-01 2.8593e-02 -2.5171e-04 4.0953e-01 -4.9576e-05 0.43388 0.44623 0.43053 0.01445 -0.01400 -0.01704 1.88306e-01 1.60956e-04 -5.7022896281e-01 -3.8176217935e-01
206.000 -0.00000 0.00000 0.00000 -0.00000 0.00000 -0.00000 3.7731e-02 9.1966e-01 1.6224e-02 -2.5171e-04 4.0953e-01 -4.9576e-05 0.44085 0.44621 0.42358 -0.01862 -0.00812 0.01452 1.88306e-01 1.60985e-04 -5.7022949684e-01 -3.8176219221e-01
208.000 -0.00000 -0.00000 0.00000 -0.00000 0.00000 -0.00000 -9.3636e-05 9.1963e-01 -4.2654e-02 -2.5171e-04 4.0953e-01 -4.9576e-05 0.41708 0.44628 0.44728 -0.00053 0.02069 -0.00636 1.88307e-01 1.61081e-04 -5.7023003649e-01 -3.8176220543e-01
210.000 0.00000 0.00000 -0.00000 -0.00000 0.00000 -0.00000 -4.1358e-02 9.1961e-01 1.5935e-02 -2.5171e-04 4.0953e-01 -4.9576e-05 0.44730 0.44635 0.41699 0.01991 -0.00745 -0.00375 1.88307e-01 1.61257e-04 -5.7023056078e-01 -3.8176221922e-01
212.000 0.00000 0.00000 -0.00000 -0.00000 0.00000 -0.00000 3.0492e-02 9.1966e-01 3.3013e-02 -2.5171e-04 4.0953e-01 -4.9576e-05 0.42292 0.44637 0.44134 -0.01470 -0.01627 0.01136 1.88307e-01 1.61507e-04 -5.7023104429e-01 -3.8176223371e-01
214.000 0.00000 -0.00000 0.00000 -0.00000 0.00000 -0.00000 1.9808e-02 9.1964e-01 -4.2623e-02 -2.5171e-04 4.0953e-01 -4.9576e-05 0.43245 0.44647 0.43172 -0.01021 0.02024 -0.01338 1.88307e-01 1.61797e-04 -5.7023145790e-01 -3.8176224904e-01
216.000 0.00000 0.00000 -0.00000 -0.00000 0.00000 -0.00000 -4.9307e-02 9.1960e-01 -4.1938e-03 -2.5171e-04 4.0953e-01 -4.9576e-05 0.43915 0.44659 0.42489 0.02332 0.00239 0.00952 1.88307e-01 1.62073e-04 -5.7023177058e-01 -3.8176226526e-01
218.000 -0.00000 0.00000 -0.00000 -0.00000 0.00000 -0.00000 1.3090e-02 9.1965e-01 4.8603e-02 -2.5171e-04 4.0953e-01 -4.9576e-05 0.42200 0.44663 0.44199 -0.00616 -0.02338 -0.00236 1.88307e-01 1.62267e-04 -5.7023195250e-01 -3.8176228239e-01
220.000 0.00000 0.00000 -0.00000 -0.00000 0.00000 -0.00000 4.1656e-02 9.1966e-01 -3.0561e-02 -2.5171e-04 4.0953e-01 -4.9576e-05 0.43947 0.44670 0.42446 -0.02032 0.01424 -0.00410 1.88307e-01 1.62311e-04 -5.7023197908e-01 -3.8176230038e-01
222.000 0.00000 0.00000 -0.00000 -0.00000 0.00000 -0.00000 -4.4512e-02 9.1960e-01 -3.0083e-02 -2.5171e-04 4.0953e-01 -4.9576e-05 0.43011 0.44681 0.43371 0.02076 0.01445 0.00660 1.88307e-01 1.62161e-04 -5.7023183549e-01 -3.8176231912e-01
224.000 -0.00000 0.00000 0.00000 -0.00000 0.00000 -0.00000 -1.4107e-02 9.1963e-01 5.2082e-02 -2.5171e-04 4.0953e-01 -4.9576e-05 0.42852 0.44682 0.43528 0.00654 -0.02477 -0.00430 1.88307e-01 1.61810e-04 -5.7023152042e-01 -3.8176233842e-01
226.000 -0.00000 0.00000 0.00000 -0.00000 0.00000 -0.00000 5.3399e-02 9.1967e-01 -4.9495e-03 -2.5171e-04 4.0953e-01 -4.9576e-05 0.43675 0.44680 0.42708 -0.02564 0.00229 -0.00080 1.88307e-01 1.61298e-04 -5.7023104809e-01 -3.8176235807e-01
228.000 0.00000 0.00000 -0.00000 -0.00000 0.00000 -0.00000 -2.3186e-02 9.1961e-01 -4.9094e-02 -2.5171e-04 4.0953e-01 -4.9576e-05 0.43016 0.44684 0.43363 0.01084 0.02322 0.00510 1.88307e-01 1.60701e-04 -5.7023044761e-01 -3.8176237779e-01
230.000 -0.00000 0.00000 0.00000 -0.00000 0.00000 -0.00000 -3.8532e-02 9.1962e-01 3.7233e-02 -2.5171e-04 4.0953e-01 -4.9576e-05 0.42803 0.44680 0.43580 0.01788 -0.01793 -0.00551 1.88307e-01 1.60113e-04 -5.7022975944e-01 -3.8176239728e-01
232.000 0.00000 0.00000 0.00000 -0.00000 0.00000 -0.00000 4.6463e-02 9.1966e-01 2.2404e-02 -2.5171e-04 4.0953e-01 -4.9576e-05 0.44032 0.44669 0.42362 -0.02255 -0.01044 0.00125 1.88307e-01 1.59620e-04 -5.7022902992e-01 -3.8176241626e-01
234.000 -0.00000 0.00000 0.00000 -0.00000 0.00000 -0.00000 4.2627e-03 9.1963e-01 -5.0573e-02 -2.5171e-04 4.0953e-01 -4.9576e-05 0.42355 0.44665 0.44044 -0.00193 0.02414 0.00564 1.88307e-01 1.59277e-04 -5.7022830499e-01 -3.8176243449e-01
236.000 0.00000 -0.00000 -0.00000 -0.00000 0.00000 -0.00000 -4.7925e-02 9.1960e-01 1.2539e-02 -2.5171e-04 4.0953e-01 -4.9576e-05 0.43534 0.44660 0.42871 0.02257 -0.00649 -0.01133 1.88306e-01 1.59103e-04 -5.7022762478e-01 -3.8176245180e-01
238.000 0.00000 -0.00000 0.00000 -0.00000 0.00000 -0.00000 2.7036e-02 9.1965e-01 3.8236e-02 -2.5171e-04 4.0953e-01 -4.9576e-05 0.43709 0.44646 0.42709 -0.01364 -0.01817 0.01233 1.88305e-01 1.59081e-04 -5.7022701996e-01 -3.8176246811e-01
240.000 -0.00000 0.00000 0.00000 -0.00000 0.00000 -0.00000 2.4247e-02 9.1963e-01 -3.8255e-02 -2.5171e-04 4.0953e-01 -4.9576e-05 0.41958 0.44640 0.44468 -0.01164 0.01864 -0.00736 1.88305e-01 1.59173e-04 -5.7022651024e-01 -3.8176248342e-01
242.000 0.00000 -0.00000 0.00000 -0.00000 0.00000 -0.00000 -4.3618e-02 9.1959e-01 -8.7831e-03 -2.5171e-04 4.0953e-01 -4.9576e-05 0.44760 0.44636 0.41669 0.02094 0.00384 -0.00183 1.88304e-01 1.59334e-04 -5.7022610474e-01 -3.8176249783e-01
244.000 -0.00000 -0.00000 -0.00000 -0.00000 0.00000 -0.00000 7.3431e-03 9.1963e-01 4.1754e-02 -2.5171e-04 4.0953e-01 -4.9576e-05 0.42032 0.44627 0.44407 -0.00414 -0.02031 0.01125 1.88304e-01 1.59523e-04 -5.7022580365e-01 -3.8176251148e-01
246.000 -0.00000 0.00000 -0.00000 -0.00000 0.00000 -0.00000 3.4324e-02 9.1963e-01 -2.2896e-02 -2.5171e-04 4.0953e-01 -4.9576e-05 0.43519 0.44623 0.42925 -0.01693 0.01125 -0.01661 1.88303e-01 1.59709e-04 -5.7022560039e-01 -3.8176252456e-01
248.000 0.00000 -0.00000 -0.00000 -0.00000 0.00000 -0.00000 -3.4645e-02 9.1959e-01 -2.3235e-02 -2.5171e-04 4.0953e-01 -4.9576e-05 0.43978 0.44625 0.42464 0.01668 0.01125 0.01534 1.88303e-01 1.59870e-04 -5.7022548377e-01 -3.8176253729e-01
250.000 -0.00000 -0.00000 0.00000 -0.00000 0.00000 -0.00000 -8.6891e-03 9.1961e-01 4.0265e-02 -2.5171e-04 4.0953e-01 -4.9576e-05 0.41702 0.44623 0.44742 0.00401 -0.01972 -0.00787 1.88303e-01 1.59994e-04 -5.7022543987e-01 -3.8176254989e-01
252.000 0.00000 -0.00000 -0.00000 -0.00000 0.00000 -0.00000 4.0300e-02 9.1964e-01 -8.2903e-03 -2.5171e-04 4.0953e-01 -4.9576e-05 0.44889 0.44622 0.41556 -0.01997 0.00381 -0.00262 1.88303e-01 1.60071e-04 -5.7022545341e-01 -3.8176256261e-01
254.000 0.00000 -0.00000 0.00000 -0.00000 0.00000 -0.00000 -2.4250e-02 9.1959e-01 -3.5537e-02 -2.5171e-04 4.0953e-01 -4.9576e-05 0.42071 0.44630 0.44365 0.01127 0.01740 0.01163 1.88303e-01 1.60093e-04 -5.7022550876e-01 -3.8176257565e-01
256.000 -0.00000 0.00000 -0.00000 -0.00000 0.00000 -0.00000 -2.5224e-02 9.1960e-01 3.6240e-02 -2.5171e-04 4.0953e-01 -4.9576e-05 0.43428 0.44635 0.43004 0.01225 -0.01742 -0.01541 1.88303e-01 1.60049e-04 -5.7022559062e-01 -3.8176258923e-01
258.000 -0.00000 -0.00000 -0.00000 -0.00000 0.00000 -0.00000 4.3870e-02 9.1964e-01 9.7370e-03 -2.5171e-04 4.0953e-01 -4.9576e-05 0.43925 0.44638 0.42503 -0.02136 -0.00516 0.01270 1.88303e-01 1.59928e-04 -5.7022568467e-01 -3.8176260351e-01
260.000 -0.00000 0.00000 -0.00000 -0.00000 0.00000 -0.00000 -7.7242e-03 9.1961e-01 -4.6823e-02 -2.5171e-04 4.0953e-01 -4.9576e-05 0.41988 0.44650 0.44429 0.00299 0.02252 -0.00525 1.88303e-01 1.59720e-04 -5.7022577815e-01 -3.8176261863e-01
262.000 -0.00000 0.00000 0.00000 -0.00000 0.00000 -0.00000 -4.3237e-02 9.1959e-01 2.4034e-02 -2.5171e-04 4.0953e-01 -4.9576e-05 0.44340 0.44660 0.42066 0.02066 -0.01119 -0.00310 1.88304e-01 1.59423e-04 -5.7022586066e-01 -3.8176263469e-01
264.000 -0.00000 0.00000 -0.00000 -0.00000 0.00000 -0.00000 3.8231e-02 9.1965e-01 3.2531e-02 -2.5171e-04 4.0953e-01 -4.9576e-05 0.42621 0.44663 0.43781 -0.01829 -0.01589 0.00834 1.88304e-01 1.59056e-04 -5.7022592496e-01 -3.8176265172e-01
266.000 0.00000 -0.00000 -0.00000 -0.00000 0.00000 -0.00000 1.7235e-02 9.1963e-01 -4.9128e-02 -2.5171e-04 4.0953e-01 -4.9576e-05 0.43090 0.44672 0.43304 -0.00880 0.02324 -0.00836 1.88305e-01 1.58657e-04 -5.7022596782e-01 -3.8176266966e-01
268.000 -0.00000 -0.00000 -0.00000 -0.00000 0.00000 -0.00000 -5.3829e-02 9.1959e-01 -1.7688e-04 -2.5171e-04 4.0953e-01 -4.9576e-05 0.43734 0.44682 0.42649 0.02533 0.00026 0.00396 1.88305e-01 1.58285e-04 -5.7022599051e-01 -3.8176268841e-01
270.000 0.00000 0.00000 -0.00000 -0.00000 0.00000 -0.00000 1.7594e-02 9.1964e-01 5.0703e-02 -2.5171e-04 4.0953e-01 -4.9576e-05 0.42679 0.44681 0.43706 -0.00853 -0.02418 0.00165 1.88305e-01 1.58011e-04 -5.7022599883e-01 -3.8176270775e-01
272.000 -0.00000 -0.00000 -0.00000 -0.00000 0.00000 -0.00000 4.1353e-02 9.1965e-01 -3.4452e-02 -2.5171e-04 4.0953e-01 -4.9576e-05 0.43281 0.44681 0.43102 -0.01992 0.01631 -0.00480 1.88305e-01 1.57899e-04 -5.7022600247e-01 -3.8176272741e-01
274.000 -0.00000 0.00000 -0.00000 -0.00000 0.00000 -0.00000 -4.6784e-02 9.1959e-01 -2.7895e-02 -2.5171e-04 4.0953e-01 -4.9576e-05 0.43614 0.44685 0.42766 0.02202 0.01309 0.00343 1.88305e-01 1.57985e-04 -5.7022601370e-01 -3.8176274708e-01
276.000 -0.00000 -0.00000 0.00000 -0.00000 0.00000 -0.00000 -1.0959e-02 9.1962e-01 5.2060e-02 -2.5171e-04 4.0953e-01 -4.9576e-05 0.42529 0.44678 0.43858 0.00470 -0.02486 0.00169 1.88305e-01 1.58267e-04 -5.7022604576e-01 -3.8176276642e-01
278.000 -0.00000 -0.00000 0.00000 -0.00000 0.00000 -0.00000 5.0898e-02 9.1965e-01 -7.9265e-03 -2.5171e-04 4.0953e-01 -4.9576e-05 0.43623 0.44670 0.42773 -0.02448 0.00404 -0.00742 1.88305e-01 1.58703e-04 -5.7022611117e-01 -3.8176278516e-01
280.000 -0.00000 0.00000 0.00000 -0.00000 0.00000 -0.00000 -2.4913e-02 9.1960e-01 -4.4451e-02 -2.5171e-04 4.0953e-01 -4.9576e-05 0.43418 0.44667 0.42980 0.01197 0.02099 0.01003 1.88304e-01 1.59225e-04 -5.7022622047e-01 -3.8176280306e-01
282.000 -0.00000 -0.00000 -0.00000 -0.00000 0.00000 -0.00000 -3.2505e-02 9.1960e-01 3.6916e-02 -2.5171e-04 4.0953e-01 -4.9576e-05 0.42262 0.44658 0.44145 0.01496 -0.01803 -0.00733 1.88304e-01 1.59752e-04 -5.7022638144e-01 -3.8176282001e-01
284.000 -0.00000 -0.00000 0.00000 -0.00000 0.00000 -0.00000 4.3728e-02 9.1965e-01 1.5975e-02 -2.5171e-04 4.0953e-01 -4.9576e-05 0.44550 0.44646 0.41870 -0.02146 -0.00732 -0.00009 1.88304e-01 1.60216e-04 -5.7022659886e-01 -3.8176283596e-01
286.000 -0.00000 -0.00000 -0.00000 -0.00000 0.00000 -0.00000 -1.5834e-03 9.1961e-01 -4.5487e-02 -2.5171e-04 4.0953e-01 -4.9576e-05 0.42059 0.44641 0.44366 0.00090 0.02191 0.00899 1.88303e-01 1.60574e-04 -5.7022687472e-01 -3.8176285097e-01
288.000 -0.00000 0.00000 -0.00000 -0.00000 0.00000 -0.00000 -4.0906e-02 9.1959e-01 1.6992e-02 -2.5171e-04 4.0953e-01 -4.9576e-05 0.43619 0.44636 0.42811 0.01941 -0.00864 -0.01510 1.88304e-01 1.60808e-04 -5.7022720848e-01 -3.8176286513e-01
290.000 0.00000 0.00000 -0.00000 -0.00000 0.00000 -0.00000 2.9556e-02 9.1964e-01 2.9913e-02 -2.5171e-04 4.0953e-01 -4.9576e-05 0.43826 0.44626 0.42614 -0.01485 -0.01440 0.01525 1.88304e-01 1.60929e-04 -5.7022759740e-01 -3.8176287862e-01
292.000 -0.00000 -0.00000 -0.00000 -0.00000 0.00000 -0.00000 1.5320e-02 9.1962e-01 -3.8586e-02 -2.5171e-04 4.0953e-01 -4.9576e-05 0.41787 0.44624 0.44655 -0.00761 0.01883 -0.00893 1.88304e-01 1.60966e-04 -5.7022803661e-01 -3.8176289163e-01
294.000 -0.00000 0.00000 -0.00000 -0.00000 0.00000 -0.00000 -4.1738e-02 9.1960e-01 8.4921e-05 -2.5171e-04 4.0953e-01 -4.9576e-05 0.44927 0.44625 0.41514 0.02012 -0.00015 -0.00134 1.88305e-01 1.60960e-04 -5.7022851900e-01 -3.8176290438e-01
296.000 0.00000 -0.00000 0.00000 -0.00000 0.00000 -0.00000 1.5573e-02 9.1964e-01 3.7808e-02 -2.5171e-04 4.0953e-01 -4.9576e-05 0.41928 0.44621 0.44517 -0.00783 -0.01855 0.01120 1.88305e-01 1.60955e-04 -5.7022903470e-01 -3.8176291710e-01
298.000 -0.00000 0.00000 0.00000 -0.00000 0.00000 -0.00000 2.8565e-02 9.1964e-01 -2.9997e-02 -2.5171e-04 4.0953e-01 -4.9576e-05 0.43595 0.44623 0.42847 -0.01435 0.01443 -0.01642 1.88306e-01 1.60991e-04 -5.7022957057e-01 -3.8176293000e-01
300.000 0.00000 -0.00000 -0.00000 -0.00000 0.00000 -0.00000 -4.0200e-02 9.1960e-01 -1.5999e-02 -2.5171e-04 4.0953e-01 -4.9576e-05 0.43871 0.44631 0.42563 0.01916 0.00800 0.01491 1.88306e-01 1.61098e-04 -5.7023010946e-01 -3.8176294329e-01
302.000 0.00000 0.00000 0.00000 -0.00000 0.00000 0.00000 -4.0400e-04 9.1964e-01 4.3924e-02 -2.5171e-04 4.0953e-01 -4.9576e-05 0.41867 0.44633 0.44564 0.00028 -0.02134 -0.00764 1.88306e-01 1.61285e-04 -5.7023062978e-01 -3.8176295716e-01
304.000 0.00000 0.00000 0.00000 -0.00000 0.00000 0.00000 4.1798e-02 9.1965e-01 -1.7082e-02 -2.5171e-04 4.0953e-01 -4.9576e-05 0.44648 0.44639 0.41777 -0.02060 0.00779 -0.00189 1.88307e-01 1.61543e-04 -5.7023110553e-01 -3.8176297176e-01
306.000 0.00000 0.00000 0.00000 -0.00000 0.00000 0.00000 -3.2887e-02 9.1961e-01 -3.4759e-02 -2.5171e-04 4.0953e-01 -4.9576e-05 0.42276 0.44651 0.44136 0.01520 0.01696 0.00934 1.88307e-01 1.61835e-04 -5.7023150720e-01 -3.8176298721e-01
308.000 -0.00000 0.00000 -0.00000 -0.00000 0.00000 0.00000 -2.2284e-02 9.1962e-01 4.3980e-02 -2.5171e-04 4.0953e-01 -4.9576e-05 0.43330 0.44658 0.43075 0.01078 -0.02094 -0.01161 1.88307e-01 1.62104e-04 -5.7023180371e-01 -3.8176300356e-01
310.000 0.00000 0.00000 0.00000 -0.00000 0.00000 0.00000 4.9979e-02 9.1966e-01 5.0445e-03 -2.5171e-04 4.0953e-01 -4.9576e-05 0.43759 0.44663 0.42641 -0.02410 -0.00285 0.00836 1.88307e-01 1.62281e-04 -5.7023196569e-01 -3.8176302081e-01
312.000 -0.00000 -0.00000 0.00000 -0.00000 0.00000 0.00000 -1.3448e-02 9.1962e-01 -5.0729e-02 -2.5171e-04 4.0953e-01 -4.9576e-05 0.42388 0.44674 0.44000 0.00581 0.02419 -0.00200 1.88307e-01 1.62300e-04 -5.7023196965e-01 -3.8176303891e-01
314.000 -0.00000 -0.00000 0.00000 -0.00000 0.00000 0.00000 -4.4685e-02 9.1961e-01 2.9827e-02 -2.5171e-04 4.0953e-01 -4.9576e-05 0.43745 0.44681 0.42637 0.02110 -0.01406 -0.00362 1.88307e-01 1.62122e-04 -5.7023180238e-01 -3.8176305773e-01
316.000 -0.00000 0.00000 -0.00000 -0.00000 0.00000 0.00000 4.3050e-02 9.1966e-01 3.1701e-02 -2.5171e-04 4.0953e-01 -4.9576e-05 0.43169 0.44679 0.43214 -0.02067 -0.01520 0.00534 1.88307e-01 1.61746e-04 -5.7023146464e-01 -3.8176307710e-01
318.000 0.00000 0.00000 -0.00000 -0.00000 0.00000 -0.00000 1.4770e-02 9.1963e-01 -5.2074e-02 -2.5171e-04 4.0953e-01 -4.9576e-05 0.42769 0.44683 0.43611 -0.00728 0.02468 -0.00248 1.88307e-01 1.61217e-04 -5.7023097280e-01 -3.8176309677e-01
320.000 -0.00000 -0.00000 -0.00000 -0.00000 0.00000 -0.00000 -5.4364e-02 9.1960e-01 2.9226e-03 -2.5171e-04 4.0953e-01 -4.9576e-05 0.43665 0.44685 0.42713 0.02555 -0.00158 -0.00283 1.88307e-01 1.60616e-04 -5.7023035776e-01 -3.8176311648e-01
322.000 0.00000 -0.00000 -0.00000 -0.00000 0.00000 -0.00000 2.0177e-02 9.1965e-01 4.8797e-02 -2.5171e-04 4.0953e-01 -4.9576e-05 0.43112 0.44676 0.43275 -0.01010 -0.02317 0.00693 1.88306e-01 1.60036e-04 -5.7022966117e-01 -3.8176313591e-01
324.000 0.00000 -0.00000 0.00000 -0.00000 0.00000 -0.00000 3.7497e-02 9.1965e-01 -3.5480e-02 -2.5171e-04 4.0953e-01 -4.9576e-05 0.42653 0.44670 0.43741 -0.01792 0.01710 -0.00674 1.88306e-01 1.59562e-04 -5.7022892965e-01 -3.8176315480e-01
326.000 -0.00000 -0.00000 -0.00000 -0.00000 0.00000 -0.00000 -4.5559e-02 9.1960e-01 -2.2983e-02 -2.5171e-04 4.0953e-01 -4.9576e-05 0.44224 0.44667 0.42173 0.02168 0.01057 0.00165 1.88306e-01 1.59242e-04 -5.7022820865e-01 -3.8176317291e-01
328.000 -0.00000 0.00000 0.00000 -0.00000 0.00000 -0.00000 -6.0689e-03 9.1963e-01 4.8358e-02 -2.5171e-04 4.0953e-01 -4.9576e-05 0.42167 0.44656 0.44242 0.00219 -0.02328 0.00611 1.88305e-01 1.59090e-04 -5.7022753719e-01 -3.8176319009e-01
330.000 -0.00000 -0.00000 0.00000 -0.00000 0.00000 -0.00000 4.4969e-02 9.1965e-01 -1.1775e-02 -2.5171e-04 4.0953e-01 -4.9576e-05 0.43700 0.44645 0.42720 -0.02180 0.00603 -0.01256 1.88305e-01 1.59086e-04 -5.7022694446e-01 -3.8176320626e-01
332.000 -0.00000 -0.00000 -0.00000 -0.00000 0.00000 -0.00000 -2.6945e-02 9.1960e-01 -3.6907e-02 -2.5171e-04 4.0953e-01 -4.9576e-05 0.43623 0.44642 0.42801 0.01307 0.01754 0.01411 1.88304e-01 1.59190e-04 -5.7022644867e-01 -3.8176322144e-01
334.000 -0.00000 -0.00000 -0.00000 -0.00000 0.00000 -0.00000 -2.4149e-02 9.1961e-01 3.6701e-02 -2.5171e-04 4.0953e-01 -4.9576e-05 0.41958 0.44634 0.44474 0.01112 -0.01805 -0.00938 1.88303e-01 1.59357e-04 -5.7022605761e-01 -3.8176323574e-01
336.000 0.00000 0.00000 0.00000 -0.00000 0.00000 -0.00000 4.1177e-02 9.1964e-01 7.6293e-03 -2.5171e-04 4.0953e-01 -4.9576e-05 0.44865 0.44625 0.41576 -0.02036 -0.00350 0.00003 1.88303e-01 1.59547e-04 -5.7022577040e-01 -3.8176324929e-01
338.000 0.00000 -0.00000 0.00000 -0.00000 0.00000 0.00000 -9.1992e-03 9.1960e-01 -4.0781e-02 -2.5171e-04 4.0953e-01 -4.9576e-05 0.41859 0.44625 0.44582 0.00436 0.01982 0.01002 1.88303e-01 1.59731e-04 -5.7022557972e-01 -3.8176326231e-01
340.000 -0.00000 -0.00000 0.00000 -0.00000 0.00000 -0.00000 -3.4400e-02 9.1959e-01 2.3319e-02 -2.5171e-04 4.0953e-01 -4.9576e-05 0.43729 0.44624 0.42713 0.01650 -0.01150 -0.01636 1.88302e-01 1.59887e-04 -5.7022547390e-01 -3.8176327501e-01
342.000 -0.00000 -0.00000 0.00000 -0.00000 0.00000 -0.00000 3.4197e-02 9.1963e-01 2.2049e-02 -2.5171e-04 4.0953e-01 -4.9576e-05 0.43782 0.44621 0.42664 -0.01694 -0.01088 0.01617 1.88302e-01 1.60005e-04 -5.7022543877e-01 -3.8176328762e-01
344.000 -0.00000 -0.00000 -0.00000 -0.00000 0.00000 -0.00000 6.5803e-03 9.1961e-01 -4.1275e-02 -2.5171e-04 4.0953e-01 -4.9576e-05 0.41838 0.44625 0.44604 -0.00370 0.02003 -0.00955 1.88302e-01 1.60075e-04 -5.7022545895e-01 -3.8176330036e-01
346.000 0.00000 0.00000 -0.00000 -0.00000 0.00000 -0.00000 -4.2316e-02 9.1958e-01 9.1872e-03 -2.5171e-04 4.0953e-01 -4.9576e-05 0.44840 0.44632 0.41595 0.02037 -0.00423 -0.00055 1.88302e-01 1.60089e-04 -5.7022551880e-01 -3.8176331347e-01
348.000 0.00000 0.00000 -0.00000 -0.00000 0.00000 -0.00000 2.4483e-02 9.1963e-01 3.6221e-02 -2.5171e-04 4.0953e-01 -4.9576e-05 0.42012 0.44633 0.44422 -0.01184 -0.01781 0.00966 1.88302e-01 1.60035e-04 -5.7022560315e-01 -3.8176332713e-01
350.000 -0.00000 -0.00000 0.00000 -0.00000 0.00000 -0.00000 2.4899e-02 9.1962e-01 -3.8115e-02 -2.5171e-04 4.0953e-01 -4.9576e-05 0.43567 0.44641 0.42858 -0.01265 0.01809 -0.01395 1.88302e-01 1.59903e-04 -5.7022569781e-01 -3.8176334152e-01
352.000 -0.00000 -0.00000 -0.00000 -0.00000 0.00000 -0.00000 -4.6910e-02 9.1958e-01 -1.0533e-02 -2.5171e-04 4.0953e-01 -4.9576e-05 0.43727 0.44653 0.42686 0.02217 0.00545 0.01200 1.88303e-01 1.59682e-04 -5.7022579034e-01 -3.8176335677e-01
354.000 -0.00000 0.00000 0.00000 -0.00000 0.00000 -0.00000 6.3443e-03 9.1962e-01 4.8670e-02 -2.5171e-04 4.0953e-01 -4.9576e-05 0.42180 0.44658 0.44228 -0.00290 -0.02342 -0.00541 1.88303e-01 1.59374e-04 -5.7022587069e-01 -3.8176337296e-01
356.000 0.00000 -0.00000 0.00000 -0.00000 0.00000 -0.00000 4.4207e-02 9.1964e-01 -2.4357e-02 -2.5171e-04 4.0953e-01 -4.9576e-05 0.44171 0.44665 0.42230 -0.02156 0.01123 -0.00210 1.88304e-01 1.59000e-04 -5.7022593214e-01 -3.8176339012e-01
358.000 -0.00000 -0.00000 0.00000 -0.00000 0.00000 -0.00000 -3.9764e-02 9.1959e-01 -3.4769e-02 -2.5171e-04 4.0953e-01 -4.9576e-05 0.42723 0.44677 0.43665 0.01845 0.01674 0.00668 1.88304e-01 1.58601e-04 -5.7022597206e-01 -3.8176340818e-01
360.000 -0.00000 0.00000 0.00000 -0.00000 0.00000 -0.00000 -2.0234e-02 9.1961e-01 4.9519e-02 -2.5171e-04 4.0953e-01 -4.9576e-05 0.43054 0.44680 0.43332 0.00954 -0.02353 -0.00636 1.88304e-01 1.58238e-04 -5.7022599234e-01 -3.8176342702e-01
362.000 0.00000 -0.00000 0.00000 -0.00000 0.00000 -0.00000 5.3426e-02 9.1965e-01 1.6780e-03 -2.5171e-04 4.0953e-01 -4.9576e-05 0.43679 0.44680 0.42706 -0.02565 -0.00095 0.00204 1.88305e-01 1.57983e-04 -5.7022599938e-01 -3.8176344643e-01
364.000 -0.00000 0.00000 -0.00000 -0.00000 0.00000 -0.00000 -1.7090e-02 9.1960e-01 -5.1711e-02 -2.5171e-04 4.0953e-01 -4.9576e-05 0.42814 0.44685 0.43566 0.00786 0.02450 0.00311 1.88305e-01 1.57896e-04 -5.7022600332e-01 -3.8176346611e-01
366.000 -0.00000 -0.00000 -0.00000 -0.00000 0.00000 -0.00000 -4.3331e-02 9.1960e-01 3.2618e-02 -2.5171e-04 4.0953e-01 -4.9576e-05 0.43088 0.44684 0.43293 0.02023 -0.01567 -0.00553 1.88305e-01 1.58010e-04 -5.7022601665e-01 -3.8176348574e-01
368.000 0.00000 -0.00000 0.00000 -0.00000 0.00000 -0.00000 4.4031e-02 9.1965e-01 2.8641e-02 -2.5171e-04 4.0953e-01 -4.9576e-05 0.43823 0.44675 0.42568 -0.02136 -0.01347 0.00330 1.88304e-01 1.58317e-04 -5.7022605260e-01 -3.8176350502e-01
370.000 0.00000 -0.00000 0.00000 -0.00000 0.00000 -0.00000 1.0998e-02 9.1962e-01 -5.0674e-02 -2.5171e-04 4.0953e-01 -4.9576e-05 0.42360 0.44672 0.44033 -0.00519 0.02418 0.00266 1.88304e-01 1.58770e-04 -5.7022612350e-01 -3.8176352365e-01
372.000 -0.00000 0.00000 0.00000 -0.00000 0.00000 -0.00000 -5.0520e-02 9.1959e-01 6.2834e-03 -2.5171e-04 4.0953e-01 -4.9576e-05 0.43734 0.44667 0.42664 0.02381 -0.00347 -0.00905 1.88303e-01 1.59296e-04 -5.7022623954e-01 -3.8176354143e-01
374.000 0.00000 -0.00000 -0.00000 -0.00000 0.00000 -0.00000 2.2120e-02 9.1963e-01 4.2935e-02 -2.5171e-04 4.0953e-01 -4.9576e-05 0.43393 0.44654 0.43019 -0.01127 -0.02043 0.01201 1.88303e-01 1.59818e-04 -5.7022640808e-01 -3.8176355824e-01
376.000 -0.00000 -0.00000 -0.00000 -0.00000 0.00000 -0.00000 3.0396e-02 9.1963e-01 -3.5312e-02 -2.5171e-04 4.0953e-01 -4.9576e-05 0.42217 0.44646 0.44202 -0.01458 0.01722 -0.00925 1.88303e-01 1.60270e-04 -5.7022663351e-01 -3.8176357406e-01
378.000 0.00000 0.00000 -0.00000 -0.00000 0.00000 -0.00000 -4.2993e-02 9.1958e-01 -1.5577e-02 -2.5171e-04 4.0953e-01 -4.9576e-05 0.44682 0.44642 0.41741 0.02064 0.00708 0.00140 1.88303e-01 1.60611e-04 -5.7022691745e-01 -3.8176358894e-01
380.000 -0.00000 -0.00000 -0.00000 -0.00000 0.00000 -0.00000 7.4698e-04 9.1962e-01 4.3489e-02 -2.5171e-04 4.0953e-01 -4.9576e-05 0.41873 0.44632 0.44560 -0.00100 -0.02113 0.00825 1.88303e-01 1.60829e-04 -5.7022725903e-01 -3.8176360300e-01
382.000 -0.00000 -0.00000 -0.00000 -0.00000 0.00000 -0.00000 3.8183e-02 9.1964e-01 -1.7278e-02 -2.5171e-04 4.0953e-01 -4.9576e-05 0.43835 0.44625 0.42605 -0.01876 0.00859 -0.01529 1.88303e-01 1.60936e-04 -5.7022765523e-01 -3.8176361641e-01
384.000 0.00000 -0.00000 0.00000 -0.00000 0.00000 -0.00000 -3.0648e-02 9.1959e-01 -2.8750e-02 -2.5171e-04 4.0953e-01 -4.9576e-05 0.43646 0.44626 0.42794 0.01478 0.01387 0.01638 1.88304e-01 1.60964e-04 -5.7022810089e-01 -3.8176362937e-01
386.000 0.00000 0.00000 0.00000 -0.00000 0.00000 -0.00000 -1.5220e-02 9.1961e-01 3.8340e-02 -2.5171e-04 4.0953e-01 -4.9576e-05 0.41890 0.44623 0.44553 0.00711 -0.01881 -0.01079 1.88304e-01 1.60956e-04 -5.7022858853e-01 -3.8176364210e-01
388.000 0.00000 -0.00000 -0.00000 -0.00000 0.00000 -0.00000 4.0667e-02 9.1965e-01 -1.4889e-03 -2.5171e-04 4.0953e-01 -4.9576e-05 0.44930 0.44620 0.41515 -0.02014 0.00058 0.00082 1.88304e-01 1.60955e-04 -5.7022910790e-01 -3.8176365483e-01
390.000 -0.00000 -0.00000 0.00000 -0.00000 0.00000 -0.00000 -1.7961e-02 9.1961e-01 -3.8167e-02 -2.5171e-04 4.0953e-01 -4.9576e-05 0.41823 0.44626 0.44616 0.00828 0.01864 0.00928 1.88305e-01 1.60999e-04 -5.7022964530e-01 -3.8176366777e-01
392.000 -0.00000 0.00000 0.00000 -0.00000 0.00000 -0.00000 -2.9830e-02 9.1961e-01 3.1210e-02 -2.5171e-04 4.0953e-01 -4.9576e-05 0.43765 0.44630 0.42669 0.01444 -0.01503 -0.01523 1.88305e-01 1.61117e-04 -5.7023018301e-01 -3.8176368113e-01
394.000 0.00000 -0.00000 0.00000 -0.00000 0.00000 -0.00000 4.0723e-02 9.1965e-01 1.5787e-02 -2.5171e-04 4.0953e-01 -4.9576e-05 0.43665 0.44632 0.42767 -0.01986 -0.00805 0.01471 1.88306e-01 1.61315e-04 -5.7023069881e-01 -3.8176369510e-01
396.000 -0.00000 0.00000 0.00000 -0.00000 0.00000 -0.00000 -9.6603e-04 9.1962e-01 -4.5981e-02 -2.5171e-04 4.0953e-01 -4.9576e-05 0.42052 0.44643 0.44369 -0.00025 0.02212 -0.00840 1.88306e-01 1.61580e-04 -5.7023116614e-01 -3.8176370981e-01
398.000 0.00000 0.00000 -0.00000 -0.00000 0.00000 -0.00000 -4.4843e-02 9.1960e-01 1.7438e-02 -2.5171e-04 4.0953e-01 -4.9576e-05 0.44502 0.44653 0.41908 0.02144 -0.00802 -0.00042 1.88306e-01 1.61873e-04 -5.7023155512e-01 -3.8176372538e-01
400.000 0.00000 0.00000 0.00000 -0.00000 0.00000 -0.00000 3.2693e-02 9.1965e-01 3.6400e-02 -2.5171e-04 4.0953e-01 -4.9576e-05 0.42332 0.44656 0.44074 -0.01562 -0.01776 0.00747 1.88306e-01 1.62133e-04 -5.7023183469e-01 -3.8176374185e-01
