# t x y z vx vy vz omx omy omz llx lly llz Ixx Iyy Izz Ixy Iyz Ixz KErot PEspr PEgrav Etot
0.000 -0.00000 -0.00000 0.00000 0.00000 -0.00000 -0.00000 2.9298e-02 9.2031e-01 -4.6622e-02 -2.5082e-04 4.0985e-01 -3.9273e-05 0.42995 0.44689 0.43166 -0.01409 0.02191 -0.00264 1.88590e-01 2.40325e-29 -5.7058071482e-01 -3.8199104329e-01
2.000 0.00000 -0.00000 0.00000 0.00000 -0.00000 0.00000 -5.3717e-02 9.1647e-01 -1.2782e-02 -2.5082e-04 4.0985e-01 -3.9273e-05 0.43210 0.44875 0.42478 0.02505 0.00585 -0.00052 1.87815e-01 7.54046e-04 -5.7126476965e-01 -3.8269593765e-01
4.004 0.00000 -0.00000 0.00000 0.00000 -0.00000 0.00000 5.1873e-03 9.1669e-01 5.3471e-02 -2.5082e-04 4.0985e-01 -3.9273e-05 0.42603 0.44858 0.43100 -0.00299 -0.02521 0.00518 1.87849e-01 7.18066e-04 -5.7126554429e-01 -3.8269854909e-01
6.004 -0.00000 0.00000 0.00000 -0.00000 -0.00000 0.00000 4.6816e-02 9.1670e-01 -2.2862e-02 -2.5082e-04 4.0985e-01 -3.9273e-05 0.42610 0.44850 0.43102 -0.02222 0.01109 -0.00757 1.87848e-01 7.19942e-04 -5.7126715673e-01 -3.8269935727e-01
8.004 -0.00000 -0.00000 0.00000 -0.00000 -0.00000 0.00000 -3.6831e-02 9.1664e-01 -3.5751e-02 -2.5082e-04 4.0985e-01 -3.9273e-05 0.43710 0.44847 0.42004 0.01750 0.01656 0.00542 1.87847e-01 7.22004e-04 -5.7126884919e-01 -3.8270012819e-01
10.000 0.00000 -0.00000 0.00000 -0.00000 -0.00000 0.00000 -2.0897e-02 9.1666e-01 4.4380e-02 -2.5082e-04 4.0985e-01 -3.9273e-05 0.41658 0.44835 0.44068 0.00918 -0.02136 0.00099 1.87846e-01 7.23251e-04 -5.7127052005e-01 -3.8270085394e-01
12.000 -0.00000 -0.00000 -0.00000 -0.00000 -0.00000 0.00000 4.6122e-02 9.1670e-01 3.1584e-03 -2.5082e-04 4.0985e-01 -3.9273e-05 0.43911 0.44822 0.41828 -0.02234 -0.00103 -0.00909 1.87846e-01 7.24256e-04 -5.7127204075e-01 -3.8270153562e-01
14.000 -0.00000 -0.00000 0.00000 -0.00000 -0.00000 0.00000 -1.3735e-02 9.1665e-01 -4.2823e-02 -2.5082e-04 4.0985e-01 -3.9273e-05 0.42531 0.44817 0.43214 0.00679 0.02037 0.01487 1.87846e-01 7.25336e-04 -5.7127331846e-01 -3.8270217127e-01
16.000 -0.00000 0.00000 -0.00000 -0.00000 -0.00000 0.00000 -3.3935e-02 9.1664e-01 2.6750e-02 -2.5082e-04 4.0985e-01 -3.9273e-05 0.42243 0.44809 0.43510 0.01581 -0.01330 -0.01516 1.87845e-01 7.26626e-04 -5.7127430335e-01 -3.8270276307e-01
18.000 -0.00000 -0.00000 -0.00000 -0.00000 -0.00000 0.00000 3.5540e-02 9.1668e-01 1.9896e-02 -2.5082e-04 4.0985e-01 -3.9273e-05 0.44349 0.44799 0.41414 -0.01767 -0.00939 0.00919 1.87844e-01 7.28044e-04 -5.7127498240e-01 -3.8270331620e-01
20.004 -0.00000 -0.00000 0.00000 -0.00000 -0.00000 0.00000 3.6552e-03 9.1665e-01 -4.0022e-02 -2.5082e-04 4.0985e-01 -3.9273e-05 0.41098 0.44797 0.44667 -0.00186 0.01946 0.00109 1.87842e-01 7.29353e-04 -5.7127537618e-01 -3.8270383980e-01
22.004 0.00000 0.00000 0.00000 0.00000 -0.00000 0.00000 -3.8436e-02 9.1662e-01 1.1502e-02 -2.5082e-04 4.0985e-01 -3.9273e-05 0.44300 0.44797 0.41465 0.01844 -0.00572 -0.01133 1.87841e-01 7.30248e-04 -5.7127553303e-01 -3.8270434250e-01
24.004 0.00000 0.00000 0.00000 0.00000 -0.00000 0.00000 2.5021e-02 9.1666e-01 3.0227e-02 -2.5082e-04 4.0985e-01 -3.9273e-05 0.42375 0.44794 0.43394 -0.01241 -0.01483 0.01741 1.87840e-01 7.30474e-04 -5.7127553080e-01 -3.8270483809e-01
26.004 -0.00000 -0.00000 0.00000 0.00000 -0.00000 0.00000 1.7647e-02 9.1665e-01 -3.6072e-02 -2.5082e-04 4.0985e-01 -3.9273e-05 0.42311 0.44797 0.43454 -0.00908 0.01738 -0.01688 1.87840e-01 7.29902e-04 -5.7127547044e-01 -3.8270534046e-01
28.004 0.00000 -0.00000 -0.00000 0.00000 -0.00000 0.00000 -4.1986e-02 9.1662e-01 -3.1302e-03 -2.5082e-04 4.0985e-01 -3.9273e-05 0.44266 0.44805 0.41491 0.02004 0.00184 0.01013 1.87841e-01 7.28591e-04 -5.7127547329e-01 -3.8270586379e-01
30.004 0.00000 0.00000 0.00000 0.00000 -0.00000 0.00000 1.2733e-02 9.1666e-01 4.1004e-02 -2.5082e-04 4.0985e-01 -3.9273e-05 0.41251 0.44808 0.44503 -0.00599 -0.01995 -0.00022 1.87842e-01 7.26808e-04 -5.7127567484e-01 -3.8270642145e-01
32.004 0.00000 -0.00000 -0.00000 0.00000 -0.00000 0.00000 3.4286e-02 9.1668e-01 -2.8794e-02 -2.5082e-04 4.0985e-01 -3.9273e-05 0.44110 0.44816 0.41636 -0.01704 0.01336 -0.00858 1.87844e-01 7.25005e-04 -5.7127621422e-01 -3.8270702469e-01
34.004 0.00000 0.00000 -0.00000 0.00000 -0.00000 0.00000 -4.1680e-02 9.1664e-01 -2.3385e-02 -2.5082e-04 4.0985e-01 -3.9273e-05 0.42418 0.44829 0.43313 0.01934 0.01159 0.01275 1.87846e-01 7.23728e-04 -5.7127721824e-01 -3.8270768130e-01
36.004 -0.00000 -0.00000 -0.00000 0.00000 -0.00000 0.00000 -8.3366e-03 9.1667e-01 4.8658e-02 -2.5082e-04 4.0985e-01 -3.9273e-05 0.42511 0.44837 0.43211 0.00419 -0.02308 -0.01118 1.87847e-01 7.23480e-04 -5.7127878041e-01 -3.8270839436e-01
38.000 -0.00000 -0.00000 -0.00000 0.00000 -0.00000 0.00000 4.9827e-02 9.1670e-01 -9.6659e-03 -2.5082e-04 4.0985e-01 -3.9273e-05 0.43651 0.44843 0.42063 -0.02394 0.00409 0.00561 1.87847e-01 7.24545e-04 -5.7128093297e-01 -3.8270915999e-01
40.000 -0.00000 0.00000 0.00000 0.00000 -0.00000 0.00000 -2.7396e-02 9.1665e-01 -4.5685e-02 -2.5082e-04 4.0985e-01 -3.9273e-05 0.42100 0.44856 0.43599 0.01234 0.02170 0.00061 1.87847e-01 7.26868e-04 -5.7128364631e-01 -3.8270997393e-01
42.000 0.00000 0.00000 0.00000 0.00000 -0.00000 0.00000 -3.5371e-02 9.1658e-01 4.1294e-02 -2.5082e-04 4.0985e-01 -3.9273e-05 0.43185 0.44866 0.42509 0.01657 -0.01935 -0.00405 1.87831e-01 7.31147e-04 -5.7127246158e-01 -3.8271026950e-01
44.000 -0.00000 0.00000 -0.00000 0.00000 -0.00000 0.00000 5.0628e-02 9.1663e-01 1.9289e-02 -2.5082e-04 4.0985e-01 -3.9273e-05 0.42965 0.44865 0.42728 -0.02407 -0.00921 0.00323 1.87832e-01 7.33407e-04 -5.7127551202e-01 -3.8271044720e-01
46.000 0.00000 -0.00000 0.00000 0.00000 -0.00000 0.00000 8.3569e-04 9.1660e-01 -5.4885e-02 -2.5082e-04 4.0985e-01 -3.9273e-05 0.42545 0.44868 0.43143 -0.00062 0.02579 0.00067 1.87834e-01 7.35065e-04 -5.7127925371e-01 -3.8271062448e-01
48.000 -0.00000 -0.00000 0.00000 0.00000 -0.00000 -0.00000 -5.2263e-02 9.1658e-01 1.6564e-02 -2.5082e-04 4.0985e-01 -3.9273e-05 0.42914 0.44868 0.42773 0.02428 -0.00803 -0.00454 1.87834e-01 7.37670e-04 -5.7128240097e-01 -3.8271080117e-01
50.000 0.00000 -0.00000 -0.00000 0.00000 -0.00000 -0.00000 3.1711e-02 9.1664e-01 4.2310e-02 -2.5082e-04 4.0985e-01 -3.9273e-05 0.43279 0.44857 0.42418 -0.01549 -0.01980 0.00522 1.87836e-01 7.38216e-04 -5.7128503113e-01 -3.8271097517e-01
52.000 0.00000 0.00000 0.00000 0.00000 -0.00000 -0.00000 2.7717e-02 9.1664e-01 -4.3475e-02 -2.5082e-04 4.0985e-01 -3.9273e-05 0.41968 0.44850 0.43735 -0.01303 0.02074 -0.00143 1.87838e-01 7.38153e-04 -5.7128705870e-01 -3.8271114365e-01
54.000 -0.00000 -0.00000 -0.00000 0.00000 -0.00000 -0.00000 -4.9197e-02 9.1660e-01 -1.1473e-02 -2.5082e-04 4.0985e-01 -3.9273e-05 0.43815 0.44844 0.41894 0.02318 0.00491 -0.00541 1.87839e-01 7.38324e-04 -5.7128834096e-01 -3.8271130574e-01
56.000 -0.00000 -0.00000 0.00000 0.00000 -0.00000 -0.00000 5.3831e-03 9.1664e-01 4.7442e-02 -2.5082e-04 4.0985e-01 -3.9273e-05 0.42343 0.44831 0.43380 -0.00337 -0.02256 0.01182 1.87839e-01 7.38846e-04 -5.7128888241e-01 -3.8271145876e-01
58.000 0.00000 0.00000 0.00000 0.00000 -0.00000 0.00000 3.9903e-02 9.1664e-01 -2.1515e-02 -2.5082e-04 4.0985e-01 -3.9273e-05 0.42556 0.44820 0.43178 -0.01913 0.01071 -0.01416 1.87837e-01 7.40129e-04 -5.7128868233e-01 -3.8271160201e-01
60.000 -0.00000 -0.00000 0.00000 0.00000 -0.00000 0.00000 -3.3699e-02 9.1658e-01 -2.8676e-02 -2.5082e-04 4.0985e-01 -3.9273e-05 0.44047 0.44816 0.41692 0.01625 0.01339 0.01055 1.87834e-01 7.42224e-04 -5.7128780616e-01 -3.8271173502e-01
62.000 -0.00000 0.00000 -0.00000 0.00000 -0.00000 0.00000 -1.4161e-02 9.1658e-01 3.9639e-02 -2.5082e-04 4.0985e-01 -3.9273e-05 0.41198 0.44808 0.44550 0.00617 -0.01934 -0.00189 1.87830e-01 7.44683e-04 -5.7128630802e-01 -3.8271185811e-01
64.000 -0.00000 -0.00000 0.00000 0.00000 -0.00000 0.00000 3.9964e-02 9.1659e-01 -2.5882e-03 -2.5082e-04 4.0985e-01 -3.9273e-05 0.44424 0.44800 0.41333 -0.01967 0.00149 -0.00845 1.87825e-01 7.47017e-04 -5.7128426440e-01 -3.8271197251e-01
66.000 -0.00000 -0.00000 -0.00000 0.00000 -0.00000 0.00000 -1.8218e-02 9.1653e-01 -3.5665e-02 -2.5082e-04 4.0985e-01 -3.9273e-05 0.42080 0.44802 0.43677 0.00872 0.01727 0.01618 1.87821e-01 7.48608e-04 -5.7128174167e-01 -3.8271208013e-01
68.000 0.00000 -0.00000 -0.00000 0.00000 -0.00000 0.00000 -2.6157e-02 9.1651e-01 2.9888e-02 -2.5082e-04 4.0985e-01 -3.9273e-05 0.42602 0.44801 0.43157 0.01247 -0.01463 -0.01798 1.87818e-01 7.48871e-04 -5.7127880751e-01 -3.8271218339e-01
70.000 0.00000 0.00000 -0.00000 0.00000 -0.00000 0.00000 3.7356e-02 9.1654e-01 1.1780e-02 -2.5082e-04 4.0985e-01 -3.9273e-05 0.44131 0.44799 0.41632 -0.01843 -0.00593 0.01305 1.87816e-01 7.47370e-04 -5.7127552975e-01 -3.8271228510e-01
72.000 -0.00000 0.00000 0.00000 0.00000 -0.00000 0.00000 -4.4515e-03 9.1651e-01 -4.0535e-02 -2.5082e-04 4.0985e-01 -3.9273e-05 0.41151 0.44806 0.44606 0.00157 0.01967 -0.00345 1.87816e-01 7.43899e-04 -5.7127198520e-01 -3.8271238827e-01
74.000 0.00000 0.00000 -0.00000 0.00000 -0.00000 0.00000 -3.7712e-02 9.1650e-01 1.9607e-02 -2.5082e-04 4.0985e-01 -3.9273e-05 0.44417 0.44813 0.41335 0.01815 -0.00917 -0.00683 1.87817e-01 7.38528e-04 -5.7126826614e-01 -3.8271249594e-01
76.000 0.00000 0.00000 -0.00000 0.00000 -0.00000 0.00000 3.2943e-02 9.1656e-01 2.8213e-02 -2.5082e-04 4.0985e-01 -3.9273e-05 0.42066 0.44815 0.43685 -0.01581 -0.01398 0.01360 1.87820e-01 7.31664e-04 -5.7126448865e-01 -3.8271261097e-01
78.004 -0.00000 -0.00000 0.00000 0.00000 -0.00000 0.00000 1.4140e-02 9.1656e-01 -4.3589e-02 -2.5082e-04 4.0985e-01 -3.9273e-05 0.42739 0.44825 0.43003 -0.00755 0.02063 -0.01442 1.87824e-01 7.24020e-04 -5.7126078860e-01 -3.8271273599e-01
80.004 0.00000 -0.00000 -0.00000 0.00000 -0.00000 0.00000 -4.8593e-02 9.1655e-01 1.6412e-03 -2.5082e-04 4.0985e-01 -3.9273e-05 0.43712 0.44838 0.42019 0.02288 -0.00028 0.00964 1.87828e-01 7.16600e-04 -5.7125734860e-01 -3.8271287208e-01
82.004 -0.00000 0.00000 0.00000 0.00000 -0.00000 0.00000 1.8470e-02 9.1661e-01 4.6292e-02 -2.5082e-04 4.0985e-01 -3.9273e-05 0.41792 0.44843 0.43934 -0.00858 -0.02219 -0.00222 1.87831e-01 7.10441e-04 -5.7125434079e-01 -3.8271301995e-01
84.004 0.00000 -0.00000 0.00000 0.00000 -0.00000 0.00000 3.7961e-02 9.1662e-01 -3.4975e-02 -2.5082e-04 4.0985e-01 -3.9273e-05 0.43650 0.44851 0.42068 -0.01850 0.01617 -0.00397 1.87832e-01 7.06429e-04 -5.7125193511e-01 -3.8271317870e-01
86.004 -0.00000 0.00000 0.00000 0.00000 -0.00000 0.00000 -4.7626e-02 9.1657e-01 -2.5400e-02 -2.5082e-04 4.0985e-01 -3.9273e-05 0.42606 0.44864 0.43100 0.02203 0.01222 0.00611 1.87832e-01 7.05030e-04 -5.7125026373e-01 -3.8271334615e-01
88.004 0.00000 0.00000 0.00000 0.00000 -0.00000 0.00000 -8.9831e-03 9.1659e-01 5.3683e-02 -2.5082e-04 4.0985e-01 -3.9273e-05 0.42647 0.44867 0.43056 0.00414 -0.02530 -0.00391 1.87830e-01 7.06128e-04 -5.7124939441e-01 -3.8271351912e-01
90.004 -0.00000 0.00000 0.00000 0.00000 -0.00000 0.00000 5.3402e-02 9.1660e-01 -9.9634e-03 -2.5082e-04 4.0985e-01 -3.9273e-05 0.43146 0.44867 0.42556 -0.02542 0.00461 -0.00041 1.87827e-01 7.09055e-04 -5.7124931437e-01 -3.8271369401e-01
92.004 0.00000 -0.00000 0.00000 0.00000 -0.00000 0.00000 -2.7613e-02 9.1653e-01 -4.7638e-02 -2.5082e-04 4.0985e-01 -3.9273e-05 0.42852 0.44872 0.42845 0.01282 0.02233 0.00348 1.87823e-01 7.12823e-04 -5.7124993121e-01 -3.8271386746e-01
94.004 0.00000 0.00000 -0.00000 0.00000 -0.00000 0.00000 -3.5991e-02 9.1652e-01 4.0642e-02 -2.5082e-04 4.0985e-01 -3.9273e-05 0.42385 0.44868 0.43315 0.01649 -0.01936 -0.00279 1.87821e-01 7.16475e-04 -5.7125109093e-01 -3.8271403672e-01
96.004 0.00000 0.00000 -0.00000 0.00000 -0.00000 0.00000 4.8515e-02 9.1657e-01 1.9254e-02 -2.5082e-04 4.0985e-01 -3.9273e-05 0.43600 0.44857 0.42111 -0.02331 -0.00879 -0.00179 1.87819e-01 7.19386e-04 -5.7125260667e-01 -3.8271419978e-01
98.004 -0.00000 -0.00000 -0.00000 0.00000 -0.00000 0.00000 9.9931e-04 9.1653e-01 -5.1164e-02 -2.5082e-04 4.0985e-01 -3.9273e-05 0.42272 0.44852 0.43443 -0.00030 0.02420 0.00787 1.87819e-01 7.21392e-04 -5.7125428862e-01 -3.8271435524e-01
100.004 -0.00000 -0.00000 0.00000 0.00000 -0.00000 0.00000 -4.7219e-02 9.1651e-01 1.5388e-02 -2.5082e-04 4.0985e-01 -3.9273e-05 0.42838 0.44845 0.42885 0.02200 -0.00785 -0.01182 1.87819e-01 7.22711e-04 -5.7125596760e-01 -3.8271450218e-01
102.004 0.00000 0.00000 0.00000 0.00000 -0.00000 0.00000 2.8980e-02 9.1656e-01 3.6554e-02 -2.5082e-04 4.0985e-01 -3.9273e-05 0.43699 0.44830 0.42038 -0.01452 -0.01715 0.01077 1.87819e-01 7.23731e-04 -5.7125750895e-01 -3.8271464001e-01
104.004 0.00000 -0.00000 -0.00000 0.00000 -0.00000 0.00000 2.1993e-02 9.1655e-01 -3.9006e-02 -2.5082e-04 4.0985e-01 -3.9273e-05 0.41427 0.44822 0.44319 -0.01040 0.01892 -0.00427 1.87819e-01 7.24796e-04 -5.7125881810e-01 -3.8271476861e-01
106.004 -0.00000 0.00000 -0.00000 0.00000 -0.00000 0.00000 -4.3144e-02 9.1651e-01 -6.4567e-03 -2.5082e-04 4.0985e-01 -3.9273e-05 0.44413 0.44817 0.41338 0.02060 0.00262 -0.00535 1.87819e-01 7.26066e-04 -5.7125984044e-01 -3.8271488833e-01
108.004 0.00000 -0.00000 -0.00000 0.00000 -0.00000 0.00000 9.2143e-03 9.1654e-01 4.0185e-02 -2.5082e-04 4.0985e-01 -3.9273e-05 0.41882 0.44807 0.43880 -0.00510 -0.01942 0.01401 1.87818e-01 7.27482e-04 -5.7126055847e-01 -3.8271500014e-01
110.004 0.00000 0.00000 0.00000 0.00000 -0.00000 0.00000 3.1899e-02 9.1654e-01 -2.3924e-02 -2.5082e-04 4.0985e-01 -3.9273e-05 0.42896 0.44802 0.42871 -0.01567 0.01177 -0.01782 1.87817e-01 7.28819e-04 -5.7126098824e-01 -3.8271510562e-01
112.004 0.00000 0.00000 -0.00000 0.00000 -0.00000 0.00000 -3.4648e-02 9.1650e-01 -2.0334e-02 -2.5082e-04 4.0985e-01 -3.9273e-05 0.43913 0.44803 0.41852 0.01666 0.00981 0.01490 1.87816e-01 7.29781e-04 -5.7126117595e-01 -3.8271520684e-01
114.004 0.00000 0.00000 -0.00000 0.00000 -0.00000 0.00000 -5.7816e-03 9.1652e-01 3.9189e-02 -2.5082e-04 4.0985e-01 -3.9273e-05 0.41182 0.44801 0.44586 0.00259 -0.01915 -0.00628 1.87816e-01 7.30099e-04 -5.7126119512e-01 -3.8271530632e-01
116.004 -0.00000 0.00000 0.00000 0.00000 -0.00000 0.00000 3.8192e-02 9.1654e-01 -1.0801e-02 -2.5082e-04 4.0985e-01 -3.9273e-05 0.44612 0.44801 0.41155 -0.01892 0.00500 -0.00455 1.87816e-01 7.29625e-04 -5.7126114379e-01 -3.8271540684e-01
118.004 -0.00000 -0.00000 0.00000 0.00000 -0.00000 0.00000 -2.6098e-02 9.1651e-01 -3.2606e-02 -2.5082e-04 4.0985e-01 -3.9273e-05 0.41766 0.44810 0.43994 0.01209 0.01598 0.01320 1.87817e-01 7.28396e-04 -5.7126114096e-01 -3.8271551124e-01
120.004 -0.00000 0.00000 -0.00000 0.00000 -0.00000 0.00000 -2.1816e-02 9.1652e-01 3.7230e-02 -2.5082e-04 4.0985e-01 -3.9273e-05 0.43015 0.44815 0.42738 0.01063 -0.01779 -0.01632 1.87819e-01 7.26654e-04 -5.7126132058e-01 -3.8271562224e-01
122.004 -0.00000 -0.00000 0.00000 0.00000 -0.00000 0.00000 4.3871e-02 9.1657e-01 6.1914e-03 -2.5082e-04 4.0985e-01 -3.9273e-05 0.43650 0.44819 0.42098 -0.02125 -0.00351 0.01309 1.87821e-01 7.24833e-04 -5.7126182161e-01 -3.8271574215e-01
124.004 -0.00000 -0.00000 0.00000 0.00000 -0.00000 0.00000 -1.1131e-02 9.1654e-01 -4.5856e-02 -2.5082e-04 4.0985e-01 -3.9273e-05 0.41609 0.44832 0.44126 0.00450 0.02197 -0.00549 1.87823e-01 7.23474e-04 -5.7126277272e-01 -3.8271587263e-01
126.004 0.00000 -0.00000 0.00000 0.00000 -0.00000 0.00000 -4.1477e-02 9.1654e-01 2.7026e-02 -2.5082e-04 4.0985e-01 -3.9273e-05 0.44026 0.44843 0.41697 0.01973 -0.01246 -0.00269 1.87825e-01 7.23091e-04 -5.7126427172e-01 -3.8271601440e-01
128.004 -0.00000 -0.00000 -0.00000 0.00000 -0.00000 0.00000 4.0536e-02 9.1660e-01 3.0190e-02 -2.5082e-04 4.0985e-01 -3.9273e-05 0.42226 0.44847 0.43491 -0.01920 -0.01471 0.00771 1.87826e-01 7.24006e-04 -5.7126636266e-01 -3.8271616715e-01
130.004 0.00000 -0.00000 -0.00000 0.00000 -0.00000 0.00000 1.4530e-02 9.1657e-01 -5.0591e-02 -2.5082e-04 4.0985e-01 -3.9273e-05 0.42850 0.44858 0.42855 -0.00750 0.02374 -0.00781 1.87826e-01 7.26202e-04 -5.7126901592e-01 -3.8271632951e-01
132.004 0.00000 0.00000 -0.00000 0.00000 -0.00000 0.00000 -5.4445e-02 9.1654e-01 2.6048e-03 -2.5082e-04 4.0985e-01 -3.9273e-05 0.43235 0.44868 0.42457 0.02540 -0.00101 0.00396 1.87826e-01 7.29284e-04 -5.7127211907e-01 -3.8271649931e-01
134.004 0.00000 -0.00000 -0.00000 0.00000 -0.00000 0.00000 2.0102e-02 9.1659e-01 5.0533e-02 -2.5082e-04 4.0985e-01 -3.9273e-05 0.42492 0.44867 0.43199 -0.00963 -0.02388 0.00075 1.87826e-01 7.32582e-04 -5.7127548441e-01 -3.8271667399e-01
136.004 -0.00000 0.00000 -0.00000 0.00000 -0.00000 0.00000 4.0513e-02 9.1659e-01 -3.6407e-02 -2.5082e-04 4.0985e-01 -3.9273e-05 0.42830 0.44867 0.42859 -0.01932 0.01711 -0.00298 1.87827e-01 7.35391e-04 -5.7127887447e-01 -3.8271685091e-01
138.004 0.00000 0.00000 0.00000 0.00000 -0.00000 0.00000 -4.8044e-02 9.1654e-01 -2.6641e-02 -2.5082e-04 4.0985e-01 -3.9273e-05 0.43260 0.44870 0.42425 0.02244 0.01235 0.00114 1.87828e-01 7.37238e-04 -5.7128203956e-01 -3.8271702759e-01
140.004 -0.00000 0.00000 -0.00000 0.00000 -0.00000 0.00000 -9.6636e-03 9.1658e-01 5.2564e-02 -2.5082e-04 4.0985e-01 -3.9273e-05 0.42315 0.44861 0.43378 0.00398 -0.02488 0.00370 1.87829e-01 7.38059e-04 -5.7128475647e-01 -3.8271720173e-01
142.004 0.00000 -0.00000 -0.00000 0.00000 0.00000 0.00000 5.0675e-02 9.1662e-01 -8.9277e-03 -2.5082e-04 4.0985e-01 -3.9273e-05 0.43053 0.44851 0.42650 -0.02416 0.00458 -0.00845 1.87831e-01 7.38195e-04 -5.7128685712e-01 -3.8271737117e-01
144.004 0.00000 0.00000 0.00000 0.00000 -0.00000 0.00000 -2.5404e-02 9.1658e-01 -4.3699e-02 -2.5082e-04 4.0985e-01 -3.9273e-05 0.43314 0.44846 0.42393 0.01220 0.02044 0.00973 1.87832e-01 7.38213e-04 -5.7128824109e-01 -3.8271753388e-01
146.004 0.00000 -0.00000 -0.00000 0.00000 -0.00000 0.00000 -3.1569e-02 9.1658e-01 3.6760e-02 -2.5082e-04 4.0985e-01 -3.9273e-05 0.41735 0.44836 0.43983 0.01434 -0.01788 -0.00585 1.87833e-01 7.38666e-04 -5.7128887229e-01 -3.8271768811e-01
148.004 -0.00000 0.00000 -0.00000 0.00000 0.00000 0.00000 4.2879e-02 9.1662e-01 1.5184e-02 -2.5082e-04 4.0985e-01 -3.9273e-05 0.44282 0.44822 0.41450 -0.02095 -0.00681 -0.00215 1.87831e-01 7.39881e-04 -5.7128876521e-01 -3.8271783261e-01
150.004 0.00000 -0.00000 0.00000 0.00000 0.00000 0.00000 -2.0004e-03 9.1657e-01 -4.4070e-02 -2.5082e-04 4.0985e-01 -3.9273e-05 0.41749 0.44817 0.43988 0.00116 0.02113 0.01095 1.87828e-01 7.41862e-04 -5.7128796740e-01 -3.8271796684e-01
152.004 0.00000 0.00000 -0.00000 0.00000 0.00000 0.00000 -3.9198e-02 9.1654e-01 1.6864e-02 -2.5082e-04 4.0985e-01 -3.9273e-05 0.43167 0.44812 0.42577 0.01849 -0.00858 -0.01648 1.87824e-01 7.44304e-04 -5.7128654340e-01 -3.8271809110e-01
154.000 0.00000 -0.00000 0.00000 0.00000 -0.00000 0.00000 2.8670e-02 9.1656e-01 2.8307e-02 -2.5082e-04 4.0985e-01 -3.9273e-05 0.43607 0.44803 0.42148 -0.01441 -0.01356 0.01594 1.87820e-01 7.46682e-04 -5.7128456763e-01 -3.8271820626e-01
156.000 0.00000 0.00000 0.00000 0.00000 -0.00000 0.00000 1.3929e-02 9.1652e-01 -3.7156e-02 -2.5082e-04 4.0985e-01 -3.9273e-05 0.41326 0.44801 0.44432 -0.00692 0.01811 -0.00911 1.87815e-01 7.48394e-04 -5.7128210112e-01 -3.8271831459e-01
158.000 0.00000 -0.00000 -0.00000 0.00000 0.00000 0.00000 -3.9966e-02 9.1648e-01 1.1109e-03 -2.5082e-04 4.0985e-01 -3.9273e-05 0.44690 0.44804 0.41066 0.01922 -0.00060 -0.00147 1.87812e-01 7.48847e-04 -5.7127921427e-01 -3.8271841825e-01
160.000 -0.00000 -0.00000 -0.00000 0.00000 -0.00000 0.00000 1.6120e-02 9.1650e-01 3.5895e-02 -2.5082e-04 4.0985e-01 -3.9273e-05 0.41487 0.44801 0.44273 -0.00802 -0.01759 0.01154 1.87810e-01 7.47583e-04 -5.7127597506e-01 -3.8271851999e-01
162.000 -0.00000 -0.00000 0.00000 0.00000 -0.00000 0.00000 2.6647e-02 9.1650e-01 -3.0079e-02 -2.5082e-04 4.0985e-01 -3.9273e-05 0.43349 0.44805 0.42410 -0.01344 0.01437 -0.01705 1.87809e-01 7.44357e-04 -5.7127245863e-01 -3.8271862281e-01
164.000 -0.00000 -0.00000 -0.00000 0.00000 -0.00000 0.00000 -3.9958e-02 9.1647e-01 -1.4206e-02 -2.5082e-04 4.0985e-01 -3.9273e-05 0.43447 0.44814 0.42304 0.01892 0.00721 0.01597 1.87811e-01 7.39208e-04 -5.7126875519e-01 -3.8271872977e-01
166.000 0.00000 0.00000 0.00000 0.00000 -0.00000 -0.00000 1.1426e-03 9.1651e-01 4.3496e-02 -2.5082e-04 4.0985e-01 -3.9273e-05 0.41566 0.44818 0.44182 -0.00036 -0.02100 -0.00914 1.87814e-01 7.32498e-04 -5.7126497758e-01 -3.8271884374e-01
168.000 0.00000 0.00000 0.00000 0.00000 -0.00000 -0.00000 4.1271e-02 9.1655e-01 -1.8367e-02 -2.5082e-04 4.0985e-01 -3.9273e-05 0.44338 0.44824 0.41405 -0.02024 0.00826 -0.00015 1.87817e-01 7.24919e-04 -5.7126126567e-01 -3.8271896717e-01
170.000 -0.00000 -0.00000 0.00000 0.00000 -0.00000 -0.00000 -3.4004e-02 9.1652e-01 -3.4232e-02 -2.5082e-04 4.0985e-01 -3.9273e-05 0.41817 0.44837 0.43914 0.01553 0.01665 0.00777 1.87821e-01 7.17420e-04 -5.7125778452e-01 -3.8271910178e-01
172.000 0.00000 -0.00000 0.00000 0.00000 0.00000 -0.00000 -2.1871e-02 9.1655e-01 4.5012e-02 -2.5082e-04 4.0985e-01 -3.9273e-05 0.43181 0.44845 0.42542 0.01056 -0.02119 -0.01071 1.87824e-01 7.11056e-04 -5.7125471330e-01 -3.8271924816e-01
174.000 -0.00000 0.00000 0.00000 0.00000 0.00000 -0.00000 5.0965e-02 9.1660e-01 4.7753e-03 -2.5082e-04 4.0985e-01 -3.9273e-05 0.43194 0.44850 0.42525 -0.02433 -0.00273 0.00847 1.87826e-01 7.06745e-04 -5.7125222461e-01 -3.8271940561e-01
176.000 0.00000 -0.00000 0.00000 0.00000 -0.00000 -0.00000 -1.3632e-02 9.1655e-01 -5.1735e-02 -2.5082e-04 4.0985e-01 -3.9273e-05 0.42244 0.44863 0.43463 0.00583 0.02444 -0.00320 1.87826e-01 7.05018e-04 -5.7125045684e-01 -3.8271957209e-01
178.000 -0.00000 -0.00000 0.00000 0.00000 0.00000 -0.00000 -4.5815e-02 9.1653e-01 2.9969e-02 -2.5082e-04 4.0985e-01 -3.9273e-05 0.43287 0.44870 0.42413 0.02142 -0.01399 -0.00161 1.87824e-01 7.05834e-04 -5.7124948684e-01 -3.8271974449e-01
180.000 -0.00000 0.00000 0.00000 0.00000 0.00000 -0.00000 4.3153e-02 9.1657e-01 3.3008e-02 -2.5082e-04 4.0985e-01 -3.9273e-05 0.42837 0.44868 0.42864 -0.02055 -0.01562 0.00306 1.87821e-01 7.08584e-04 -5.7124931211e-01 -3.8271991927e-01
182.000 -0.00000 -0.00000 -0.00000 0.00000 0.00000 -0.00000 1.6237e-02 9.1653e-01 -5.2196e-02 -2.5082e-04 4.0985e-01 -3.9273e-05 0.42522 0.44871 0.43176 -0.00784 0.02455 -0.00050 1.87817e-01 7.12303e-04 -5.7124984941e-01 -3.8272009300e-01
184.000 0.00000 0.00000 -0.00000 0.00000 0.00000 -0.00000 -5.4638e-02 9.1648e-01 1.2929e-03 -2.5082e-04 4.0985e-01 -3.9273e-05 0.43160 0.44872 0.42537 0.02546 -0.00089 -0.00409 1.87815e-01 7.16010e-04 -5.7125095093e-01 -3.8272026283e-01
186.000 0.00000 -0.00000 -0.00000 0.00000 0.00000 -0.00000 1.8358e-02 9.1652e-01 4.9334e-02 -2.5082e-04 4.0985e-01 -3.9273e-05 0.42959 0.44861 0.42748 -0.00927 -0.02320 0.00731 1.87813e-01 7.19029e-04 -5.7125243220e-01 -3.8272042667e-01
188.000 -0.00000 0.00000 -0.00000 0.00000 0.00000 -0.00000 3.8358e-02 9.1652e-01 -3.3531e-02 -2.5082e-04 4.0985e-01 -3.9273e-05 0.42144 0.44853 0.43571 -0.01814 0.01616 -0.00635 1.87812e-01 7.21141e-04 -5.7125410239e-01 -3.8272058307e-01
190.000 0.00000 0.00000 -0.00000 0.00000 0.00000 -0.00000 -4.3653e-02 9.1647e-01 -2.4244e-02 -2.5082e-04 4.0985e-01 -3.9273e-05 0.44015 0.44848 0.41705 0.02071 0.01103 0.00075 1.87813e-01 7.22525e-04 -5.7125578881e-01 -3.8272073104e-01
192.000 -0.00000 -0.00000 -0.00000 0.00000 0.00000 -0.00000 -7.8033e-03 9.1650e-01 4.6675e-02 -2.5082e-04 4.0985e-01 -3.9273e-05 0.41743 0.44835 0.43990 0.00291 -0.02238 0.00729 1.87813e-01 7.23561e-04 -5.7125735217e-01 -3.8272086996e-01
194.000 0.00000 -0.00000 0.00000 0.00000 0.00000 -0.00000 4.3651e-02 9.1653e-01 -9.6164e-03 -2.5082e-04 4.0985e-01 -3.9273e-05 0.43410 0.44823 0.42335 -0.02109 0.00506 -0.01391 1.87813e-01 7.24608e-04 -5.7125869290e-01 -3.8272099964e-01
196.000 0.00000 0.00000 -0.00000 0.00000 0.00000 -0.00000 -2.4560e-02 9.1649e-01 -3.6099e-02 -2.5082e-04 4.0985e-01 -3.9273e-05 0.43279 0.44819 0.42470 0.01194 0.01710 0.01562 1.87813e-01 7.25850e-04 -5.7125975162e-01 -3.8272112037e-01
198.000 0.00000 0.00000 0.00000 0.00000 0.00000 -0.00000 -2.3974e-02 9.1649e-01 3.4318e-02 -2.5082e-04 4.0985e-01 -3.9273e-05 0.41571 0.44811 0.44186 0.01101 -0.01688 -0.01101 1.87812e-01 7.27256e-04 -5.7126050650e-01 -3.8272123306e-01
200.000 0.00000 -0.00000 -0.00000 0.00000 0.00000 -0.00000 3.8996e-02 9.1652e-01 8.0614e-03 -2.5082e-04 4.0985e-01 -3.9273e-05 0.44652 0.44803 0.41114 -0.01929 -0.00372 0.00154 1.87811e-01 7.28616e-04 -5.7126096972e-01 -3.8272133918e-01
202.000 -0.00000 0.00000 -0.00000 0.00000 0.00000 -0.00000 -8.3574e-03 9.1648e-01 -3.9007e-02 -2.5082e-04 4.0985e-01 -3.9273e-05 0.41317 0.44804 0.44448 0.00388 0.01896 0.00906 1.87810e-01 7.29637e-04 -5.7126118401e-01 -3.8272144079e-01
204.000 0.00000 0.00000 -0.00000 0.00000 0.00000 -0.00000 -3.3208e-02 9.1647e-01 2.2317e-02 -2.5082e-04 4.0985e-01 -3.9273e-05 0.43645 0.44804 0.42120 0.01594 -0.01090 -0.01646 1.87810e-01 7.30042e-04 -5.7126121977e-01 -3.8272154034e-01
206.000 -0.00000 0.00000 -0.00000 0.00000 0.00000 -0.00000 3.3271e-02 9.1651e-01 2.1455e-02 -2.5082e-04 4.0985e-01 -3.9273e-05 0.43200 0.44802 0.42567 -0.01637 -0.01065 0.01763 1.87810e-01 7.29666e-04 -5.7126117232e-01 -3.8272164058e-01
208.000 0.00000 -0.00000 0.00000 0.00000 0.00000 -0.00000 6.4130e-03 9.1649e-01 -4.0680e-02 -2.5082e-04 4.0985e-01 -3.9273e-05 0.41648 0.44809 0.44112 -0.00373 0.01962 -0.01223 1.87811e-01 7.28519e-04 -5.7126115841e-01 -3.8272174437e-01
210.000 0.00000 -0.00000 0.00000 0.00000 0.00000 -0.00000 -4.2284e-02 9.1648e-01 9.1687e-03 -2.5082e-04 4.0985e-01 -3.9273e-05 0.44502 0.44817 0.41249 0.02023 -0.00404 0.00273 1.87813e-01 7.26821e-04 -5.7126131066e-01 -3.8272185445e-01
212.000 0.00000 0.00000 -0.00000 0.00000 0.00000 -0.00000 2.4526e-02 9.1653e-01 3.6828e-02 -2.5082e-04 4.0985e-01 -3.9273e-05 0.41493 0.44821 0.44254 -0.01165 -0.01800 0.00673 1.87815e-01 7.24986e-04 -5.7126176814e-01 -3.8272197319e-01
214.000 -0.00000 0.00000 -0.00000 0.00000 0.00000 -0.00000 2.6027e-02 9.1654e-01 -3.8505e-02 -2.5082e-04 4.0985e-01 -3.9273e-05 0.43528 0.44830 0.42209 -0.01315 0.01804 -0.01226 1.87817e-01 7.23547e-04 -5.7126266165e-01 -3.8272210234e-01
216.000 0.00000 0.00000 0.00000 0.00000 0.00000 -0.00000 -4.7927e-02 9.1650e-01 -1.1987e-02 -2.5082e-04 4.0985e-01 -3.9273e-05 0.43033 0.44844 0.42690 0.02239 0.00617 0.01205 1.87819e-01 7.23031e-04 -5.7126409377e-01 -3.8272224275e-01
218.000 -0.00000 0.00000 0.00000 0.00000 0.00000 -0.00000 4.7808e-03 9.1655e-01 5.0455e-02 -2.5082e-04 4.0985e-01 -3.9273e-05 0.42128 0.44850 0.43586 -0.00208 -0.02400 -0.00713 1.87820e-01 7.23788e-04 -5.7126611592e-01 -3.8272239423e-01
220.000 -0.00000 -0.00000 0.00000 0.00000 0.00000 -0.00000 4.6727e-02 9.1657e-01 -2.2961e-02 -2.5082e-04 4.0985e-01 -3.9273e-05 0.43656 0.44856 0.42050 -0.02251 0.01045 0.00071 1.87820e-01 7.25848e-04 -5.7126870779e-01 -3.8272255550e-01
222.000 0.00000 0.00000 0.00000 0.00000 0.00000 -0.00000 -3.8842e-02 9.1651e-01 -3.7925e-02 -2.5082e-04 4.0985e-01 -3.9273e-05 0.42390 0.44868 0.43302 0.01784 0.01803 0.00360 1.87820e-01 7.28855e-04 -5.7127176656e-01 -3.8272272450e-01
224.000 -0.00000 -0.00000 0.00000 0.00000 0.00000 -0.00000 -2.3908e-02 9.1653e-01 4.9282e-02 -2.5082e-04 4.0985e-01 -3.9273e-05 0.42821 0.44871 0.42867 0.01110 -0.02319 -0.00377 1.87820e-01 7.32163e-04 -5.7127511231e-01 -3.8272289869e-01
226.000 0.00000 0.00000 -0.00000 0.00000 0.00000 -0.00000 5.3970e-02 9.1657e-01 5.6689e-03 -2.5082e-04 4.0985e-01 -3.9273e-05 0.43137 0.44868 0.42552 -0.02568 -0.00270 0.00039 1.87820e-01 7.35057e-04 -5.7127851159e-01 -3.8272307541e-01
228.000 -0.00000 -0.00000 0.00000 0.00000 0.00000 -0.00000 -1.3063e-02 9.1653e-01 -5.3108e-02 -2.5082e-04 4.0985e-01 -3.9273e-05 0.42683 0.44870 0.43002 0.00603 0.02493 0.00378 1.87821e-01 7.37025e-04 -5.7128171412e-01 -3.8272325216e-01
230.000 0.00000 0.00000 -0.00000 0.00000 0.00000 -0.00000 -4.5657e-02 9.1653e-01 2.8816e-02 -2.5082e-04 4.0985e-01 -3.9273e-05 0.42541 0.44866 0.43147 0.02109 -0.01388 -0.00542 1.87823e-01 7.37953e-04 -5.7128449188e-01 -3.8272342665e-01
232.000 -0.00000 -0.00000 -0.00000 0.00000 0.00000 -0.00000 4.0680e-02 9.1659e-01 3.1869e-02 -2.5082e-04 4.0985e-01 -3.9273e-05 0.43650 0.44853 0.42050 -0.01974 -0.01478 0.00268 1.87825e-01 7.38141e-04 -5.7128666947e-01 -3.8272359667e-01
234.000 0.00000 0.00000 0.00000 0.00000 0.00000 -0.00000 1.4957e-02 9.1657e-01 -4.8047e-02 -2.5082e-04 4.0985e-01 -3.9273e-05 0.41866 0.44846 0.43841 -0.00691 0.02288 0.00367 1.87826e-01 7.38142e-04 -5.7128813851e-01 -3.8272376020e-01
236.000 -0.00000 0.00000 -0.00000 0.00000 0.00000 -0.00000 -4.8918e-02 9.1654e-01 1.8331e-03 -2.5082e-04 4.0985e-01 -3.9273e-05 0.43522 0.44840 0.42192 0.02298 -0.00145 -0.01053 1.87826e-01 7.38522e-04 -5.7128885599e-01 -3.8272391543e-01
238.000 -0.00000 -0.00000 -0.00000 0.00000 0.00000 -0.00000 1.7472e-02 9.1658e-01 4.2539e-02 -2.5082e-04 4.0985e-01 -3.9273e-05 0.42962 0.44826 0.42766 -0.00912 -0.02016 0.01411 1.87825e-01 7.39641e-04 -5.7128883141e-01 -3.8272406105e-01
240.000 0.00000 0.00000 0.00000 0.00000 0.00000 -0.00000 3.1195e-02 9.1657e-01 -3.0873e-02 -2.5082e-04 4.0985e-01 -3.9273e-05 0.41878 0.44817 0.43860 -0.01493 0.01514 -0.01195 1.87822e-01 7.41542e-04 -5.7128810935e-01 -3.8272419643e-01
242.000 -0.00000 0.00000 -0.00000 0.00000 0.00000 -0.00000 -3.9238e-02 9.1651e-01 -1.7420e-02 -2.5082e-04 4.0985e-01 -3.9273e-05 0.44477 0.44814 0.41264 0.01885 0.00798 0.00425 1.87818e-01 7.43951e-04 -5.7128675304e-01 -3.8272432177e-01
244.000 0.00000 -0.00000 -0.00000 0.00000 0.00000 -0.00000 -1.8677e-03 9.1651e-01 4.0783e-02 -2.5082e-04 4.0985e-01 -3.9273e-05 0.41240 0.44806 0.44511 0.00030 -0.01984 0.00608 1.87814e-01 7.46367e-04 -5.7128483224e-01 -3.8272443807e-01
246.000 0.00000 -0.00000 -0.00000 0.00000 0.00000 -0.00000 3.6684e-02 9.1651e-01 -1.4344e-02 -2.5082e-04 4.0985e-01 -3.9273e-05 0.43899 0.44802 0.41859 -0.01808 0.00710 -0.01479 1.87810e-01 7.48180e-04 -5.7128241627e-01 -3.8272454708e-01
248.000 0.00000 0.00000 0.00000 0.00000 0.00000 -0.00000 -2.7966e-02 9.1645e-01 -2.8448e-02 -2.5082e-04 4.0985e-01 -3.9273e-05 0.42891 0.44805 0.42865 0.01338 0.01382 0.01817 1.87806e-01 7.48795e-04 -5.7127957235e-01 -3.8272465112e-01
250.000 0.00000 -0.00000 0.00000 0.00000 0.00000 -0.00000 -1.5938e-02 9.1645e-01 3.6413e-02 -2.5082e-04 4.0985e-01 -3.9273e-05 0.41829 0.44805 0.43928 0.00759 -0.01775 -0.01474 1.87804e-01 7.47735e-04 -5.7127636815e-01 -3.8272475293e-01
252.000 0.00000 -0.00000 -0.00000 0.00000 0.00000 -0.00000 3.9816e-02 9.1648e-01 -1.6228e-04 -2.5082e-04 4.0985e-01 -3.9273e-05 0.44551 0.44805 0.41208 -0.01963 -0.00023 0.00595 1.87803e-01 7.44729e-04 -5.7127287777e-01 -3.8272485548e-01
254.000 -0.00000 0.00000 0.00000 0.00000 0.00000 -0.00000 -1.6617e-02 9.1645e-01 -3.8552e-02 -2.5082e-04 4.0985e-01 -3.9273e-05 0.41232 0.44813 0.44519 0.00739 0.01877 0.00455 1.87804e-01 7.39780e-04 -5.7126918951e-01 -3.8272496183e-01
256.000 0.00000 0.00000 -0.00000 0.00000 0.00000 -0.00000 -3.1429e-02 9.1646e-01 3.0432e-02 -2.5082e-04 4.0985e-01 -3.9273e-05 0.43889 0.44820 0.41857 0.01519 -0.01437 -0.01244 1.87807e-01 7.33216e-04 -5.7126541355e-01 -3.8272507490e-01
258.000 0.00000 0.00000 0.00000 0.00000 0.00000 0.00000 4.0967e-02 9.1652e-01 1.8311e-02 -2.5082e-04 4.0985e-01 -3.9273e-05 0.42776 0.44824 0.42966 -0.01969 -0.00929 0.01478 1.87811e-01 7.25693e-04 -5.7126168687e-01 -3.8272519719e-01
260.000 -0.00000 -0.00000 0.00000 0.00000 0.00000 -0.00000 1.9575e-03 9.1651e-01 -4.7580e-02 -2.5082e-04 4.0985e-01 -3.9273e-05 0.42161 0.44836 0.43571 -0.00176 0.02260 -0.01121 1.87815e-01 7.18140e-04 -5.7125817219e-01 -3.8272533051e-01
262.000 -0.00000 0.00000 -0.00000 0.00000 0.00000 0.00000 -4.7968e-02 9.1650e-01 1.4695e-02 -2.5082e-04 4.0985e-01 -3.9273e-05 0.43922 0.44848 0.41799 0.02265 -0.00653 0.00411 1.87818e-01 7.11609e-04 -5.7125504805e-01 -3.8272547559e-01
264.000 0.00000 -0.00000 -0.00000 0.00000 0.00000 0.00000 3.0655e-02 9.1656e-01 4.0952e-02 -2.5082e-04 4.0985e-01 -3.9273e-05 0.41966 0.44852 0.43751 -0.01443 -0.01968 0.00271 1.87820e-01 7.07046e-04 -5.7125248899e-01 -3.8272563188e-01
266.000 0.00000 -0.00000 -0.00000 0.00000 0.00000 0.00000 2.8468e-02 9.1655e-01 -4.4582e-02 -2.5082e-04 4.0985e-01 -3.9273e-05 0.43239 0.44861 0.42469 -0.01400 0.02080 -0.00599 1.87820e-01 7.05034e-04 -5.7125063844e-01 -3.8272579745e-01
268.000 0.00000 -0.00000 0.00000 0.00000 0.00000 -0.00000 -5.3246e-02 9.1650e-01 -1.2946e-02 -2.5082e-04 4.0985e-01 -3.9273e-05 0.42966 0.44872 0.42732 0.02476 0.00627 0.00474 1.87818e-01 7.05597e-04 -5.7124958094e-01 -3.8272596933e-01
270.000 0.00000 -0.00000 0.00000 0.00000 0.00000 -0.00000 4.7599e-03 9.1652e-01 5.4449e-02 -2.5082e-04 4.0985e-01 -3.9273e-05 0.42540 0.44871 0.43158 -0.00245 -0.02568 -0.00063 1.87815e-01 7.08182e-04 -5.7124932288e-01 -3.8272614396e-01
272.000 0.00000 0.00000 0.00000 0.00000 0.00000 -0.00000 4.9153e-02 9.1653e-01 -2.3092e-02 -2.5082e-04 4.0985e-01 -3.9273e-05 0.42944 0.44870 0.42755 -0.02338 0.01089 -0.00304 1.87812e-01 7.11845e-04 -5.7124978917e-01 -3.8272631788e-01
274.000 0.00000 0.00000 -0.00000 0.00000 0.00000 -0.00000 -3.8302e-02 9.1646e-01 -3.8965e-02 -2.5082e-04 4.0985e-01 -3.9273e-05 0.43204 0.44873 0.42491 0.01793 0.01816 0.00336 1.87809e-01 7.15592e-04 -5.7125083773e-01 -3.8272648817e-01
276.000 0.00000 0.00000 0.00000 0.00000 0.00000 -0.00000 -2.4141e-02 9.1646e-01 4.7444e-02 -2.5082e-04 4.0985e-01 -3.9273e-05 0.42139 0.44866 0.43563 0.01080 -0.02258 0.00042 1.87807e-01 7.18702e-04 -5.7125228659e-01 -3.8272665267e-01
278.000 0.00000 -0.00000 0.00000 0.00000 0.00000 -0.00000 5.0584e-02 9.1650e-01 5.9107e-03 -2.5082e-04 4.0985e-01 -3.9273e-05 0.43532 0.44854 0.42182 -0.02426 -0.00241 -0.00645 1.87806e-01 7.20908e-04 -5.7125394428e-01 -3.8272680985e-01
280.000 0.00000 -0.00000 0.00000 0.00000 0.00000 -0.00000 -1.1995e-02 9.1646e-01 -4.8361e-02 -2.5082e-04 4.0985e-01 -3.9273e-05 0.42697 0.44849 0.43022 0.00591 0.02281 0.01124 1.87806e-01 7.22354e-04 -5.7125563531e-01 -3.8272695870e-01
282.000 -0.00000 0.00000 -0.00000 0.00000 0.00000 -0.00000 -4.0090e-02 9.1645e-01 2.6323e-02 -2.5082e-04 4.0985e-01 -3.9273e-05 0.42232 0.44839 0.43497 0.01853 -0.01304 -0.01158 1.87807e-01 7.23408e-04 -5.7125721641e-01 -3.8272709855e-01
284.000 -0.00000 -0.00000 -0.00000 0.00000 0.00000 -0.00000 3.6507e-02 9.1650e-01 2.6197e-02 -2.5082e-04 4.0985e-01 -3.9273e-05 0.44205 0.44825 0.41537 -0.01806 -0.01217 0.00633 1.87807e-01 7.24441e-04 -5.7125858369e-01 -3.8272722917e-01
286.000 -0.00000 0.00000 -0.00000 0.00000 0.00000 -0.00000 9.8672e-03 9.1648e-01 -4.2286e-02 -2.5082e-04 4.0985e-01 -3.9273e-05 0.41298 0.44819 0.44451 -0.00459 0.02044 0.00284 1.87807e-01 7.25659e-04 -5.7125967360e-01 -3.8272735079e-01
288.000 0.00000 0.00000 0.00000 0.00000 0.00000 -0.00000 -4.1912e-02 9.1645e-01 5.8309e-03 -2.5082e-04 4.0985e-01 -3.9273e-05 0.44065 0.44815 0.41689 0.01996 -0.00325 -0.01215 1.87806e-01 7.27054e-04 -5.7126046052e-01 -3.8272746424e-01
290.000 -0.00000 0.00000 -0.00000 0.00000 0.00000 -0.00000 2.0108e-02 9.1648e-01 3.4734e-02 -2.5082e-04 4.0985e-01 -3.9273e-05 0.42599 0.44806 0.43164 -0.01028 -0.01678 0.01747 1.87805e-01 7.28430e-04 -5.7126095321e-01 -3.8272757095e-01
292.000 0.00000 -0.00000 0.00000 0.00000 0.00000 -0.00000 2.3004e-02 9.1647e-01 -3.2086e-02 -2.5082e-04 4.0985e-01 -3.9273e-05 0.42096 0.44803 0.43670 -0.01141 0.01565 -0.01627 1.87804e-01 7.29498e-04 -5.7126119138e-01 -3.8272767291e-01
294.000 0.00000 -0.00000 -0.00000 0.00000 0.00000 -0.00000 -3.9088e-02 9.1643e-01 -9.1537e-03 -2.5082e-04 4.0985e-01 -3.9273e-05 0.44466 0.44806 0.41297 0.01878 0.00446 0.00883 1.87803e-01 7.29976e-04 -5.7126124271e-01 -3.8272777255e-01
296.000 0.00000 0.00000 -0.00000 0.00000 0.00000 -0.00000 6.2732e-03 9.1647e-01 3.9355e-02 -2.5082e-04 4.0985e-01 -3.9273e-05 0.41098 0.44805 0.44666 -0.00317 -0.01924 0.00186 1.87804e-01 7.29684e-04 -5.7126120009e-01 -3.8272787259e-01
298.000 0.00000 -0.00000 -0.00000 0.00000 0.00000 -0.00000 3.4022e-02 9.1648e-01 -2.2212e-02 -2.5082e-04 4.0985e-01 -3.9273e-05 0.44197 0.44808 0.41565 -0.01696 0.01046 -0.01143 1.87805e-01 7.28611e-04 -5.7126117831e-01 -3.8272797589e-01
300.000 -0.00000 -0.00000 0.00000 0.00000 0.00000 -0.00000 -3.5392e-02 9.1645e-01 -2.4548e-02 -2.5082e-04 4.0985e-01 -3.9273e-05 0.42479 0.44818 0.43272 0.01656 0.01217 0.01611 1.87806e-01 7.26956e-04 -5.7126130874e-01 -3.8272808520e-01
302.000 0.00000 0.00000 -0.00000 0.00000 0.00000 -0.00000 -1.0803e-02 9.1648e-01 4.3144e-02 -2.5082e-04 4.0985e-01 -3.9273e-05 0.42302 0.44823 0.43443 0.00539 -0.02066 -0.01438 1.87808e-01 7.25115e-04 -5.7126173034e-01 -3.8272820295e-01
304.000 0.00000 0.00000 -0.00000 0.00000 0.00000 -0.00000 4.5506e-02 9.1652e-01 -6.4337e-03 -2.5082e-04 4.0985e-01 -3.9273e-05 0.44055 0.44829 0.41683 -0.02209 0.00251 0.00758 1.87811e-01 7.23614e-04 -5.7126257556e-01 -3.8272833096e-01
306.000 0.00000 0.00000 -0.00000 0.00000 0.00000 -0.00000 -2.3746e-02 9.1648e-01 -4.2827e-02 -2.5082e-04 4.0985e-01 -3.9273e-05 0.41627 0.44843 0.44096 0.01055 0.02058 0.00079 1.87812e-01 7.22987e-04 -5.7126395081e-01 -3.8272847020e-01
308.000 0.00000 0.00000 -0.00000 0.00000 0.00000 -0.00000 -3.4006e-02 9.1649e-01 3.7922e-02 -2.5082e-04 4.0985e-01 -3.9273e-05 0.43641 0.44852 0.42071 0.01620 -0.01770 -0.00682 1.87814e-01 7.23610e-04 -5.7126591364e-01 -3.8272862055e-01
310.000 0.00000 0.00000 -0.00000 0.00000 0.00000 -0.00000 4.8153e-02 9.1654e-01 1.9134e-02 -2.5082e-04 4.0985e-01 -3.9273e-05 0.42711 0.44857 0.42995 -0.02288 -0.00945 0.00815 1.87814e-01 7.25548e-04 -5.7126845162e-01 -3.8272878087e-01
312.000 0.00000 -0.00000 -0.00000 0.00000 0.00000 -0.00000 1.3047e-03 9.1651e-01 -5.3765e-02 -2.5082e-04 4.0985e-01 -3.9273e-05 0.42519 0.44867 0.43175 -0.00118 0.02529 -0.00507 1.87814e-01 7.28484e-04 -5.7127147023e-01 -3.8272894914e-01
314.000 -0.00000 -0.00000 0.00000 0.00000 0.00000 -0.00000 -5.2622e-02 9.1648e-01 1.6206e-02 -2.5082e-04 4.0985e-01 -3.9273e-05 0.43236 0.44874 0.42449 0.02455 -0.00753 0.00027 1.87814e-01 7.31793e-04 -5.7127479651e-01 -3.8272912286e-01
316.000 0.00000 0.00000 0.00000 0.00000 0.00000 -0.00000 3.2180e-02 9.1653e-01 4.3893e-02 -2.5082e-04 4.0985e-01 -3.9273e-05 0.42759 0.44870 0.42928 -0.01542 -0.02070 0.00280 1.87814e-01 7.34753e-04 -5.7127820090e-01 -3.8272929937e-01
318.000 -0.00000 0.00000 0.00000 0.00000 0.00000 -0.00000 2.9966e-02 9.1653e-01 -4.5269e-02 -2.5082e-04 4.0985e-01 -3.9273e-05 0.42502 0.44869 0.43184 -0.01427 0.02135 -0.00196 1.87815e-01 7.36824e-04 -5.7128143301e-01 -3.8272947617e-01
320.000 -0.00000 0.00000 -0.00000 0.00000 -0.00000 -0.00000 -5.2482e-02 9.1649e-01 -1.3679e-02 -2.5082e-04 4.0985e-01 -3.9273e-05 0.43389 0.44869 0.42297 0.02454 0.00613 -0.00241 1.87817e-01 7.37847e-04 -5.7128426107e-01 -3.8272965091e-01
322.000 -0.00000 0.00000 0.00000 0.00000 0.00000 -0.00000 3.8910e-03 9.1654e-01 5.2046e-02 -2.5082e-04 4.0985e-01 -3.9273e-05 0.42524 0.44857 0.43172 -0.00251 -0.02459 0.00755 1.87819e-01 7.38085e-04 -5.7128650351e-01 -3.8272982141e-01
324.000 0.00000 0.00000 -0.00000 0.00000 -0.00000 -0.00000 4.5403e-02 9.1656e-01 -2.1221e-02 -2.5082e-04 4.0985e-01 -3.9273e-05 0.42572 0.44847 0.43135 -0.02159 0.01044 -0.00994 1.87820e-01 7.38077e-04 -5.7128804511e-01 -3.8272998561e-01
326.000 -0.00000 -0.00000 -0.00000 0.00000 -0.00000 -0.00000 -3.4838e-02 9.1652e-01 -3.4537e-02 -2.5082e-04 4.0985e-01 -3.9273e-05 0.43838 0.44842 0.41874 0.01667 0.01602 0.00734 1.87820e-01 7.38398e-04 -5.7128883676e-01 -3.8273014168e-01
328.000 -0.00000 0.00000 0.00000 0.00000 -0.00000 -0.00000 -1.9866e-02 9.1653e-01 4.2204e-02 -2.5082e-04 4.0985e-01 -3.9273e-05 0.41464 0.44830 0.44259 0.00872 -0.02043 -0.00009 1.87819e-01 7.39436e-04 -5.7128888347e-01 -3.8273028825e-01
330.000 -0.00000 -0.00000 -0.00000 0.00000 -0.00000 -0.00000 4.3782e-02 9.1655e-01 2.5530e-03 -2.5082e-04 4.0985e-01 -3.9273e-05 0.44124 0.44818 0.41612 -0.02133 -0.00078 -0.00891 1.87817e-01 7.41265e-04 -5.7128822706e-01 -3.8273042461e-01
332.000 0.00000 -0.00000 -0.00000 0.00000 -0.00000 -0.00000 -1.3912e-02 9.1649e-01 -4.0489e-02 -2.5082e-04 4.0985e-01 -3.9273e-05 0.42328 0.44815 0.43413 0.00684 0.01937 0.01560 1.87813e-01 7.43640e-04 -5.7128692954e-01 -3.8273055087e-01
334.000 0.00000 -0.00000 0.00000 0.00000 -0.00000 -0.00000 -3.1732e-02 9.1647e-01 2.6575e-02 -2.5082e-04 4.0985e-01 -3.9273e-05 0.42391 0.44810 0.43356 0.01489 -0.01319 -0.01668 1.87808e-01 7.46077e-04 -5.7128506039e-01 -3.8273066797e-01
336.000 -0.00000 -0.00000 -0.00000 0.00000 -0.00000 -0.00000 3.5128e-02 9.1648e-01 1.7878e-02 -2.5082e-04 4.0985e-01 -3.9273e-05 0.44274 0.44803 0.41482 -0.01746 -0.00857 0.01124 1.87804e-01 7.47972e-04 -5.7128268918e-01 -3.8273077759e-01
338.000 0.00000 0.00000 -0.00000 0.00000 -0.00000 -0.00000 1.9618e-03 9.1644e-01 -3.9463e-02 -2.5082e-04 4.0985e-01 -3.9273e-05 0.41066 0.44804 0.44690 -0.00121 0.01920 -0.00123 1.87800e-01 7.48724e-04 -5.7127988332e-01 -3.8273088200e-01
340.000 0.00000 0.00000 0.00000 0.00000 -0.00000 -0.00000 -3.7864e-02 9.1641e-01 1.3104e-02 -2.5082e-04 4.0985e-01 -3.9273e-05 0.44427 0.44807 0.41327 0.01822 -0.00634 -0.00936 1.87798e-01 7.47838e-04 -5.7127671032e-01 -3.8273098389e-01
342.000 0.00000 0.00000 0.00000 0.00000 -0.00000 -0.00000 2.6629e-02 9.1645e-01 2.9632e-02 -2.5082e-04 4.0985e-01 -3.9273e-05 0.42160 0.44806 0.43597 -0.01305 -0.01461 0.01626 1.87797e-01 7.45022e-04 -5.7127324345e-01 -3.8273108625e-01
344.000 0.00000 -0.00000 -0.00000 0.00000 0.00000 -0.00000 1.6960e-02 9.1644e-01 -3.7750e-02 -2.5082e-04 4.0985e-01 -3.9273e-05 0.42544 0.44812 0.43208 -0.00884 0.01807 -0.01681 1.87798e-01 7.40251e-04 -5.7126956943e-01 -3.8273119210e-01
346.000 0.00000 0.00000 0.00000 0.00000 -0.00000 -0.00000 -4.3737e-02 9.1642e-01 -2.2572e-03 -2.5082e-04 4.0985e-01 -3.9273e-05 0.44042 0.44822 0.41701 0.02077 0.00152 0.01115 1.87801e-01 7.33820e-04 -5.7126579618e-01 -3.8273130441e-01
348.000 -0.00000 -0.00000 0.00000 0.00000 0.00000 -0.00000 1.3870e-02 9.1647e-01 4.2769e-02 -2.5082e-04 4.0985e-01 -3.9273e-05 0.41393 0.44826 0.44348 -0.00644 -0.02071 -0.00209 1.87804e-01 7.26356e-04 -5.7126205820e-01 -3.8273142572e-01
350.000 0.00000 0.00000 0.00000 0.00000 0.00000 -0.00000 3.5967e-02 9.1650e-01 -3.0222e-02 -2.5082e-04 4.0985e-01 -3.9273e-05 0.44052 0.44834 0.41682 -0.01777 0.01395 -0.00625 1.87808e-01 7.18766e-04 -5.7125851611e-01 -3.8273155792e-01
352.000 0.00000 -0.00000 -0.00000 0.00000 0.00000 -0.00000 -4.3363e-02 9.1647e-01 -2.4879e-02 -2.5082e-04 4.0985e-01 -3.9273e-05 0.42358 0.44848 0.43362 0.02005 0.01222 0.01042 1.87812e-01 7.12100e-04 -5.7125534770e-01 -3.8273170187e-01
354.000 0.00000 0.00000 0.00000 0.00000 0.00000 -0.00000 -9.5790e-03 9.1651e-01 5.0506e-02 -2.5082e-04 4.0985e-01 -3.9273e-05 0.42657 0.44855 0.43058 0.00470 -0.02387 -0.00930 1.87814e-01 7.07325e-04 -5.7125272893e-01 -3.8273185712e-01
356.000 -0.00000 -0.00000 -0.00000 0.00000 0.00000 -0.00000 5.1698e-02 9.1654e-01 -8.8713e-03 -2.5082e-04 4.0985e-01 -3.9273e-05 0.43435 0.44860 0.42275 -0.02473 0.00380 0.00447 1.87814e-01 7.05067e-04 -5.7125080736e-01 -3.8273202189e-01
358.000 0.00000 0.00000 -0.00000 0.00000 0.00000 -0.00000 -2.6780e-02 9.1648e-01 -4.7460e-02 -2.5082e-04 4.0985e-01 -3.9273e-05 0.42345 0.44871 0.43353 0.01214 0.02243 0.00070 1.87812e-01 7.05406e-04 -5.7124967399e-01 -3.8273219326e-01
360.000 -0.00000 0.00000 -0.00000 0.00000 0.00000 -0.00000 -3.7019e-02 9.1647e-01 4.0771e-02 -2.5082e-04 4.0985e-01 -3.9273e-05 0.42958 0.44875 0.42736 0.01721 -0.01918 -0.00305 1.87809e-01 7.07838e-04 -5.7124934288e-01 -3.8273236772e-01
362.000 0.00000 0.00000 0.00000 0.00000 0.00000 -0.00000 5.0070e-02 9.1650e-01 2.0868e-02 -2.5082e-04 4.0985e-01 -3.9273e-05 0.43127 0.44871 0.42571 -0.02387 -0.00981 0.00133 1.87806e-01 7.11443e-04 -5.7124974616e-01 -3.8273254176e-01
364.000 0.00000 0.00000 -0.00000 0.00000 0.00000 -0.00000 2.4433e-03 9.1645e-01 -5.4258e-02 -2.5082e-04 4.0985e-01 -3.9273e-05 0.42491 0.44872 0.43206 -0.00123 0.02553 0.00306 1.87803e-01 7.15217e-04 -5.7125074700e-01 -3.8273271243e-01
366.000 0.00000 -0.00000 -0.00000 0.00000 0.00000 -0.00000 -5.1607e-02 9.1642e-01 1.4813e-02 -2.5082e-04 4.0985e-01 -3.9273e-05 0.42869 0.44870 0.42830 0.02398 -0.00735 -0.00691 1.87801e-01 7.18404e-04 -5.7125216582e-01 -3.8273287747e-01
368.000 -0.00000 0.00000 0.00000 0.00000 0.00000 -0.00000 2.9757e-02 9.1646e-01 4.1726e-02 -2.5082e-04 4.0985e-01 -3.9273e-05 0.43432 0.44857 0.42279 -0.01470 -0.01952 0.00709 1.87800e-01 7.20693e-04 -5.7125381090e-01 -3.8273303532e-01
370.000 0.00000 -0.00000 0.00000 0.00000 0.00000 -0.00000 2.7333e-02 9.1645e-01 -4.1327e-02 -2.5082e-04 4.0985e-01 -3.9273e-05 0.41769 0.44849 0.43950 -0.01284 0.01985 -0.00247 1.87800e-01 7.22195e-04 -5.7125550447e-01 -3.8273318492e-01
372.000 0.00000 0.00000 0.00000 0.00000 0.00000 -0.00000 -4.6934e-02 9.1641e-01 -1.1385e-02 -2.5082e-04 4.0985e-01 -3.9273e-05 0.44051 0.44843 0.41675 0.02222 0.00486 -0.00534 1.87801e-01 7.23269e-04 -5.7125709984e-01 -3.8273332557e-01
374.000 0.00000 0.00000 -0.00000 0.00000 0.00000 -0.00000 5.1364e-03 9.1645e-01 4.5182e-02 -2.5082e-04 4.0985e-01 -3.9273e-05 0.42144 0.44829 0.43594 -0.00326 -0.02161 0.01270 1.87801e-01 7.24292e-04 -5.7125848942e-01 -3.8273345699e-01
376.000 0.00000 -0.00000 0.00000 0.00000 0.00000 -0.00000 3.7758e-02 9.1647e-01 -2.0964e-02 -2.5082e-04 4.0985e-01 -3.9273e-05 0.42712 0.44819 0.43037 -0.01823 0.01045 -0.01583 1.87801e-01 7.25490e-04 -5.7125960601e-01 -3.8273357937e-01
378.000 0.00000 0.00000 -0.00000 0.00000 0.00000 -0.00000 -3.2928e-02 9.1642e-01 -2.6714e-02 -2.5082e-04 4.0985e-01 -3.9273e-05 0.43991 0.44816 0.41761 0.01590 0.01259 0.01271 1.87800e-01 7.26872e-04 -5.7126042068e-01 -3.8273369350e-01
380.000 -0.00000 -0.00000 -0.00000 0.00000 0.00000 -0.00000 -1.2386e-02 9.1643e-01 3.8741e-02 -2.5082e-04 4.0985e-01 -3.9273e-05 0.41165 0.44809 0.44594 0.00546 -0.01895 -0.00412 1.87799e-01 7.28259e-04 -5.7126093922e-01 -3.8273380073e-01
382.000 0.00000 0.00000 -0.00000 0.00000 0.00000 -0.00000 3.9009e-02 9.1645e-01 -4.2279e-03 -2.5082e-04 4.0985e-01 -3.9273e-05 0.44561 0.44804 0.41204 -0.01927 0.00214 -0.00662 1.87798e-01 7.29366e-04 -5.7126119867e-01 -3.8273390302e-01
384.000 -0.00000 0.00000 -0.00000 0.00000 0.00000 -0.00000 -1.9802e-02 9.1641e-01 -3.4666e-02 -2.5082e-04 4.0985e-01 -3.9273e-05 0.41880 0.44807 0.43882 0.00935 0.01688 0.01513 1.87797e-01 7.29905e-04 -5.7126126434e-01 -3.8273400276e-01
386.000 0.00000 0.00000 -0.00000 0.00000 0.00000 -0.00000 -2.5069e-02 9.1642e-01 3.1485e-02 -2.5082e-04 4.0985e-01 -3.9273e-05 0.42830 0.44808 0.42931 0.01206 -0.01528 -0.01794 1.87797e-01 7.29684e-04 -5.7126122703e-01 -3.8273410265e-01
388.000 -0.00000 0.00000 -0.00000 0.00000 0.00000 -0.00000 3.8987e-02 9.1646e-01 1.0513e-02 -2.5082e-04 4.0985e-01 -3.9273e-05 0.43924 0.44808 0.41837 -0.01912 -0.00544 0.01402 1.87798e-01 7.28677e-04 -5.7126119976e-01 -3.8273420554e-01
390.000 0.00000 0.00000 -0.00000 0.00000 0.00000 -0.00000 -5.9889e-03 9.1643e-01 -4.2153e-02 -2.5082e-04 4.0985e-01 -3.9273e-05 0.41291 0.44817 0.44460 0.00218 0.02037 -0.00521 1.87800e-01 7.27062e-04 -5.7126131277e-01 -3.8273431421e-01
392.000 0.00000 -0.00000 -0.00000 0.00000 0.00000 -0.00000 -3.9208e-02 9.1643e-01 2.1471e-02 -2.5082e-04 4.0985e-01 -3.9273e-05 0.44358 0.44826 0.41384 0.01881 -0.00994 -0.00461 1.87802e-01 7.25221e-04 -5.7126170482e-01 -3.8273443112e-01
394.000 0.00000 -0.00000 -0.00000 0.00000 0.00000 -0.00000 3.5113e-02 9.1649e-01 2.9450e-02 -2.5082e-04 4.0985e-01 -3.9273e-05 0.42015 0.44830 0.43723 -0.01673 -0.01453 0.01134 1.87804e-01 7.23671e-04 -5.7126250962e-01 -3.8273455817e-01
396.000 0.00000 0.00000 -0.00000 0.00000 0.00000 -0.00000 1.5165e-02 9.1648e-01 -4.5902e-02 -2.5082e-04 4.0985e-01 -3.9273e-05 0.42880 0.44841 0.42844 -0.00800 0.02162 -0.01253 1.87806e-01 7.22953e-04 -5.7126383667e-01 -3.8273469638e-01
398.000 0.00000 0.00000 0.00000 0.00000 0.00000 -0.00000 -5.1008e-02 9.1645e-01 1.0293e-03 -2.5082e-04 4.0985e-01 -3.9273e-05 0.43481 0.44854 0.42229 0.02392 -0.00004 0.00852 1.87807e-01 7.23461e-04 -5.7126574858e-01 -3.8273484576e-01
400.000 -0.00000 0.00000 0.00000 0.00000 0.00000 -0.00000 1.8247e-02 9.1650e-01 4.8635e-02 -2.5082e-04 4.0985e-01 -3.9273e-05 0.42035 0.44859 0.43669 -0.00853 -0.02317 -0.00215 1.87808e-01 7.25293e-04 -5.7126823960e-01 -3.8273500524e-01
