# t x y z vx vy vz omx omy omz llx lly llz Ixx Iyy Izz Ixy Iyz Ixz KErot PEspr PEgrav Etot
0.000 0.00000 0.00000 -0.00000 -0.00000 -0.00000 0.00000 3.1499e-02 9.2053e-01 -4.0342e-02 -2.4739e-04 4.0894e-01 5.3342e-06 0.42970 0.44560 0.43501 -0.01503 0.01912 -0.00138 1.88219e-01 2.55135e-29 -5.7011283141e-01 -3.8189355954e-01
2.000 -0.00000 0.00000 -0.00000 -0.00000 -0.00000 0.00000 -4.7871e-02 9.1646e-01 -1.7151e-02 -2.4739e-04 4.0894e-01 5.3342e-06 0.43483 0.44754 0.42506 0.02241 0.00787 -0.00180 1.87428e-01 8.02685e-04 -5.7078941021e-01 -3.8255913921e-01
4.004 -0.00000 -0.00000 0.00000 -0.00000 -0.00000 0.00000 -1.5358e-03 9.1662e-01 4.9268e-02 -2.4739e-04 4.0894e-01 5.3342e-06 0.42663 0.44739 0.43345 0.00009 -0.02328 0.00656 1.87425e-01 7.64453e-04 -5.7078285910e-01 -3.8259346508e-01
6.004 -0.00000 0.00000 0.00000 0.00000 -0.00000 0.00000 4.4840e-02 9.1698e-01 -1.4453e-02 -2.4739e-04 4.0894e-01 5.3342e-06 0.42862 0.44713 0.43169 -0.02138 0.00726 -0.00928 1.87491e-01 6.98280e-04 -5.7078447918e-01 -3.8259551523e-01
8.004 0.00000 -0.00000 -0.00000 0.00000 -0.00000 0.00000 -2.7988e-02 9.1686e-01 -3.6687e-02 -2.4739e-04 4.0894e-01 5.3342e-06 0.43818 0.44712 0.42217 0.01342 0.01714 0.00794 1.87477e-01 7.10095e-04 -5.7078278149e-01 -3.8259601527e-01
10.000 -0.00000 -0.00000 -0.00000 0.00000 -0.00000 0.00000 -2.5042e-02 9.1684e-01 3.6350e-02 -2.4739e-04 4.0894e-01 5.3342e-06 0.41745 0.44704 0.44298 0.01122 -0.01762 -0.00227 1.87472e-01 7.13395e-04 -5.7078199197e-01 -3.8259632840e-01
12.000 -0.00000 0.00000 0.00000 0.00000 -0.00000 0.00000 3.9948e-02 9.1688e-01 1.0178e-02 -2.4739e-04 4.0894e-01 5.3342e-06 0.44341 0.44692 0.41715 -0.01952 -0.00436 -0.00597 1.87472e-01 7.13310e-04 -5.7078169467e-01 -3.8259660343e-01
14.000 0.00000 0.00000 0.00000 0.00000 -0.00000 0.00000 -4.9042e-03 9.1685e-01 -3.9513e-02 -2.4739e-04 4.0894e-01 5.3342e-06 0.42221 0.44686 0.43841 0.00256 0.01897 0.01336 1.87471e-01 7.14465e-04 -5.7078185283e-01 -3.8259686084e-01
16.000 0.00000 0.00000 -0.00000 0.00000 -0.00000 0.00000 -3.4310e-02 9.1682e-01 1.7345e-02 -2.4739e-04 4.0894e-01 5.3342e-06 0.42946 0.44681 0.43121 0.01612 -0.00877 -0.01659 1.87469e-01 7.15909e-04 -5.7078247282e-01 -3.8259709878e-01
18.000 -0.00000 0.00000 -0.00000 0.00000 -0.00000 0.00000 2.6766e-02 9.1686e-01 2.4085e-02 -2.4739e-04 4.0894e-01 5.3342e-06 0.44085 0.44672 0.41991 -0.01350 -0.01143 0.01387 1.87469e-01 7.17486e-04 -5.7078355417e-01 -3.8259731971e-01
20.004 0.00000 -0.00000 -0.00000 0.00000 -0.00000 0.00000 1.1063e-02 9.1685e-01 -3.3280e-02 -2.4739e-04 4.0894e-01 5.3342e-06 0.41343 0.44669 0.44736 -0.00547 0.01631 -0.00571 1.87468e-01 7.19164e-04 -5.7078507692e-01 -3.8259752757e-01
22.004 0.00000 0.00000 0.00000 0.00000 -0.00000 0.00000 -3.5073e-02 9.1682e-01 1.8554e-03 -2.4739e-04 4.0894e-01 5.3342e-06 0.44792 0.44669 0.41285 0.01688 -0.00101 -0.00481 1.87469e-01 7.20739e-04 -5.7078700189e-01 -3.8259772546e-01
24.004 -0.00000 -0.00000 -0.00000 0.00000 -0.00000 0.00000 1.4268e-02 9.1685e-01 3.1033e-02 -2.4739e-04 4.0894e-01 5.3342e-06 0.41848 0.44666 0.44233 -0.00725 -0.01518 0.01384 1.87469e-01 7.21991e-04 -5.7078929363e-01 -3.8259791821e-01
26.004 0.00000 0.00000 0.00000 0.00000 -0.00000 0.00000 2.2677e-02 9.1687e-01 -2.5783e-02 -2.4739e-04 4.0894e-01 5.3342e-06 0.43258 0.44666 0.42821 -0.01148 0.01249 -0.01800 1.87471e-01 7.22718e-04 -5.7079190782e-01 -3.8259811059e-01
28.004 -0.00000 -0.00000 -0.00000 0.00000 -0.00000 0.00000 -3.4003e-02 9.1685e-01 -1.2027e-02 -2.4739e-04 4.0894e-01 5.3342e-06 0.43841 0.44671 0.42231 0.01620 0.00613 0.01581 1.87474e-01 7.22770e-04 -5.7079479293e-01 -3.8259830756e-01
30.004 -0.00000 0.00000 0.00000 0.00000 -0.00000 0.00000 7.3208e-04 9.1688e-01 3.6816e-02 -2.4739e-04 4.0894e-01 5.3342e-06 0.41534 0.44673 0.44534 -0.00027 -0.01787 -0.00831 1.87477e-01 7.22088e-04 -5.7079788705e-01 -3.8259851413e-01
32.004 0.00000 0.00000 0.00000 0.00000 -0.00000 0.00000 3.4777e-02 9.1693e-01 -1.5194e-02 -2.4739e-04 4.0894e-01 5.3342e-06 0.44659 0.44676 0.41405 -0.01723 0.00692 -0.00143 1.87482e-01 7.20733e-04 -5.7080111389e-01 -3.8259873510e-01
34.004 -0.00000 0.00000 0.00000 0.00000 -0.00000 0.00000 -2.8604e-02 9.1691e-01 -2.9014e-02 -2.4739e-04 4.0894e-01 5.3342e-06 0.41843 0.44686 0.44209 0.01309 0.01430 0.00963 1.87487e-01 7.18900e-04 -5.7080437871e-01 -3.8259897478e-01
36.004 -0.00000 -0.00000 -0.00000 0.00000 -0.00000 0.00000 -1.9000e-02 9.1694e-01 3.8200e-02 -2.4739e-04 4.0894e-01 5.3342e-06 0.43415 0.44693 0.42627 0.00928 -0.01803 -0.01336 1.87491e-01 7.16912e-04 -5.7080756531e-01 -3.8259923660e-01
38.000 -0.00000 0.00000 -0.00000 0.00000 -0.00000 0.00000 4.3656e-02 9.1700e-01 4.8761e-03 -2.4739e-04 4.0894e-01 5.3342e-06 0.43399 0.44697 0.42637 -0.02099 -0.00282 0.01181 1.87496e-01 7.15170e-04 -5.7081052976e-01 -3.8259952204e-01
40.000 -0.00000 -0.00000 -0.00000 0.00000 -0.00000 0.00000 -1.1034e-02 9.1699e-01 -4.5246e-02 -2.4739e-04 4.0894e-01 5.3342e-06 0.42161 0.44708 0.43863 0.00449 0.02157 -0.00641 1.87499e-01 7.14053e-04 -5.7081312741e-01 -3.8259983256e-01
42.000 0.00000 0.00000 -0.00000 0.00000 -0.00000 0.00000 -4.1441e-02 9.1693e-01 2.5570e-02 -2.4739e-04 4.0894e-01 5.3342e-06 0.43875 0.44720 0.42139 0.01956 -0.01174 0.00013 1.87492e-01 7.14190e-04 -5.7080650320e-01 -3.8259996794e-01
44.000 0.00000 -0.00000 0.00000 0.00000 -0.00000 0.00000 3.7905e-02 9.1697e-01 3.1438e-02 -2.4739e-04 4.0894e-01 5.3342e-06 0.42481 0.44723 0.43529 -0.01797 -0.01508 0.00399 1.87491e-01 7.15117e-04 -5.7080592679e-01 -3.8260004584e-01
46.000 0.00000 -0.00000 0.00000 0.00000 -0.00000 0.00000 1.7363e-02 9.1697e-01 -4.7428e-02 -2.4739e-04 4.0894e-01 5.3342e-06 0.43081 0.44729 0.42923 -0.00865 0.02229 -0.00438 1.87492e-01 7.14682e-04 -5.7080689048e-01 -3.8260011851e-01
48.000 0.00000 -0.00000 0.00000 0.00000 -0.00000 0.00000 -5.1797e-02 9.1692e-01 -1.9801e-03 -2.4739e-04 4.0894e-01 5.3342e-06 0.43186 0.44736 0.42811 0.02413 0.00102 0.00166 1.87490e-01 7.16426e-04 -5.7080693550e-01 -3.8260019330e-01
50.000 0.00000 0.00000 -0.00000 0.00000 -0.00000 0.00000 1.3777e-02 9.1694e-01 4.9320e-02 -2.4739e-04 4.0894e-01 5.3342e-06 0.42877 0.44734 0.43123 -0.00681 -0.02322 0.00177 1.87487e-01 7.18298e-04 -5.7080563637e-01 -3.8260026896e-01
52.000 0.00000 0.00000 -0.00000 0.00000 -0.00000 0.00000 4.1313e-02 9.1695e-01 -2.8945e-02 -2.4739e-04 4.0894e-01 5.3342e-06 0.42790 0.44730 0.43214 -0.01965 0.01379 -0.00317 1.87485e-01 7.17800e-04 -5.7080350559e-01 -3.8260034317e-01
54.000 0.00000 -0.00000 0.00000 0.00000 -0.00000 0.00000 -4.0594e-02 9.1689e-01 -2.9915e-02 -2.4739e-04 4.0894e-01 5.3342e-06 0.43585 0.44731 0.42420 0.01906 0.01389 0.00108 1.87484e-01 7.16060e-04 -5.7080067491e-01 -3.8260041531e-01
56.000 0.00000 0.00000 -0.00000 0.00000 -0.00000 0.00000 -1.5644e-02 9.1690e-01 4.6267e-02 -2.4739e-04 4.0894e-01 5.3342e-06 0.42300 0.44723 0.43715 0.00675 -0.02199 0.00385 1.87483e-01 7.13935e-04 -5.7079739489e-01 -3.8260048555e-01
58.000 0.00000 0.00000 -0.00000 0.00000 -0.00000 0.00000 4.6425e-02 9.1694e-01 -6.9692e-04 -2.4739e-04 4.0894e-01 5.3342e-06 0.43438 0.44712 0.42590 -0.02227 0.00079 -0.00909 1.87483e-01 7.10764e-04 -5.7079390037e-01 -3.8260055208e-01
60.000 -0.00000 -0.00000 -0.00000 0.00000 -0.00000 0.00000 -1.6038e-02 9.1690e-01 -4.2328e-02 -2.4739e-04 4.0894e-01 5.3342e-06 0.43235 0.44707 0.42801 0.00783 0.01997 0.01162 1.87483e-01 7.07095e-04 -5.7079042411e-01 -3.8260061470e-01
62.000 0.00000 0.00000 0.00000 0.00000 -0.00000 0.00000 -3.3693e-02 9.1689e-01 2.7497e-02 -2.4739e-04 4.0894e-01 5.3342e-06 0.42065 0.44699 0.43981 0.01547 -0.01353 -0.00940 1.87482e-01 7.04234e-04 -5.7078720204e-01 -3.8260067345e-01
64.000 0.00000 -0.00000 0.00000 0.00000 -0.00000 0.00000 3.4852e-02 9.1692e-01 2.0709e-02 -2.4739e-04 4.0894e-01 5.3342e-06 0.44487 0.44687 0.41572 -0.01724 -0.00948 0.00256 1.87481e-01 7.02414e-04 -5.7078437244e-01 -3.8260072818e-01
66.000 0.00000 0.00000 0.00000 0.00000 -0.00000 0.00000 6.0928e-03 9.1690e-01 -3.8490e-02 -2.4739e-04 4.0894e-01 5.3342e-06 0.41583 0.44681 0.44484 -0.00276 0.01864 0.00655 1.87480e-01 7.01639e-04 -5.7078204781e-01 -3.8260077875e-01
68.000 0.00000 -0.00000 0.00000 0.00000 -0.00000 0.00000 -3.7180e-02 9.1686e-01 7.2940e-03 -2.4739e-04 4.0894e-01 5.3342e-06 0.43915 0.44677 0.42157 0.01765 -0.00393 -0.01434 1.87477e-01 7.02047e-04 -5.7078026387e-01 -3.8260082557e-01
70.000 -0.00000 -0.00000 -0.00000 0.00000 -0.00000 0.00000 1.8911e-02 9.1688e-01 3.0207e-02 -2.4739e-04 4.0894e-01 5.3342e-06 0.43116 0.44670 0.42964 -0.00974 -0.01451 0.01749 1.87475e-01 7.03614e-04 -5.7077903380e-01 -3.8260086924e-01
72.000 0.00000 -0.00000 0.00000 0.00000 -0.00000 0.00000 1.9556e-02 9.1687e-01 -2.8525e-02 -2.4739e-04 4.0894e-01 5.3342e-06 0.41976 0.44667 0.44107 -0.00967 0.01404 -0.01445 1.87471e-01 7.05914e-04 -5.7077831995e-01 -3.8260091032e-01
74.000 0.00000 0.00000 -0.00000 0.00000 -0.00000 0.00000 -3.4063e-02 9.1682e-01 -7.6218e-03 -2.4739e-04 4.0894e-01 5.3342e-06 0.44752 0.44669 0.41330 0.01641 0.00367 0.00612 1.87469e-01 7.08514e-04 -5.7077807349e-01 -3.8260094962e-01
76.000 0.00000 -0.00000 -0.00000 0.00000 -0.00000 0.00000 5.1913e-03 9.1683e-01 3.3859e-02 -2.4739e-04 4.0894e-01 5.3342e-06 0.41278 0.44667 0.44805 -0.00277 -0.01657 0.00447 1.87466e-01 7.11077e-04 -5.7077822016e-01 -3.8260098803e-01
78.004 -0.00000 0.00000 0.00000 0.00000 -0.00000 0.00000 2.8891e-02 9.1684e-01 -1.8558e-02 -2.4739e-04 4.0894e-01 5.3342e-06 0.44234 0.44667 0.41848 -0.01448 0.00890 -0.01347 1.87464e-01 7.13241e-04 -5.7077868238e-01 -3.8260102665e-01
80.004 0.00000 -0.00000 0.00000 0.00000 -0.00000 0.00000 -2.9616e-02 9.1680e-01 -2.0852e-02 -2.4739e-04 4.0894e-01 5.3342e-06 0.42804 0.44674 0.43271 0.01395 0.01041 0.01739 1.87464e-01 7.14634e-04 -5.7077937223e-01 -3.8260106623e-01
82.004 0.00000 -0.00000 -0.00000 0.00000 -0.00000 0.00000 -9.5639e-03 9.1681e-01 3.6062e-02 -2.4739e-04 4.0894e-01 5.3342e-06 0.42286 0.44678 0.43784 0.00474 -0.01737 -0.01512 1.87464e-01 7.15049e-04 -5.7078020085e-01 -3.8260110787e-01
84.004 -0.00000 0.00000 0.00000 0.00000 -0.00000 0.00000 3.8025e-02 9.1685e-01 -4.7835e-03 -2.4739e-04 4.0894e-01 5.3342e-06 0.44424 0.44682 0.41642 -0.01865 0.00185 0.00790 1.87466e-01 7.14423e-04 -5.7078107785e-01 -3.8260115251e-01
86.004 0.00000 0.00000 -0.00000 0.00000 -0.00000 0.00000 -1.9503e-02 9.1683e-01 -3.6148e-02 -2.4739e-04 4.0894e-01 5.3342e-06 0.41546 0.44692 0.44509 0.00861 0.01758 0.00118 1.87468e-01 7.12802e-04 -5.7078190979e-01 -3.8260120100e-01
88.004 0.00000 -0.00000 -0.00000 0.00000 -0.00000 0.00000 -2.9416e-02 9.1683e-01 3.1737e-02 -2.4739e-04 4.0894e-01 5.3342e-06 0.44070 0.44701 0.41975 0.01416 -0.01480 -0.00848 1.87471e-01 7.10409e-04 -5.7078260850e-01 -3.8260125401e-01
90.004 0.00000 -0.00000 0.00000 0.00000 -0.00000 0.00000 4.0912e-02 9.1689e-01 1.7363e-02 -2.4739e-04 4.0894e-01 5.3342e-06 0.42689 0.44705 0.43351 -0.01953 -0.00871 0.01143 1.87474e-01 7.07630e-04 -5.7078308927e-01 -3.8260131198e-01
92.004 -0.00000 -0.00000 -0.00000 0.00000 -0.00000 0.00000 2.3125e-03 9.1688e-01 -4.6791e-02 -2.4739e-04 4.0894e-01 5.3342e-06 0.42684 0.44715 0.43345 -0.00183 0.02215 -0.00954 1.87477e-01 7.04944e-04 -5.7078328240e-01 -3.8260137499e-01
94.004 -0.00000 -0.00000 -0.00000 0.00000 -0.00000 0.00000 -4.7408e-02 9.1686e-01 1.2903e-02 -2.4739e-04 4.0894e-01 5.3342e-06 0.43675 0.44726 0.42343 0.02225 -0.00572 0.00457 1.87479e-01 7.02819e-04 -5.7078313606e-01 -3.8260144274e-01
96.004 -0.00000 0.00000 0.00000 0.00000 -0.00000 0.00000 2.7412e-02 9.1691e-01 4.1409e-02 -2.4739e-04 4.0894e-01 5.3342e-06 0.42414 0.44728 0.43602 -0.01297 -0.01970 0.00047 1.87479e-01 7.01628e-04 -5.7078262547e-01 -3.8260151450e-01
98.004 0.00000 -0.00000 0.00000 0.00000 -0.00000 0.00000 3.0400e-02 9.1691e-01 -4.0391e-02 -2.4739e-04 4.0894e-01 5.3342e-06 0.43254 0.44733 0.42757 -0.01474 0.01894 -0.00292 1.87479e-01 7.01540e-04 -5.7078175747e-01 -3.8260158918e-01
100.004 0.00000 -0.00000 0.00000 0.00000 -0.00000 0.00000 -4.9098e-02 9.1685e-01 -1.6742e-02 -2.4739e-04 4.0894e-01 5.3342e-06 0.43103 0.44740 0.42902 0.02285 0.00794 0.00186 1.87476e-01 7.02465e-04 -5.7078057431e-01 -3.8260166543e-01
102.004 0.00000 0.00000 -0.00000 0.00000 -0.00000 0.00000 -1.1297e-03 9.1686e-01 5.1305e-02 -2.4739e-04 4.0894e-01 5.3342e-06 0.42801 0.44738 0.43207 0.00018 -0.02417 0.00146 1.87473e-01 7.04100e-04 -5.7077915258e-01 -3.8260174184e-01
104.004 0.00000 -0.00000 0.00000 0.00000 -0.00000 0.00000 4.7748e-02 9.1688e-01 -1.5502e-02 -2.4739e-04 4.0894e-01 5.3342e-06 0.42975 0.44733 0.43038 -0.02272 0.00751 -0.00441 1.87470e-01 7.06040e-04 -5.7077759711e-01 -3.8260181707e-01
106.004 0.00000 0.00000 0.00000 0.00000 -0.00000 0.00000 -3.0027e-02 9.1681e-01 -4.0008e-02 -2.4739e-04 4.0894e-01 5.3342e-06 0.43486 0.44733 0.42529 0.01417 0.01871 0.00448 1.87466e-01 7.07911e-04 -5.7077603117e-01 -3.8260188998e-01
108.004 0.00000 0.00000 0.00000 0.00000 -0.00000 0.00000 -2.8160e-02 9.1680e-01 3.9605e-02 -2.4739e-04 4.0894e-01 5.3342e-06 0.42147 0.44727 0.43875 0.01271 -0.01897 -0.00076 1.87463e-01 7.09480e-04 -5.7077458270e-01 -3.8260195968e-01
110.004 -0.00000 0.00000 0.00000 0.00000 -0.00000 0.00000 4.4187e-02 9.1683e-01 1.2748e-02 -2.4739e-04 4.0894e-01 5.3342e-06 0.43929 0.44715 0.42107 -0.02137 -0.00559 -0.00546 1.87461e-01 7.10700e-04 -5.7077337106e-01 -3.8260202555e-01
112.004 0.00000 0.00000 0.00000 0.00000 -0.00000 0.00000 -3.2212e-03 9.1679e-01 -4.4470e-02 -2.4739e-04 4.0894e-01 5.3342e-06 0.42523 0.44709 0.43519 0.00177 0.02116 0.01131 1.87459e-01 7.11682e-04 -5.7077249539e-01 -3.8260208721e-01
114.004 -0.00000 -0.00000 -0.00000 0.00000 -0.00000 0.00000 -3.9643e-02 9.1676e-01 1.6722e-02 -2.4739e-04 4.0894e-01 5.3342e-06 0.42758 0.44703 0.43291 0.01847 -0.00848 -0.01364 1.87457e-01 7.12612e-04 -5.7077202811e-01 -3.8260214452e-01
116.004 0.00000 -0.00000 -0.00000 0.00000 -0.00000 0.00000 2.7220e-02 9.1680e-01 2.9458e-02 -2.4739e-04 4.0894e-01 5.3342e-06 0.44115 0.44691 0.41947 -0.01371 -0.01379 0.01068 1.87456e-01 7.13667e-04 -5.7077201287e-01 -3.8260219754e-01
118.004 0.00000 0.00000 -0.00000 0.00000 -0.00000 0.00000 1.6345e-02 9.1679e-01 -3.4673e-02 -2.4739e-04 4.0894e-01 5.3342e-06 0.41433 0.44684 0.44635 -0.00777 0.01694 -0.00294 1.87455e-01 7.14955e-04 -5.7077246710e-01 -3.8260224654e-01
120.004 0.00000 -0.00000 -0.00000 0.00000 -0.00000 0.00000 -3.7363e-02 9.1675e-01 -3.0405e-03 -2.4739e-04 4.0894e-01 5.3342e-06 0.44602 0.44681 0.41470 0.01789 0.00110 -0.00688 1.87455e-01 7.16481e-04 -5.7077338703e-01 -3.8260229197e-01
122.004 -0.00000 0.00000 0.00000 0.00000 -0.00000 0.00000 9.8689e-03 9.1678e-01 3.4088e-02 -2.4739e-04 4.0894e-01 5.3342e-06 0.42092 0.44674 0.43987 -0.00536 -0.01651 0.01499 1.87454e-01 7.18147e-04 -5.7077475351e-01 -3.8260233445e-01
124.004 0.00000 0.00000 0.00000 0.00000 -0.00000 0.00000 2.6396e-02 9.1679e-01 -2.1951e-02 -2.4739e-04 4.0894e-01 5.3342e-06 0.42991 0.44670 0.43091 -0.01308 0.01084 -0.01811 1.87454e-01 7.19782e-04 -5.7077653711e-01 -3.8260237471e-01
126.004 0.00000 0.00000 0.00000 0.00000 -0.00000 0.00000 -3.0808e-02 9.1676e-01 -1.6339e-02 -2.4739e-04 4.0894e-01 5.3342e-06 0.44099 0.44672 0.41981 0.01481 0.00799 0.01487 1.87455e-01 7.21175e-04 -5.7077870145e-01 -3.8260241363e-01
128.004 0.00000 0.00000 0.00000 0.00000 -0.00000 0.00000 -4.1079e-03 9.1678e-01 3.4362e-02 -2.4739e-04 4.0894e-01 5.3342e-06 0.41337 0.44670 0.44743 0.00182 -0.01679 -0.00641 1.87457e-01 7.22111e-04 -5.7078120442e-01 -3.8260245213e-01
130.004 0.00000 0.00000 -0.00000 0.00000 -0.00000 0.00000 3.3200e-02 9.1682e-01 -9.9296e-03 -2.4739e-04 4.0894e-01 5.3342e-06 0.44784 0.44670 0.41295 -0.01653 0.00463 -0.00410 1.87459e-01 7.22419e-04 -5.7078399734e-01 -3.8260249119e-01
132.004 -0.00000 0.00000 -0.00000 0.00000 -0.00000 0.00000 -2.3095e-02 9.1680e-01 -2.8456e-02 -2.4739e-04 4.0894e-01 5.3342e-06 0.41851 0.44676 0.44219 0.01067 0.01405 0.01274 1.87462e-01 7.22001e-04 -5.7078702244e-01 -3.8260253182e-01
134.004 -0.00000 0.00000 0.00000 0.00000 -0.00000 0.00000 -1.9557e-02 9.1682e-01 3.2721e-02 -2.4739e-04 4.0894e-01 5.3342e-06 0.43288 0.44681 0.42776 0.00955 -0.01561 -0.01644 1.87467e-01 7.20873e-04 -5.7079020906e-01 -3.8260257500e-01
136.004 -0.00000 -0.00000 0.00000 0.00000 -0.00000 0.00000 3.8576e-02 9.1688e-01 6.3668e-03 -2.4739e-04 4.0894e-01 5.3342e-06 0.43699 0.44683 0.42361 -0.01875 -0.00353 0.01417 1.87472e-01 7.19182e-04 -5.7079346956e-01 -3.8260262165e-01
138.004 0.00000 -0.00000 0.00000 0.00000 -0.00000 0.00000 -8.6166e-03 9.1688e-01 -4.0848e-02 -2.4739e-04 4.0894e-01 5.3342e-06 0.41779 0.44693 0.44269 0.00333 0.01966 -0.00734 1.87477e-01 7.17209e-04 -5.7079669574e-01 -3.8260267251e-01
140.004 0.00000 -0.00000 -0.00000 0.00000 -0.00000 0.00000 -3.8015e-02 9.1688e-01 2.2561e-02 -2.4739e-04 4.0894e-01 5.3342e-06 0.44313 0.44702 0.41724 0.01813 -0.01030 -0.00092 1.87482e-01 7.15332e-04 -5.7079975721e-01 -3.8260272811e-01
142.004 0.00000 0.00000 -0.00000 0.00000 -0.00000 0.00000 3.4744e-02 9.1695e-01 2.9116e-02 -2.4739e-04 4.0894e-01 5.3342e-06 0.42138 0.44706 0.43892 -0.01646 -0.01420 0.00713 1.87486e-01 7.13954e-04 -5.7080250322e-01 -3.8260278865e-01
144.004 -0.00000 -0.00000 0.00000 0.00000 -0.00000 0.00000 1.6049e-02 9.1695e-01 -4.4604e-02 -2.4739e-04 4.0894e-01 5.3342e-06 0.43258 0.44715 0.42762 -0.00828 0.02097 -0.00910 1.87489e-01 7.13392e-04 -5.7080476973e-01 -3.8260285392e-01
146.004 0.00000 -0.00000 0.00000 0.00000 -0.00000 0.00000 -4.9717e-02 9.1691e-01 -1.3585e-03 -2.4739e-04 4.0894e-01 5.3342e-06 0.43277 0.44726 0.42731 0.02321 0.00101 0.00683 1.87490e-01 7.13762e-04 -5.7080639283e-01 -3.8260292332e-01
148.004 -0.00000 0.00000 0.00000 0.00000 -0.00000 0.00000 1.4193e-02 9.1695e-01 4.8186e-02 -2.4739e-04 4.0894e-01 5.3342e-06 0.42541 0.44728 0.43463 -0.00673 -0.02280 -0.00241 1.87489e-01 7.14900e-04 -5.7080722847e-01 -3.8260299588e-01
150.004 -0.00000 -0.00000 -0.00000 0.00000 -0.00000 0.00000 4.1063e-02 9.1696e-01 -2.9689e-02 -2.4739e-04 4.0894e-01 5.3342e-06 0.43292 0.44731 0.42710 -0.01970 0.01389 -0.00121 1.87488e-01 7.16365e-04 -5.7080717624e-01 -3.8260307041e-01
152.004 0.00000 0.00000 -0.00000 0.00000 -0.00000 0.00000 -4.2095e-02 9.1690e-01 -3.0224e-02 -2.4739e-04 4.0894e-01 5.3342e-06 0.43054 0.44738 0.42942 0.01956 0.01425 0.00186 1.87486e-01 7.17552e-04 -5.7080620200e-01 -3.8260314563e-01
154.000 0.00000 -0.00000 0.00000 0.00000 -0.00000 0.00000 -1.6202e-02 9.1690e-01 4.8680e-02 -2.4739e-04 4.0894e-01 5.3342e-06 0.42696 0.44735 0.43303 0.00724 -0.02297 0.00065 1.87483e-01 7.17879e-04 -5.7080435754e-01 -3.8260322019e-01
156.000 0.00000 -0.00000 0.00000 0.00000 -0.00000 0.00000 4.9813e-02 9.1693e-01 -5.9524e-04 -2.4739e-04 4.0894e-01 5.3342e-06 0.43242 0.44728 0.42765 -0.02376 0.00053 -0.00457 1.87481e-01 7.16986e-04 -5.7080176544e-01 -3.8260329337e-01
158.000 -0.00000 0.00000 0.00000 0.00000 -0.00000 0.00000 -1.6839e-02 9.1689e-01 -4.6395e-02 -2.4739e-04 4.0894e-01 5.3342e-06 0.43171 0.44726 0.42840 0.00802 0.02181 0.00708 1.87480e-01 7.14851e-04 -5.7079862742e-01 -3.8260336417e-01
160.000 0.00000 0.00000 -0.00000 0.00000 -0.00000 0.00000 -3.7991e-02 9.1687e-01 2.9450e-02 -2.4739e-04 4.0894e-01 5.3342e-06 0.42290 0.44720 0.43729 0.01744 -0.01429 -0.00593 1.87480e-01 7.11797e-04 -5.7079518364e-01 -3.8260343191e-01
162.000 -0.00000 -0.00000 0.00000 0.00000 -0.00000 0.00000 3.7977e-02 9.1692e-01 2.4760e-02 -2.4739e-04 4.0894e-01 5.3342e-06 0.44135 0.44707 0.41899 -0.01857 -0.01134 0.00074 1.87480e-01 7.08386e-04 -5.7079168210e-01 -3.8260349608e-01
164.000 0.00000 0.00000 -0.00000 0.00000 -0.00000 0.00000 9.4966e-03 9.1690e-01 -4.2618e-02 -2.4739e-04 4.0894e-01 5.3342e-06 0.41923 0.44700 0.44120 -0.00430 0.02044 0.00667 1.87480e-01 7.05244e-04 -5.7078834752e-01 -3.8260355632e-01
166.000 0.00000 -0.00000 0.00000 0.00000 -0.00000 0.00000 -4.2028e-02 9.1687e-01 4.8010e-03 -2.4739e-04 4.0894e-01 5.3342e-06 0.43607 0.44695 0.42444 0.01979 -0.00282 -0.01307 1.87479e-01 7.02906e-04 -5.7078535908e-01 -3.8260361245e-01
168.000 0.00000 0.00000 -0.00000 0.00000 -0.00000 0.00000 1.7443e-02 9.1690e-01 3.5464e-02 -2.4739e-04 4.0894e-01 5.3342e-06 0.43311 0.44683 0.42752 -0.00910 -0.01682 0.01529 1.87477e-01 7.01708e-04 -5.7078283982e-01 -3.8260366449e-01
170.000 -0.00000 0.00000 0.00000 0.00000 -0.00000 0.00000 2.4950e-02 9.1689e-01 -2.8078e-02 -2.4739e-04 4.0894e-01 5.3342e-06 0.41878 0.44676 0.44194 -0.01203 0.01386 -0.01179 1.87475e-01 7.01753e-04 -5.7078085661e-01 -3.8260371266e-01
172.000 0.00000 0.00000 -0.00000 0.00000 -0.00000 0.00000 -3.4568e-02 9.1684e-01 -1.2950e-02 -2.4739e-04 4.0894e-01 5.3342e-06 0.44730 0.44675 0.41345 0.01664 0.00597 0.00342 1.87473e-01 7.02931e-04 -5.7077942744e-01 -3.8260375740e-01
174.000 -0.00000 0.00000 -0.00000 0.00000 -0.00000 0.00000 6.3281e-05 9.1685e-01 3.5237e-02 -2.4739e-04 4.0894e-01 5.3342e-06 0.41395 0.44669 0.44685 -0.00056 -0.01717 0.00684 1.87470e-01 7.04974e-04 -5.7077853209e-01 -3.8260379931e-01
176.000 -0.00000 -0.00000 0.00000 0.00000 -0.00000 0.00000 3.1153e-02 9.1685e-01 -1.3609e-02 -2.4739e-04 4.0894e-01 5.3342e-06 0.44045 0.44666 0.42040 -0.01546 0.00676 -0.01511 1.87467e-01 7.07515e-04 -5.7077812309e-01 -3.8260383916e-01
178.000 0.00000 -0.00000 0.00000 0.00000 -0.00000 0.00000 -2.5091e-02 9.1680e-01 -2.3937e-02 -2.4739e-04 4.0894e-01 5.3342e-06 0.43050 0.44669 0.43031 0.01199 0.01174 0.01820 1.87464e-01 7.10151e-04 -5.7077813493e-01 -3.8260387781e-01
180.000 0.00000 0.00000 0.00000 0.00000 -0.00000 0.00000 -1.3436e-02 9.1680e-01 3.2105e-02 -2.4739e-04 4.0894e-01 5.3342e-06 0.42024 0.44670 0.44056 0.00641 -0.01564 -0.01495 1.87462e-01 7.12489e-04 -5.7077849083e-01 -3.8260391619e-01
182.000 0.00000 0.00000 -0.00000 0.00000 -0.00000 0.00000 3.4819e-02 9.1683e-01 -2.0093e-04 -2.4739e-04 4.0894e-01 5.3342e-06 0.44685 0.44670 0.41394 -0.01724 -0.00015 0.00662 1.87461e-01 7.14185e-04 -5.7077910703e-01 -3.8260395527e-01
184.000 0.00000 0.00000 0.00000 0.00000 -0.00000 0.00000 -1.4367e-02 9.1680e-01 -3.3896e-02 -2.4739e-04 4.0894e-01 5.3342e-06 0.41358 0.44677 0.44714 0.00634 0.01659 0.00355 1.87461e-01 7.14981e-04 -5.7077989540e-01 -3.8260399606e-01
186.000 -0.00000 0.00000 0.00000 0.00000 -0.00000 0.00000 -2.8289e-02 9.1679e-01 2.6310e-02 -2.4739e-04 4.0894e-01 5.3342e-06 0.44166 0.44684 0.41898 0.01370 -0.01238 -0.01175 1.87462e-01 7.14737e-04 -5.7078076496e-01 -3.8260403950e-01
188.000 -0.00000 0.00000 0.00000 0.00000 -0.00000 0.00000 3.5559e-02 9.1684e-01 1.7435e-02 -2.4739e-04 4.0894e-01 5.3342e-06 0.42769 0.44687 0.43291 -0.01714 -0.00881 0.01507 1.87464e-01 7.13456e-04 -5.7078162355e-01 -3.8260408650e-01
190.000 -0.00000 -0.00000 -0.00000 0.00000 -0.00000 0.00000 3.4987e-03 9.1684e-01 -4.1925e-02 -2.4739e-04 4.0894e-01 5.3342e-06 0.42445 0.44696 0.43605 -0.00247 0.01999 -0.01277 1.87467e-01 7.11310e-04 -5.7078238017e-01 -3.8260413780e-01
192.000 0.00000 -0.00000 -0.00000 0.00000 -0.00000 0.00000 -4.3407e-02 9.1682e-01 1.0878e-02 -2.4739e-04 4.0894e-01 5.3342e-06 0.44090 0.44707 0.41948 0.02053 -0.00467 0.00643 1.87470e-01 7.08624e-04 -5.7078294867e-01 -3.8260419393e-01
194.000 -0.00000 0.00000 0.00000 0.00000 -0.00000 0.00000 2.4989e-02 9.1688e-01 3.8516e-02 -2.4739e-04 4.0894e-01 5.3342e-06 0.41944 0.44712 0.44089 -0.01173 -0.01854 0.00080 1.87473e-01 7.05847e-04 -5.7078325312e-01 -3.8260425512e-01
196.000 -0.00000 0.00000 0.00000 0.00000 -0.00000 0.00000 2.8636e-02 9.1689e-01 -3.8103e-02 -2.4739e-04 4.0894e-01 5.3342e-06 0.43688 0.44719 0.42337 -0.01415 0.01778 -0.00571 1.87475e-01 7.03469e-04 -5.7078323430e-01 -3.8260432120e-01
198.000 0.00000 -0.00000 0.00000 0.00000 -0.00000 0.00000 -4.7444e-02 9.1685e-01 -1.5872e-02 -2.4739e-04 4.0894e-01 5.3342e-06 0.42864 0.44731 0.43150 0.02202 0.00782 0.00659 1.87477e-01 7.01912e-04 -5.7078285682e-01 -3.8260439161e-01
200.000 0.00000 -0.00000 0.00000 0.00000 -0.00000 0.00000 -6.9981e-04 9.1688e-01 5.0620e-02 -2.4739e-04 4.0894e-01 5.3342e-06 0.42777 0.44734 0.43233 0.00028 -0.02387 -0.00396 1.87476e-01 7.01422e-04 -5.7078211551e-01 -3.8260446536e-01
202.000 -0.00000 0.00000 -0.00000 0.00000 -0.00000 0.00000 4.8104e-02 9.1690e-01 -1.6056e-02 -2.4739e-04 4.0894e-01 5.3342e-06 0.43267 0.44734 0.42743 -0.02297 0.00748 0.00016 1.87474e-01 7.02006e-04 -5.7078103974e-01 -3.8260454119e-01
204.000 0.00000 -0.00000 0.00000 0.00000 -0.00000 0.00000 -3.1237e-02 9.1684e-01 -4.1193e-02 -2.4739e-04 4.0894e-01 5.3342e-06 0.43008 0.44740 0.42997 0.01447 0.01939 0.00204 1.87472e-01 7.03429e-04 -5.7077969398e-01 -3.8260461769e-01
206.000 -0.00000 -0.00000 0.00000 0.00000 -0.00000 0.00000 -2.9732e-02 9.1682e-01 4.1830e-02 -2.4739e-04 4.0894e-01 5.3342e-06 0.42651 0.44739 0.43356 0.01361 -0.01981 -0.00099 1.87468e-01 7.05307e-04 -5.7077817387e-01 -3.8260469348e-01
208.000 0.00000 -0.00000 0.00000 0.00000 -0.00000 0.00000 4.7531e-02 9.1685e-01 1.4155e-02 -2.4739e-04 4.0894e-01 5.3342e-06 0.43510 0.44731 0.42507 -0.02278 -0.00641 -0.00291 1.87465e-01 7.07239e-04 -5.7077659739e-01 -3.8260476733e-01
210.000 0.00000 -0.00000 0.00000 0.00000 -0.00000 0.00000 -2.4981e-03 9.1681e-01 -4.8774e-02 -2.4739e-04 4.0894e-01 5.3342e-06 0.42731 0.44728 0.43289 0.00129 0.02306 0.00740 1.87461e-01 7.08932e-04 -5.7077509241e-01 -3.8260483827e-01
212.000 -0.00000 -0.00000 0.00000 0.00000 -0.00000 0.00000 -4.4547e-02 9.1677e-01 1.7057e-02 -2.4739e-04 4.0894e-01 5.3342e-06 0.42738 0.44724 0.43288 0.02067 -0.00851 -0.00953 1.87459e-01 7.10274e-04 -5.7077378286e-01 -3.8260490557e-01
214.000 0.00000 -0.00000 -0.00000 0.00000 -0.00000 0.00000 2.8779e-02 9.1680e-01 3.4512e-02 -2.4739e-04 4.0894e-01 5.3342e-06 0.43941 0.44711 0.42099 -0.01434 -0.01607 0.00732 1.87456e-01 7.11323e-04 -5.7077277627e-01 -3.8260496877e-01
216.000 0.00000 0.00000 0.00000 0.00000 -0.00000 0.00000 2.1114e-02 9.1679e-01 -3.7424e-02 -2.4739e-04 4.0894e-01 5.3342e-06 0.41691 0.44703 0.44358 -0.00991 0.01813 -0.00085 1.87455e-01 7.12249e-04 -5.7077215522e-01 -3.8260502765e-01
218.000 -0.00000 -0.00000 0.00000 0.00000 -0.00000 0.00000 -4.1124e-02 9.1674e-01 -7.1835e-03 -2.4739e-04 4.0894e-01 5.3342e-06 0.44292 0.44698 0.41762 0.01954 0.00294 -0.00759 1.87454e-01 7.13242e-04 -5.7077197370e-01 -3.8260508219e-01
220.000 -0.00000 0.00000 -0.00000 0.00000 -0.00000 0.00000 6.5625e-03 9.1677e-01 3.8607e-02 -2.4739e-04 4.0894e-01 5.3342e-06 0.42366 0.44688 0.43699 -0.00391 -0.01850 0.01446 1.87453e-01 7.14440e-04 -5.7077225813e-01 -3.8260513260e-01
222.000 -0.00000 -0.00000 -0.00000 0.00000 -0.00000 0.00000 3.1419e-02 9.1678e-01 -1.9574e-02 -2.4739e-04 4.0894e-01 5.3342e-06 0.42764 0.44680 0.43309 -0.01528 0.00982 -0.01662 1.87452e-01 7.15885e-04 -5.7077301175e-01 -3.8260517926e-01
224.000 0.00000 0.00000 -0.00000 0.00000 -0.00000 0.00000 -2.9377e-02 9.1674e-01 -2.1658e-02 -2.4739e-04 4.0894e-01 5.3342e-06 0.44239 0.44678 0.41835 0.01421 0.01030 0.01274 1.87451e-01 7.17516e-04 -5.7077422034e-01 -3.8260522272e-01
226.000 -0.00000 -0.00000 0.00000 0.00000 -0.00000 0.00000 -9.5643e-03 9.1675e-01 3.3861e-02 -2.4739e-04 4.0894e-01 5.3342e-06 0.41284 0.44674 0.44794 0.00418 -0.01658 -0.00395 1.87451e-01 7.19184e-04 -5.7077585768e-01 -3.8260526369e-01
228.000 -0.00000 -0.00000 0.00000 0.00000 -0.00000 0.00000 3.3623e-02 9.1678e-01 -4.4598e-03 -2.4739e-04 4.0894e-01 5.3342e-06 0.44742 0.44669 0.41340 -0.01671 0.00226 -0.00658 1.87452e-01 7.20689e-04 -5.7077788963e-01 -3.8260530299e-01
230.000 -0.00000 0.00000 0.00000 0.00000 -0.00000 0.00000 -1.7738e-02 9.1676e-01 -2.9816e-02 -2.4739e-04 4.0894e-01 5.3342e-06 0.41993 0.44672 0.44086 0.00834 0.01463 0.01494 1.87453e-01 7.21811e-04 -5.7078027611e-01 -3.8260534153e-01
232.000 -0.00000 -0.00000 0.00000 0.00000 -0.00000 0.00000 -2.1873e-02 9.1676e-01 2.7641e-02 -2.4739e-04 4.0894e-01 5.3342e-06 0.43072 0.44673 0.43004 0.01055 -0.01339 -0.01802 1.87455e-01 7.22360e-04 -5.7078297099e-01 -3.8260538028e-01
234.000 0.00000 -0.00000 0.00000 0.00000 -0.00000 0.00000 3.3993e-02 9.1681e-01 9.6227e-03 -2.4739e-04 4.0894e-01 5.3342e-06 0.43992 0.44672 0.42083 -0.01674 -0.00496 0.01480 1.87458e-01 7.22208e-04 -5.7078592011e-01 -3.8260542023e-01
236.000 -0.00000 0.00000 -0.00000 0.00000 -0.00000 0.00000 -4.5212e-03 9.1681e-01 -3.7021e-02 -2.4739e-04 4.0894e-01 5.3342e-06 0.41477 0.44679 0.44590 0.00151 0.01798 -0.00670 1.87462e-01 7.21325e-04 -5.7078905786e-01 -3.8260546239e-01
238.000 -0.00000 0.00000 -0.00000 0.00000 -0.00000 0.00000 -3.5197e-02 9.1681e-01 1.7848e-02 -2.4739e-04 4.0894e-01 5.3342e-06 0.44604 0.44686 0.41454 0.01691 -0.00818 -0.00300 1.87467e-01 7.19812e-04 -5.7079230313e-01 -3.8260550770e-01
240.000 -0.00000 -0.00000 0.00000 0.00000 -0.00000 0.00000 2.9765e-02 9.1688e-01 2.7484e-02 -2.4739e-04 4.0894e-01 5.3342e-06 0.41973 0.44689 0.44079 -0.01421 -0.01355 0.01055 1.87472e-01 7.17902e-04 -5.7079555537e-01 -3.8260555697e-01
242.000 0.00000 0.00000 0.00000 0.00000 -0.00000 0.00000 1.5630e-02 9.1689e-01 -3.9802e-02 -2.4739e-04 4.0894e-01 5.3342e-06 0.43270 0.44697 0.42773 -0.00822 0.01880 -0.01332 1.87477e-01 7.15945e-04 -5.7079869212e-01 -3.8260561083e-01
244.000 -0.00000 0.00000 0.00000 0.00000 -0.00000 0.00000 -4.5546e-02 9.1688e-01 -1.9725e-03 -2.4739e-04 4.0894e-01 5.3342e-06 0.43504 0.44708 0.42526 0.02136 0.00146 0.01088 1.87482e-01 7.14345e-04 -5.7080156940e-01 -3.8260566959e-01
246.000 -0.00000 -0.00000 -0.00000 0.00000 -0.00000 0.00000 1.2930e-02 9.1693e-01 4.5000e-02 -2.4739e-04 4.0894e-01 5.3342e-06 0.42139 0.44713 0.43884 -0.00596 -0.02146 -0.00510 1.87485e-01 7.13466e-04 -5.7080402672e-01 -3.8260573321e-01
248.000 0.00000 -0.00000 0.00000 0.00000 -0.00000 0.00000 3.9009e-02 9.1695e-01 -2.8305e-02 -2.4739e-04 4.0894e-01 5.3342e-06 0.43815 0.44719 0.42200 -0.01894 0.01307 -0.00088 1.87487e-01 7.13506e-04 -5.7080589816e-01 -3.8260580121e-01
250.000 -0.00000 -0.00000 0.00000 0.00000 -0.00000 0.00000 -4.1142e-02 9.1691e-01 -2.9183e-02 -2.4739e-04 4.0894e-01 5.3342e-06 0.42577 0.44730 0.43426 0.01897 0.01402 0.00422 1.87487e-01 7.14406e-04 -5.7080702999e-01 -3.8260587276e-01
252.000 -0.00000 0.00000 0.00000 0.00000 -0.00000 0.00000 -1.5609e-02 9.1691e-01 4.8649e-02 -2.4739e-04 4.0894e-01 5.3342e-06 0.42998 0.44734 0.43002 0.00725 -0.02287 -0.00383 1.87486e-01 7.15817e-04 -5.7080730339e-01 -3.8260594671e-01
254.000 0.00000 0.00000 0.00000 0.00000 -0.00000 0.00000 5.0778e-02 9.1694e-01 -1.1087e-03 -2.4739e-04 4.0894e-01 5.3342e-06 0.43202 0.44733 0.42798 -0.02419 0.00048 0.00077 1.87483e-01 7.17175e-04 -5.7080665824e-01 -3.8260602181e-01
256.000 0.00000 0.00000 0.00000 0.00000 -0.00000 0.00000 -1.7824e-02 9.1689e-01 -4.8260e-02 -2.4739e-04 4.0894e-01 5.3342e-06 0.42936 0.44737 0.43062 0.00820 0.02272 0.00239 1.87481e-01 7.17866e-04 -5.7080511173e-01 -3.8260609682e-01
258.000 0.00000 -0.00000 0.00000 0.00000 -0.00000 0.00000 -4.0407e-02 9.1687e-01 3.1335e-02 -2.4739e-04 4.0894e-01 5.3342e-06 0.42690 0.44736 0.43309 0.01865 -0.01493 -0.00312 1.87479e-01 7.17428e-04 -5.7080276526e-01 -3.8260617064e-01
260.000 0.00000 0.00000 0.00000 0.00000 -0.00000 0.00000 4.0969e-02 9.1691e-01 2.7228e-02 -2.4739e-04 4.0894e-01 5.3342e-06 0.43659 0.44726 0.42352 -0.01979 -0.01258 0.00030 1.87478e-01 7.15713e-04 -5.7079979580e-01 -3.8260624236e-01
262.000 0.00000 -0.00000 0.00000 0.00000 -0.00000 0.00000 1.1497e-02 9.1689e-01 -4.6669e-02 -2.4739e-04 4.0894e-01 5.3342e-06 0.42308 0.44721 0.43710 -0.00532 0.02219 0.00499 1.87477e-01 7.12930e-04 -5.7079643253e-01 -3.8260631124e-01
264.000 -0.00000 -0.00000 0.00000 0.00000 -0.00000 0.00000 -4.6877e-02 9.1685e-01 3.6817e-03 -2.4739e-04 4.0894e-01 5.3342e-06 0.43341 0.44716 0.42683 0.02193 -0.00222 -0.01002 1.87477e-01 7.09574e-04 -5.7079292450e-01 -3.8260637672e-01
266.000 -0.00000 0.00000 0.00000 0.00000 -0.00000 0.00000 1.7444e-02 9.1689e-01 4.0730e-02 -2.4739e-04 4.0894e-01 5.3342e-06 0.43381 0.44704 0.42659 -0.00905 -0.01917 0.01176 1.87477e-01 7.06267e-04 -5.7078950782e-01 -3.8260643838e-01
268.000 0.00000 0.00000 0.00000 0.00000 -0.00000 0.00000 3.0231e-02 9.1690e-01 -2.9252e-02 -2.4739e-04 4.0894e-01 5.3342e-06 0.41940 0.44694 0.44111 -0.01437 0.01436 -0.00855 1.87476e-01 7.03593e-04 -5.7078637966e-01 -3.8260649597e-01
270.000 -0.00000 -0.00000 0.00000 0.00000 -0.00000 0.00000 -3.6819e-02 9.1685e-01 -1.7910e-02 -2.4739e-04 4.0894e-01 5.3342e-06 0.44536 0.44690 0.41520 0.01763 0.00816 0.00097 1.87475e-01 7.01966e-04 -5.7078368354e-01 -3.8260654944e-01
272.000 0.00000 0.00000 0.00000 0.00000 -0.00000 0.00000 -4.3433e-03 9.1686e-01 3.8385e-02 -2.4739e-04 4.0894e-01 5.3342e-06 0.41638 0.44681 0.44428 0.00136 -0.01856 0.00824 1.87473e-01 7.01571e-04 -5.7078150577e-01 -3.8260659894e-01
274.000 -0.00000 -0.00000 -0.00000 0.00000 -0.00000 0.00000 3.5003e-02 9.1687e-01 -9.8847e-03 -2.4739e-04 4.0894e-01 5.3342e-06 0.43769 0.44673 0.42307 -0.01715 0.00515 -0.01539 1.87471e-01 7.02370e-04 -5.7077988057e-01 -3.8260664484e-01
276.000 0.00000 -0.00000 0.00000 0.00000 -0.00000 0.00000 -2.2105e-02 9.1683e-01 -2.8322e-02 -2.4739e-04 4.0894e-01 5.3342e-06 0.43302 0.44672 0.42775 0.01071 0.01364 0.01744 1.87468e-01 7.04143e-04 -5.7077880003e-01 -3.8260668767e-01
278.000 -0.00000 0.00000 0.00000 0.00000 -0.00000 0.00000 -1.8234e-02 9.1681e-01 2.9884e-02 -2.4739e-04 4.0894e-01 5.3342e-06 0.41821 0.44670 0.44260 0.00848 -0.01468 -0.01328 1.87465e-01 7.06551e-04 -5.7077822515e-01 -3.8260672816e-01
280.000 -0.00000 0.00000 0.00000 0.00000 -0.00000 0.00000 3.3402e-02 9.1683e-01 4.9180e-03 -2.4739e-04 4.0894e-01 5.3342e-06 0.44812 0.44666 0.41272 -0.01662 -0.00236 0.00428 1.87462e-01 7.09199e-04 -5.7077809594e-01 -3.8260676713e-01
282.000 -0.00000 0.00000 0.00000 0.00000 -0.00000 0.00000 -9.0242e-03 9.1679e-01 -3.3351e-02 -2.4739e-04 4.0894e-01 5.3342e-06 0.41338 0.44669 0.44743 0.00403 0.01634 0.00628 1.87460e-01 7.11683e-04 -5.7077833896e-01 -3.8260680550e-01
284.000 -0.00000 -0.00000 0.00000 0.00000 -0.00000 0.00000 -2.8702e-02 9.1677e-01 2.0885e-02 -2.4739e-04 4.0894e-01 5.3342e-06 0.44084 0.44673 0.41992 0.01386 -0.01001 -0.01448 1.87458e-01 7.13640e-04 -5.7077887255e-01 -3.8260684422e-01
286.000 -0.00000 0.00000 0.00000 0.00000 -0.00000 0.00000 3.0264e-02 9.1681e-01 1.8872e-02 -2.4739e-04 4.0894e-01 5.3342e-06 0.42979 0.44674 0.43096 -0.01481 -0.00944 0.01737 1.87458e-01 7.14776e-04 -5.7077960988e-01 -3.8260688430e-01
288.000 -0.00000 -0.00000 -0.00000 0.00000 -0.00000 0.00000 5.9559e-03 9.1680e-01 -3.7039e-02 -2.4739e-04 4.0894e-01 5.3342e-06 0.42151 0.44680 0.43916 -0.00358 0.01784 -0.01413 1.87459e-01 7.14906e-04 -5.7078046078e-01 -3.8260692670e-01
290.000 -0.00000 0.00000 0.00000 0.00000 -0.00000 0.00000 -3.9243e-02 9.1678e-01 7.5293e-03 -2.4739e-04 4.0894e-01 5.3342e-06 0.44462 0.44689 0.41596 0.01871 -0.00314 0.00636 1.87460e-01 7.13981e-04 -5.7078133328e-01 -3.8260697235e-01
292.000 -0.00000 0.00000 0.00000 0.00000 -0.00000 0.00000 2.1026e-02 9.1683e-01 3.5347e-02 -2.4739e-04 4.0894e-01 5.3342e-06 0.41602 0.44693 0.44451 -0.00991 -0.01719 0.00261 1.87463e-01 7.12111e-04 -5.7078213556e-01 -3.8260702206e-01
294.000 -0.00000 0.00000 0.00000 0.00000 -0.00000 0.00000 2.6615e-02 9.1685e-01 -3.3934e-02 -2.4739e-04 4.0894e-01 5.3342e-06 0.43949 0.44701 0.42096 -0.01337 0.01585 -0.00922 1.87466e-01 7.09571e-04 -5.7078277927e-01 -3.8260707644e-01
296.000 -0.00000 0.00000 -0.00000 0.00000 -0.00000 0.00000 -4.3541e-02 9.1682e-01 -1.4960e-02 -2.4739e-04 4.0894e-01 5.3342e-06 0.42812 0.44713 0.43220 0.02024 0.00759 0.01121 1.87469e-01 7.06773e-04 -5.7078318415e-01 -3.8260713584e-01
298.000 0.00000 -0.00000 -0.00000 0.00000 -0.00000 0.00000 -6.3658e-04 9.1686e-01 4.7414e-02 -2.4739e-04 4.0894e-01 5.3342e-06 0.42605 0.44719 0.43420 0.00047 -0.02245 -0.00860 1.87472e-01 7.04203e-04 -5.7078328431e-01 -3.8260720024e-01
300.000 0.00000 -0.00000 0.00000 0.00000 -0.00000 0.00000 4.5871e-02 9.1689e-01 -1.5717e-02 -2.4739e-04 4.0894e-01 5.3342e-06 0.43674 0.44724 0.42346 -0.02206 0.00709 0.00348 1.87473e-01 7.02320e-04 -5.7078303517e-01 -3.8260726921e-01
302.000 0.00000 -0.00000 0.00000 0.00000 -0.00000 0.00000 -3.1032e-02 9.1685e-01 -3.9963e-02 -2.4739e-04 4.0894e-01 5.3342e-06 0.42482 0.44734 0.43528 0.01416 0.01902 0.00112 1.87474e-01 7.01443e-04 -5.7078242033e-01 -3.8260734190e-01
304.000 0.00000 0.00000 0.00000 0.00000 -0.00000 0.00000 -2.9268e-02 9.1684e-01 4.2250e-02 -2.4739e-04 4.0894e-01 5.3342e-06 0.43158 0.44739 0.42848 0.01364 -0.01983 -0.00283 1.87472e-01 7.01666e-04 -5.7078145672e-01 -3.8260741714e-01
306.000 0.00000 -0.00000 0.00000 0.00000 -0.00000 0.00000 4.8886e-02 9.1688e-01 1.4006e-02 -2.4739e-04 4.0894e-01 5.3342e-06 0.43161 0.44736 0.42847 -0.02330 -0.00660 0.00116 1.87470e-01 7.02834e-04 -5.7078019669e-01 -3.8260749356e-01
308.000 0.00000 -0.00000 -0.00000 0.00000 -0.00000 0.00000 -2.8789e-03 9.1683e-01 -5.1115e-02 -2.4739e-04 4.0894e-01 5.3342e-06 0.42819 0.44739 0.43188 0.00120 0.02409 0.00232 1.87467e-01 7.04600e-04 -5.7077872569e-01 -3.8260756973e-01
310.000 -0.00000 0.00000 0.00000 0.00000 -0.00000 0.00000 -4.7654e-02 9.1678e-01 1.8165e-02 -2.4739e-04 4.0894e-01 5.3342e-06 0.42887 0.44739 0.43121 0.02212 -0.00879 -0.00489 1.87463e-01 7.06555e-04 -5.7077715514e-01 -3.8260764438e-01
312.000 -0.00000 0.00000 0.00000 0.00000 -0.00000 0.00000 3.0941e-02 9.1682e-01 3.7967e-02 -2.4739e-04 4.0894e-01 5.3342e-06 0.43591 0.44729 0.42427 -0.01516 -0.01771 0.00423 1.87460e-01 7.08355e-04 -5.7077561097e-01 -3.8260771642e-01
314.000 -0.00000 -0.00000 -0.00000 0.00000 -0.00000 0.00000 2.4416e-02 9.1680e-01 -4.0732e-02 -2.4739e-04 4.0894e-01 5.3342e-06 0.42090 0.44723 0.43936 -0.01147 0.01952 0.00020 1.87457e-01 7.09822e-04 -5.7077422006e-01 -3.8260778505e-01
316.000 0.00000 0.00000 0.00000 0.00000 -0.00000 0.00000 -4.5448e-02 9.1674e-01 -9.8757e-03 -2.4739e-04 4.0894e-01 5.3342e-06 0.43902 0.44719 0.42129 0.02142 0.00421 -0.00672 1.87454e-01 7.10959e-04 -5.7077309690e-01 -3.8260784972e-01
318.000 0.00000 -0.00000 0.00000 0.00000 -0.00000 0.00000 4.8087e-03 9.1677e-01 4.3657e-02 -2.4739e-04 4.0894e-01 5.3342e-06 0.42630 0.44708 0.43414 -0.00309 -0.02073 0.01222 1.87453e-01 7.11906e-04 -5.7077233351e-01 -3.8260791012e-01
320.000 -0.00000 0.00000 0.00000 0.00000 -0.00000 0.00000 3.6843e-02 9.1678e-01 -1.8919e-02 -2.4739e-04 4.0894e-01 5.3342e-06 0.42615 0.44697 0.43440 -0.01768 0.00952 -0.01369 1.87451e-01 7.12856e-04 -5.7077199403e-01 -3.8260796616e-01
322.000 -0.00000 0.00000 0.00000 0.00000 -0.00000 0.00000 -2.9828e-02 9.1673e-01 -2.7120e-02 -2.4739e-04 4.0894e-01 5.3342e-06 0.44239 0.44693 0.41820 0.01441 0.01269 0.00973 1.87450e-01 7.13971e-04 -5.7077211419e-01 -3.8260801798e-01
324.000 0.00000 -0.00000 0.00000 0.00000 -0.00000 0.00000 -1.4802e-02 9.1674e-01 3.5325e-02 -2.4739e-04 4.0894e-01 5.3342e-06 0.41385 0.44685 0.44683 0.00646 -0.01723 -0.00133 1.87449e-01 7.15331e-04 -5.7077270475e-01 -3.8260806589e-01
326.000 -0.00000 -0.00000 0.00000 0.00000 -0.00000 0.00000 3.5966e-02 9.1677e-01 3.8293e-04 -2.4739e-04 4.0894e-01 5.3342e-06 0.44548 0.44677 0.41529 -0.01774 0.00017 -0.00849 1.87449e-01 7.16909e-04 -5.7077375695e-01 -3.8260811040e-01
328.000 -0.00000 -0.00000 -0.00000 0.00000 -0.00000 0.00000 -1.3393e-02 9.1674e-01 -3.2913e-02 -2.4739e-04 4.0894e-01 5.3342e-06 0.42237 0.44676 0.43840 0.00647 0.01598 0.01594 1.87449e-01 7.18585e-04 -5.7077524823e-01 -3.8260815216e-01
330.000 -0.00000 -0.00000 0.00000 0.00000 -0.00000 0.00000 -2.5631e-02 9.1673e-01 2.3865e-02 -2.4739e-04 4.0894e-01 5.3342e-06 0.42810 0.44674 0.43268 0.01217 -0.01176 -0.01802 1.87449e-01 7.20170e-04 -5.7077714685e-01 -3.8260819195e-01
332.000 0.00000 -0.00000 0.00000 0.00000 -0.00000 0.00000 3.0864e-02 9.1677e-01 1.3976e-02 -2.4739e-04 4.0894e-01 5.3342e-06 0.44242 0.44669 0.41840 -0.01537 -0.00684 0.01377 1.87450e-01 7.21449e-04 -5.7077941471e-01 -3.8260823065e-01
334.000 0.00000 0.00000 -0.00000 0.00000 -0.00000 0.00000 3.5635e-04 9.1676e-01 -3.4653e-02 -2.4739e-04 4.0894e-01 5.3342e-06 0.41288 0.44672 0.44790 -0.00061 0.01694 -0.00472 1.87452e-01 7.22216e-04 -5.7078200789e-01 -3.8260826921e-01
336.000 -0.00000 0.00000 0.00000 0.00000 -0.00000 0.00000 -3.3734e-02 9.1675e-01 1.2566e-02 -2.4739e-04 4.0894e-01 5.3342e-06 0.44718 0.44676 0.41354 0.01626 -0.00587 -0.00573 1.87454e-01 7.22316e-04 -5.7078487532e-01 -3.8260830863e-01
338.000 -0.00000 -0.00000 -0.00000 0.00000 -0.00000 0.00000 2.4279e-02 9.1680e-01 2.7062e-02 -2.4739e-04 4.0894e-01 5.3342e-06 0.41995 0.44676 0.44075 -0.01180 -0.01337 0.01370 1.87458e-01 7.21684e-04 -5.7078795578e-01 -3.8260834991e-01
340.000 0.00000 0.00000 0.00000 0.00000 -0.00000 0.00000 1.6327e-02 9.1682e-01 -3.4406e-02 -2.4739e-04 4.0894e-01 5.3342e-06 0.43124 0.44681 0.42939 -0.00856 0.01641 -0.01636 1.87462e-01 7.20371e-04 -5.7079117398e-01 -3.8260839402e-01
342.000 -0.00000 -0.00000 0.00000 0.00000 -0.00000 0.00000 -4.0597e-02 9.1681e-01 -3.7440e-03 -2.4739e-04 4.0894e-01 5.3342e-06 0.43812 0.44691 0.42239 0.01918 0.00231 0.01315 1.87467e-01 7.18565e-04 -5.7079443647e-01 -3.8260844183e-01
344.000 -0.00000 0.00000 0.00000 0.00000 -0.00000 0.00000 1.0292e-02 9.1687e-01 4.0851e-02 -2.4739e-04 4.0894e-01 5.3342e-06 0.41748 0.44695 0.44297 -0.00470 -0.01967 -0.00586 1.87473e-01 7.16581e-04 -5.7079762850e-01 -3.8260849404e-01
346.000 -0.00000 -0.00000 0.00000 0.00000 -0.00000 0.00000 3.5923e-02 9.1691e-01 -2.5174e-02 -2.4739e-04 4.0894e-01 5.3342e-06 0.44252 0.44701 0.41785 -0.01767 0.01156 -0.00216 1.87477e-01 7.14813e-04 -5.7080061325e-01 -3.8260855108e-01
348.000 0.00000 -0.00000 0.00000 0.00000 -0.00000 0.00000 -3.8005e-02 9.1688e-01 -2.7238e-02 -2.4739e-04 4.0894e-01 5.3342e-06 0.42250 0.44714 0.43773 0.01747 0.01332 0.00762 1.87481e-01 7.13651e-04 -5.7080323504e-01 -3.8260861303e-01
350.000 -0.00000 0.00000 -0.00000 0.00000 -0.00000 0.00000 -1.4647e-02 9.1690e-01 4.6001e-02 -2.4739e-04 4.0894e-01 5.3342e-06 0.43143 0.44720 0.42871 0.00706 -0.02164 -0.00870 1.87483e-01 7.13365e-04 -5.7080532814e-01 -3.8260867958e-01
352.000 0.00000 0.00000 -0.00000 0.00000 -0.00000 0.00000 4.8996e-02 9.1695e-01 -1.4701e-03 -2.4739e-04 4.0894e-01 5.3342e-06 0.43332 0.44724 0.42678 -0.02341 0.00038 0.00589 1.87484e-01 7.13992e-04 -5.7080673224e-01 -3.8260875001e-01
354.000 0.00000 -0.00000 0.00000 0.00000 -0.00000 0.00000 -1.8114e-02 9.1690e-01 -4.7491e-02 -2.4739e-04 4.0894e-01 5.3342e-06 0.42567 0.44733 0.43433 0.00806 0.02247 -0.00150 1.87483e-01 7.15281e-04 -5.7080731367e-01 -3.8260882325e-01
356.000 0.00000 -0.00000 0.00000 0.00000 -0.00000 0.00000 -4.0520e-02 9.1688e-01 3.2094e-02 -2.4739e-04 4.0894e-01 5.3342e-06 0.43203 0.44738 0.42792 0.01888 -0.01504 -0.00159 1.87481e-01 7.16728e-04 -5.7080698944e-01 -3.8260889808e-01
358.000 -0.00000 0.00000 0.00000 0.00000 -0.00000 0.00000 4.2602e-02 9.1692e-01 2.7837e-02 -2.4739e-04 4.0894e-01 5.3342e-06 0.43142 0.44734 0.42857 -0.02036 -0.01308 0.00152 1.87479e-01 7.17712e-04 -5.7080574846e-01 -3.8260897324e-01
360.000 0.00000 0.00000 0.00000 0.00000 -0.00000 0.00000 1.2074e-02 9.1689e-01 -4.9339e-02 -2.4739e-04 4.0894e-01 5.3342e-06 0.42668 0.44734 0.43333 -0.00581 0.02330 0.00154 1.87477e-01 7.17700e-04 -5.7080366310e-01 -3.8260904757e-01
362.000 0.00000 -0.00000 0.00000 0.00000 -0.00000 0.00000 -5.0475e-02 9.1684e-01 3.6716e-03 -2.4739e-04 4.0894e-01 5.3342e-06 0.43186 0.44734 0.42816 0.02353 -0.00201 -0.00548 1.87475e-01 7.16421e-04 -5.7080088609e-01 -3.8260912010e-01
364.000 0.00000 -0.00000 -0.00000 0.00000 -0.00000 0.00000 1.8406e-02 9.1688e-01 4.4919e-02 -2.4739e-04 4.0894e-01 5.3342e-06 0.43284 0.44724 0.42731 -0.00932 -0.02108 0.00742 1.87474e-01 7.13963e-04 -5.7079763188e-01 -3.8260919002e-01
366.000 -0.00000 -0.00000 0.00000 0.00000 -0.00000 0.00000 3.4552e-02 9.1689e-01 -3.1384e-02 -2.4739e-04 4.0894e-01 5.3342e-06 0.42182 0.44715 0.43843 -0.01635 0.01522 -0.00538 1.87474e-01 7.10738e-04 -5.7079414649e-01 -3.8260925672e-01
368.000 -0.00000 -0.00000 0.00000 0.00000 -0.00000 0.00000 -4.0097e-02 9.1684e-01 -2.1900e-02 -2.4739e-04 4.0894e-01 5.3342e-06 0.44184 0.44711 0.41847 0.01904 0.00998 -0.00055 1.87474e-01 7.07342e-04 -5.7079067392e-01 -3.8260931974e-01
370.000 0.00000 0.00000 0.00000 0.00000 -0.00000 0.00000 -7.6314e-03 9.1686e-01 4.2613e-02 -2.4739e-04 4.0894e-01 5.3342e-06 0.41967 0.44700 0.44077 0.00284 -0.02041 0.00814 1.87474e-01 7.04392e-04 -5.7078742711e-01 -3.8260937875e-01
372.000 -0.00000 -0.00000 0.00000 0.00000 -0.00000 0.00000 3.9890e-02 9.1689e-01 -7.5266e-03 -2.4739e-04 4.0894e-01 5.3342e-06 0.43480 0.44689 0.42577 -0.01930 0.00411 -0.01399 1.87473e-01 7.02368e-04 -5.7078456912e-01 -3.8260943363e-01
374.000 -0.00000 -0.00000 -0.00000 0.00000 -0.00000 0.00000 -2.0763e-02 9.1684e-01 -3.3568e-02 -2.4739e-04 4.0894e-01 5.3342e-06 0.43480 0.44685 0.42583 0.01013 0.01594 0.01519 1.87471e-01 7.01540e-04 -5.7078220583e-01 -3.8260948447e-01
376.000 -0.00000 -0.00000 0.00000 0.00000 -0.00000 0.00000 -2.3585e-02 9.1683e-01 2.9539e-02 -2.4739e-04 4.0894e-01 5.3342e-06 0.41739 0.44679 0.44331 0.01081 -0.01455 -0.01063 1.87469e-01 7.01942e-04 -5.7078038857e-01 -3.8260953156e-01
378.000 0.00000 -0.00000 -0.00000 0.00000 -0.00000 0.00000 3.3985e-02 9.1685e-01 1.0191e-02 -2.4739e-04 4.0894e-01 5.3342e-06 0.44778 0.44671 0.41300 -0.01689 -0.00465 0.00164 1.87466e-01 7.03411e-04 -5.7077912275e-01 -3.8260957538e-01
380.000 0.00000 -0.00000 0.00000 0.00000 -0.00000 0.00000 -3.9506e-03 9.1681e-01 -3.4790e-02 -2.4739e-04 4.0894e-01 5.3342e-06 0.41466 0.44670 0.44614 0.00184 0.01697 0.00856 1.87463e-01 7.05641e-04 -5.7077837892e-01 -3.8260961659e-01
382.000 -0.00000 0.00000 0.00000 0.00000 -0.00000 0.00000 -3.0951e-02 9.1678e-01 1.6105e-02 -2.4739e-04 4.0894e-01 5.3342e-06 0.43879 0.44671 0.42200 0.01483 -0.00795 -0.01610 1.87460e-01 7.08251e-04 -5.7077810333e-01 -3.8260965599e-01
384.000 -0.00000 0.00000 0.00000 0.00000 -0.00000 0.00000 2.5881e-02 9.1680e-01 2.1909e-02 -2.4739e-04 4.0894e-01 5.3342e-06 0.43242 0.44668 0.42841 -0.01291 -0.01074 0.01808 1.87458e-01 7.10834e-04 -5.7077822648e-01 -3.8260969446e-01
386.000 0.00000 -0.00000 0.00000 0.00000 -0.00000 0.00000 9.7543e-03 9.1679e-01 -3.3200e-02 -2.4739e-04 4.0894e-01 5.3342e-06 0.41879 0.44670 0.44200 -0.00522 0.01616 -0.01375 1.87456e-01 7.13008e-04 -5.7077866909e-01 -3.8260973295e-01
388.000 0.00000 0.00000 0.00000 0.00000 -0.00000 0.00000 -3.6136e-02 9.1675e-01 3.0410e-03 -2.4739e-04 4.0894e-01 5.3342e-06 0.44725 0.44677 0.41348 0.01734 -0.00118 0.00482 1.87455e-01 7.14453e-04 -5.7077934583e-01 -3.8260977245e-01
390.000 0.00000 0.00000 0.00000 0.00000 -0.00000 0.00000 1.6009e-02 9.1679e-01 3.3175e-02 -2.4739e-04 4.0894e-01 5.3342e-06 0.41426 0.44678 0.44644 -0.00769 -0.01624 0.00524 1.87455e-01 7.14942e-04 -5.7078016749e-01 -3.8260981395e-01
392.000 -0.00000 -0.00000 -0.00000 0.00000 -0.00000 0.00000 2.5542e-02 9.1680e-01 -2.8658e-02 -2.4739e-04 4.0894e-01 5.3342e-06 0.44019 0.44684 0.42045 -0.01293 0.01350 -0.01266 1.87457e-01 7.14376e-04 -5.7078104248e-01 -3.8260985839e-01
394.000 -0.00000 0.00000 0.00000 0.00000 -0.00000 0.00000 -3.8374e-02 9.1677e-01 -1.5044e-02 -2.4739e-04 4.0894e-01 5.3342e-06 0.42926 0.44695 0.43125 0.01794 0.00771 0.01489 1.87459e-01 7.12809e-04 -5.7078187864e-01 -3.8260990662e-01
396.000 0.00000 -0.00000 0.00000 0.00000 -0.00000 0.00000 -1.7687e-03 9.1681e-01 4.2760e-02 -2.4739e-04 4.0894e-01 5.3342e-06 0.42331 0.44701 0.43714 0.00109 -0.02040 -0.01167 1.87462e-01 7.10460e-04 -5.7078258595e-01 -3.8260995934e-01
398.000 0.00000 -0.00000 0.00000 0.00000 -0.00000 0.00000 4.2084e-02 9.1685e-01 -1.3832e-02 -2.4739e-04 4.0894e-01 5.3342e-06 0.44110 0.44706 0.41929 -0.02044 0.00610 0.00499 1.87465e-01 7.07700e-04 -5.7078308072e-01 -3.8261001699e-01
400.000 -0.00000 0.00000 0.00000 0.00000 -0.00000 0.00000 -2.8843e-02 9.1682e-01 -3.7245e-02 -2.4739e-04 4.0894e-01 5.3342e-06 0.42011 0.44718 0.44015 0.01302 0.01795 0.00187 1.87468e-01 7.04999e-04 -5.7078329138e-01 -3.8261007970e-01
