# t x y z vx vy vz omx omy omz llx lly llz Ixx Iyy Izz Ixy Iyz Ixz KErot PEspr PEgrav Etot
0.000 0.00000 0.00000 -0.00000 -0.00000 0.00000 -0.00000 2.8394e-02 9.2069e-01 -3.9148e-02 -2.5053e-04 4.0736e-01 9.7050e-06 0.42822 0.44365 0.43220 -0.01345 0.01836 0.00076 1.87522e-01 3.19566e-29 -5.7139248831e-01 -3.8387097423e-01
2.000 0.00000 -0.00000 -0.00000 0.00000 -0.00000 0.00000 -4.5865e-02 9.1891e-01 -1.5009e-02 -2.5053e-04 4.0736e-01 9.7050e-06 0.43165 0.44448 0.42606 0.02122 0.00680 -0.00334 1.87178e-01 3.77649e-04 -5.7182520524e-01 -3.8426928311e-01
4.004 0.00000 0.00000 0.00000 -0.00000 -0.00000 0.00000 -3.0724e-04 9.1865e-01 4.6705e-02 -2.5053e-04 4.0736e-01 9.7050e-06 0.42815 0.44454 0.42954 -0.00046 -0.02183 0.00647 1.87112e-01 4.29980e-04 -5.7182188185e-01 -3.8428029329e-01
6.004 -0.00000 -0.00000 0.00000 0.00000 0.00000 -0.00000 4.2205e-02 9.1873e-01 -1.4627e-02 -2.5053e-04 4.0736e-01 9.7050e-06 0.42506 0.44442 0.43273 -0.01992 0.00725 -0.00755 1.87122e-01 4.19969e-04 -5.7182288129e-01 -3.8428079313e-01
8.004 -0.00000 -0.00000 -0.00000 0.00000 0.00000 0.00000 -2.7148e-02 9.1870e-01 -3.4347e-02 -2.5053e-04 4.0736e-01 9.7050e-06 0.43786 0.44438 0.41999 0.01286 0.01586 0.00507 1.87125e-01 4.17895e-04 -5.7182345273e-01 -3.8428090204e-01
10.000 0.00000 0.00000 0.00000 0.00000 -0.00000 -0.00000 -2.3396e-02 9.1870e-01 3.4683e-02 -2.5053e-04 4.0736e-01 9.7050e-06 0.41706 0.44430 0.44086 0.01032 -0.01661 0.00072 1.87124e-01 4.18949e-04 -5.7182384451e-01 -3.8428100484e-01
12.000 0.00000 -0.00000 0.00000 0.00000 0.00000 -0.00000 3.7747e-02 9.1873e-01 9.4759e-03 -2.5053e-04 4.0736e-01 9.7050e-06 0.43971 0.44418 0.41833 -0.01826 -0.00397 -0.00802 1.87123e-01 4.19854e-04 -5.7182428623e-01 -3.8428110012e-01
14.000 0.00000 0.00000 -0.00000 0.00000 0.00000 -0.00000 -4.5470e-03 9.1871e-01 -3.7185e-02 -2.5053e-04 4.0736e-01 9.7050e-06 0.42416 0.44413 0.43394 0.00238 0.01764 0.01373 1.87123e-01 4.20574e-04 -5.7182482938e-01 -3.8428118756e-01
16.000 0.00000 -0.00000 -0.00000 0.00000 0.00000 0.00000 -3.2288e-02 9.1869e-01 1.5910e-02 -2.5053e-04 4.0736e-01 9.7050e-06 0.42531 0.44408 0.43284 0.01494 -0.00802 -0.01515 1.87123e-01 4.21373e-04 -5.7182548584e-01 -3.8428126828e-01
18.000 -0.00000 0.00000 -0.00000 -0.00000 0.00000 0.00000 2.4376e-02 9.1872e-01 2.2743e-02 -2.5053e-04 4.0736e-01 9.7050e-06 0.44124 0.44399 0.41700 -0.01225 -0.01061 0.01112 1.87123e-01 4.22346e-04 -5.7182626787e-01 -3.8428134305e-01
20.004 -0.00000 0.00000 0.00000 -0.00000 -0.00000 0.00000 1.0727e-02 9.1871e-01 -3.0223e-02 -2.5053e-04 4.0736e-01 9.7050e-06 0.41227 0.44395 0.44601 -0.00517 0.01471 -0.00256 1.87122e-01 4.23524e-04 -5.7182718433e-01 -3.8428141298e-01
22.004 0.00000 0.00000 -0.00000 -0.00000 -0.00000 0.00000 -3.1756e-02 9.1869e-01 9.3876e-04 -2.5053e-04 4.0736e-01 9.7050e-06 0.44501 0.44394 0.41328 0.01512 -0.00067 -0.00737 1.87122e-01 4.24879e-04 -5.7182823344e-01 -3.8428147895e-01
24.004 0.00000 -0.00000 0.00000 -0.00000 -0.00000 0.00000 1.1979e-02 9.1871e-01 2.7891e-02 -2.5053e-04 4.0736e-01 9.7050e-06 0.41987 0.44390 0.43846 -0.00621 -0.01350 0.01513 1.87122e-01 4.26351e-04 -5.7182941356e-01 -3.8428154242e-01
26.004 0.00000 -0.00000 -0.00000 0.00000 -0.00000 0.00000 2.0174e-02 9.1871e-01 -2.2202e-02 -2.5053e-04 4.0736e-01 9.7050e-06 0.42857 0.44389 0.42975 -0.01011 0.01079 -0.01781 1.87121e-01 4.27851e-04 -5.7183071569e-01 -3.8428160481e-01
28.004 -0.00000 0.00000 -0.00000 0.00000 -0.00000 0.00000 -2.9379e-02 9.1868e-01 -1.0643e-02 -2.5053e-04 4.0736e-01 9.7050e-06 0.43938 0.44393 0.41890 0.01395 0.00532 0.01441 1.87121e-01 4.29276e-04 -5.7183212417e-01 -3.8428166758e-01
30.004 0.00000 -0.00000 -0.00000 0.00000 -0.00000 -0.00000 6.0945e-04 9.1870e-01 3.1521e-02 -2.5053e-04 4.0736e-01 9.7050e-06 0.41292 0.44393 0.44535 -0.00033 -0.01527 -0.00624 1.87121e-01 4.30516e-04 -5.7183361524e-01 -3.8428173221e-01
32.004 0.00000 0.00000 -0.00000 -0.00000 -0.00000 -0.00000 2.9311e-02 9.1872e-01 -1.3368e-02 -2.5053e-04 4.0736e-01 9.7050e-06 0.44561 0.44395 0.41263 -0.01454 0.00613 -0.00363 1.87122e-01 4.31473e-04 -5.7183515530e-01 -3.8428180014e-01
34.004 0.00000 0.00000 0.00000 -0.00000 -0.00000 -0.00000 -2.5076e-02 9.1869e-01 -2.3982e-02 -2.5053e-04 4.0736e-01 9.7050e-06 0.41781 0.44403 0.44034 0.01143 0.01182 0.01162 1.87123e-01 4.32064e-04 -5.7183669927e-01 -3.8428187275e-01
36.004 0.00000 0.00000 -0.00000 -0.00000 -0.00000 -0.00000 -1.4990e-02 9.1871e-01 3.3157e-02 -2.5053e-04 4.0736e-01 9.7050e-06 0.43185 0.44409 0.42623 0.00732 -0.01562 -0.01502 1.87124e-01 4.32235e-04 -5.7183818938e-01 -3.8428195127e-01
38.000 0.00000 -0.00000 -0.00000 -0.00000 -0.00000 -0.00000 3.7502e-02 9.1875e-01 2.3070e-03 -2.5053e-04 4.0736e-01 9.7050e-06 0.43445 0.44413 0.42359 -0.01804 -0.00159 0.01311 1.87126e-01 4.31973e-04 -5.7183955270e-01 -3.8428203656e-01
40.000 -0.00000 0.00000 0.00000 -0.00000 -0.00000 -0.00000 -1.1893e-02 9.1872e-01 -3.8555e-02 -2.5053e-04 4.0736e-01 9.7050e-06 0.41829 0.44423 0.43963 0.00484 0.01837 -0.00722 1.87127e-01 4.31306e-04 -5.7184071369e-01 -3.8428212973e-01
42.000 0.00000 -0.00000 0.00000 -0.00000 -0.00000 -0.00000 -3.4861e-02 9.1868e-01 2.4679e-02 -2.5053e-04 4.0736e-01 9.7050e-06 0.44027 0.44434 0.41757 0.01643 -0.01120 0.00013 1.87122e-01 4.30003e-04 -5.7183424019e-01 -3.8428221444e-01
44.000 -0.00000 0.00000 0.00000 -0.00000 -0.00000 -0.00000 3.5459e-02 9.1873e-01 2.5528e-02 -2.5053e-04 4.0736e-01 9.7050e-06 0.42080 0.44438 0.43700 -0.01666 -0.01233 0.00523 1.87122e-01 4.29381e-04 -5.7183391792e-01 -3.8428224222e-01
46.000 0.00000 -0.00000 0.00000 -0.00000 -0.00000 -0.00000 1.2524e-02 9.1873e-01 -4.3879e-02 -2.5053e-04 4.0736e-01 9.7050e-06 0.43200 0.44446 0.42571 -0.00650 0.02044 -0.00710 1.87124e-01 4.27559e-04 -5.7183427460e-01 -3.8428226495e-01
48.000 -0.00000 -0.00000 -0.00000 0.00000 -0.00000 -0.00000 -4.7700e-02 9.1870e-01 1.5645e-03 -2.5053e-04 4.0736e-01 9.7050e-06 0.42970 0.44456 0.42791 0.02203 -0.00043 0.00564 1.87126e-01 4.25757e-04 -5.7183394993e-01 -3.8428228926e-01
50.000 -0.00000 0.00000 0.00000 0.00000 -0.00000 -0.00000 1.6049e-02 9.1873e-01 4.5179e-02 -2.5053e-04 4.0736e-01 9.7050e-06 0.42645 0.44457 0.43116 -0.00759 -0.02115 -0.00265 1.87126e-01 4.24526e-04 -5.7183294555e-01 -3.8428231520e-01
52.000 -0.00000 0.00000 -0.00000 0.00000 -0.00000 -0.00000 3.7525e-02 9.1875e-01 -3.0203e-02 -2.5053e-04 4.0736e-01 9.7050e-06 0.43006 0.44458 0.42754 -0.01782 0.01405 0.00045 1.87125e-01 4.23609e-04 -5.7183140465e-01 -3.8428234199e-01
54.000 -0.00000 0.00000 -0.00000 0.00000 -0.00000 -0.00000 -4.1204e-02 9.1869e-01 -2.6739e-02 -2.5053e-04 4.0736e-01 9.7050e-06 0.42957 0.44463 0.42799 0.01898 0.01244 -0.00054 1.87125e-01 4.22534e-04 -5.7182944773e-01 -3.8428236869e-01
56.000 -0.00000 0.00000 0.00000 -0.00000 -0.00000 -0.00000 -1.3156e-02 9.1870e-01 4.6565e-02 -2.5053e-04 4.0736e-01 9.7050e-06 0.42716 0.44459 0.43044 0.00570 -0.02177 0.00275 1.87123e-01 4.21296e-04 -5.7182713948e-01 -3.8428239490e-01
58.000 0.00000 0.00000 -0.00000 0.00000 -0.00000 -0.00000 4.6686e-02 9.1873e-01 -2.5970e-03 -2.5053e-04 4.0736e-01 9.7050e-06 0.42873 0.44452 0.42896 -0.02207 0.00150 -0.00536 1.87122e-01 4.20110e-04 -5.7182459814e-01 -3.8428242049e-01
60.000 0.00000 0.00000 0.00000 0.00000 -0.00000 -0.00000 -1.7530e-02 9.1869e-01 -4.2771e-02 -2.5053e-04 4.0736e-01 9.7050e-06 0.43305 0.44450 0.42468 0.00827 0.01990 0.00610 1.87120e-01 4.19067e-04 -5.7182196798e-01 -3.8428244509e-01
62.000 0.00000 -0.00000 0.00000 0.00000 -0.00000 -0.00000 -3.4446e-02 9.1867e-01 2.8740e-02 -2.5053e-04 4.0736e-01 9.7050e-06 0.42026 0.44444 0.43754 0.01560 -0.01381 -0.00352 1.87119e-01 4.18112e-04 -5.7181937864e-01 -3.8428246833e-01
64.000 0.00000 0.00000 0.00000 0.00000 -0.00000 -0.00000 3.5993e-02 9.1870e-01 2.1800e-02 -2.5053e-04 4.0736e-01 9.7050e-06 0.43983 0.44432 0.41811 -0.01745 -0.00983 -0.00213 1.87117e-01 4.17272e-04 -5.7181695565e-01 -3.8428248993e-01
66.000 -0.00000 -0.00000 0.00000 0.00000 0.00000 -0.00000 7.5202e-03 9.1868e-01 -3.9707e-02 -2.5053e-04 4.0736e-01 9.7050e-06 0.42003 0.44426 0.43797 -0.00333 0.01887 0.00884 1.87116e-01 4.16673e-04 -5.7181477978e-01 -3.8428250985e-01
68.000 -0.00000 0.00000 -0.00000 0.00000 -0.00000 -0.00000 -3.8655e-02 9.1864e-01 5.5082e-03 -2.5053e-04 4.0736e-01 9.7050e-06 0.43190 0.44421 0.42617 0.01798 -0.00312 -0.01364 1.87114e-01 4.16410e-04 -5.7181290666e-01 -3.8428252811e-01
70.000 0.00000 0.00000 0.00000 0.00000 -0.00000 -0.00000 1.6775e-02 9.1867e-01 3.2108e-02 -2.5053e-04 4.0736e-01 9.7050e-06 0.43465 0.44411 0.42354 -0.00870 -0.01505 0.01403 1.87112e-01 4.16520e-04 -5.7181136549e-01 -3.8428254482e-01
72.000 -0.00000 0.00000 -0.00000 -0.00000 0.00000 -0.00000 2.2081e-02 9.1866e-01 -2.6148e-02 -2.5053e-04 4.0736e-01 9.7050e-06 0.41601 0.44404 0.44225 -0.01053 0.01282 -0.00917 1.87111e-01 4.16972e-04 -5.7181015770e-01 -3.8428256011e-01
74.000 0.00000 -0.00000 -0.00000 0.00000 0.00000 -0.00000 -3.1649e-02 9.1862e-01 -1.1016e-02 -2.5053e-04 4.0736e-01 9.7050e-06 0.44587 0.44403 0.41241 0.01509 0.00497 0.00041 1.87109e-01 4.17691e-04 -5.7180927046e-01 -3.8428257419e-01
76.000 -0.00000 -0.00000 0.00000 -0.00000 0.00000 -0.00000 7.2420e-04 9.1863e-01 3.1689e-02 -2.5053e-04 4.0736e-01 9.7050e-06 0.41453 0.44397 0.44381 -0.00092 -0.01531 0.00919 1.87108e-01 4.18584e-04 -5.7180867464e-01 -3.8428258731e-01
78.004 0.00000 -0.00000 -0.00000 -0.00000 0.00000 -0.00000 2.7373e-02 9.1864e-01 -1.2952e-02 -2.5053e-04 4.0736e-01 9.7050e-06 0.43637 0.44393 0.42202 -0.01350 0.00644 -0.01611 1.87106e-01 4.19537e-04 -5.7180833533e-01 -3.8428259979e-01
80.004 0.00000 0.00000 0.00000 0.00000 0.00000 -0.00000 -2.2987e-02 9.1861e-01 -2.0471e-02 -2.5053e-04 4.0736e-01 9.7050e-06 0.43211 0.44395 0.42626 0.01093 0.00995 0.01754 1.87105e-01 4.20408e-04 -5.7180821600e-01 -3.8428261190e-01
82.004 -0.00000 -0.00000 -0.00000 0.00000 0.00000 -0.00000 -1.0810e-02 9.1861e-01 2.8684e-02 -2.5053e-04 4.0736e-01 9.7050e-06 0.41708 0.44395 0.44129 0.00504 -0.01392 -0.01299 1.87105e-01 4.21052e-04 -5.7180827877e-01 -3.8428262396e-01
84.004 -0.00000 0.00000 -0.00000 0.00000 0.00000 -0.00000 3.0379e-02 9.1864e-01 -1.5687e-03 -2.5053e-04 4.0736e-01 9.7050e-06 0.44626 0.44394 0.41212 -0.01502 0.00058 0.00411 1.87105e-01 4.21331e-04 -5.7180848899e-01 -3.8428263629e-01
86.004 0.00000 -0.00000 -0.00000 0.00000 0.00000 -0.00000 -1.4182e-02 9.1861e-01 -2.8917e-02 -2.5053e-04 4.0736e-01 9.7050e-06 0.41302 0.44399 0.44529 0.00629 0.01412 0.00584 1.87105e-01 4.21128e-04 -5.7180881472e-01 -3.8428264919e-01
88.004 0.00000 0.00000 -0.00000 0.00000 0.00000 -0.00000 -2.3343e-02 9.1861e-01 2.4410e-02 -2.5053e-04 4.0736e-01 9.7050e-06 0.43901 0.44404 0.41926 0.01124 -0.01147 -0.01329 1.87106e-01 4.20365e-04 -5.7180922770e-01 -3.8428266298e-01
90.004 0.00000 -0.00000 -0.00000 0.00000 0.00000 -0.00000 3.1984e-02 9.1866e-01 1.3083e-02 -2.5053e-04 4.0736e-01 9.7050e-06 0.42826 0.44406 0.42998 -0.01541 -0.00666 0.01576 1.87108e-01 4.19014e-04 -5.7180970318e-01 -3.8428267794e-01
92.004 0.00000 -0.00000 -0.00000 0.00000 0.00000 -0.00000 2.5293e-04 9.1865e-01 -3.6963e-02 -2.5053e-04 4.0736e-01 9.7050e-06 0.42161 0.44414 0.43654 -0.00090 0.01758 -0.01278 1.87110e-01 4.17118e-04 -5.7181021988e-01 -3.8428269429e-01
94.004 0.00000 -0.00000 -0.00000 0.00000 0.00000 -0.00000 -3.7525e-02 9.1864e-01 1.2593e-02 -2.5053e-04 4.0736e-01 9.7050e-06 0.44121 0.44424 0.41685 0.01767 -0.00546 0.00601 1.87113e-01 4.14810e-04 -5.7181075964e-01 -3.8428271222e-01
96.004 -0.00000 -0.00000 0.00000 0.00000 0.00000 -0.00000 2.4942e-02 9.1869e-01 3.2258e-02 -2.5053e-04 4.0736e-01 9.7050e-06 0.41692 0.44427 0.44109 -0.01165 -0.01552 0.00153 1.87116e-01 4.12310e-04 -5.7181130719e-01 -3.8428273185e-01
98.004 -0.00000 0.00000 -0.00000 0.00000 0.00000 -0.00000 2.2583e-02 9.1871e-01 -3.6328e-02 -2.5053e-04 4.0736e-01 9.7050e-06 0.43701 0.44435 0.42092 -0.01129 0.01682 -0.00689 1.87119e-01 4.09916e-04 -5.7181184982e-01 -3.8428275317e-01
100.004 -0.00000 -0.00000 0.00000 -0.00000 0.00000 -0.00000 -4.4198e-02 9.1868e-01 -1.0583e-02 -2.5053e-04 4.0736e-01 9.7050e-06 0.42646 0.44446 0.43135 0.02034 0.00539 0.00844 1.87122e-01 4.07952e-04 -5.7181237700e-01 -3.8428277608e-01
102.004 0.00000 0.00000 -0.00000 -0.00000 0.00000 -0.00000 3.4089e-03 9.1871e-01 4.6289e-02 -2.5053e-04 4.0736e-01 9.7050e-06 0.42688 0.44450 0.43088 -0.00153 -0.02168 -0.00651 1.87123e-01 4.06714e-04 -5.7181287988e-01 -3.8428280036e-01
104.004 -0.00000 0.00000 -0.00000 0.00000 0.00000 -0.00000 4.3172e-02 9.1874e-01 -1.8807e-02 -2.5053e-04 4.0736e-01 9.7050e-06 0.43249 0.44453 0.42524 -0.02053 0.00857 0.00304 1.87124e-01 4.06394e-04 -5.7181335106e-01 -3.8428282568e-01
106.004 -0.00000 0.00000 0.00000 0.00000 0.00000 -0.00000 -3.2656e-02 9.1870e-01 -3.6180e-02 -2.5053e-04 4.0736e-01 9.7050e-06 0.42631 0.44461 0.43134 0.01486 0.01698 -0.00040 1.87124e-01 4.07025e-04 -5.7181378481e-01 -3.8428285164e-01
108.004 -0.00000 0.00000 0.00000 -0.00000 0.00000 -0.00000 -2.5081e-02 9.1869e-01 4.2072e-02 -2.5053e-04 4.0736e-01 9.7050e-06 0.42916 0.44462 0.42847 0.01144 -0.01961 0.00007 1.87123e-01 4.08465e-04 -5.7181417801e-01 -3.8428287780e-01
110.004 -0.00000 0.00000 -0.00000 -0.00000 0.00000 -0.00000 4.6863e-02 9.1873e-01 1.0139e-02 -2.5053e-04 4.0736e-01 9.7050e-06 0.42954 0.44458 0.42813 -0.02216 -0.00462 -0.00187 1.87121e-01 4.10435e-04 -5.7181453158e-01 -3.8428290374e-01
112.004 -0.00000 -0.00000 0.00000 -0.00000 0.00000 -0.00000 -5.7462e-03 9.1869e-01 -4.7545e-02 -2.5053e-04 4.0736e-01 9.7050e-06 0.42957 0.44458 0.42811 0.00263 0.02219 0.00412 1.87119e-01 4.12594e-04 -5.7181485199e-01 -3.8428292908e-01
114.004 -0.00000 -0.00000 -0.00000 -0.00000 0.00000 -0.00000 -4.3096e-02 9.1866e-01 1.9484e-02 -2.5053e-04 4.0736e-01 9.7050e-06 0.42455 0.44456 0.43314 0.01974 -0.00939 -0.00464 1.87118e-01 4.14634e-04 -5.7181515218e-01 -3.8428295352e-01
116.004 0.00000 -0.00000 -0.00000 -0.00000 0.00000 -0.00000 3.0427e-02 9.1869e-01 3.3100e-02 -2.5053e-04 4.0736e-01 9.7050e-06 0.43697 0.44445 0.42083 -0.01482 -0.01522 0.00205 1.87116e-01 4.16350e-04 -5.7181545118e-01 -3.8428297681e-01
118.004 -0.00000 0.00000 -0.00000 -0.00000 0.00000 -0.00000 1.9954e-02 9.1868e-01 -3.8441e-02 -2.5053e-04 4.0736e-01 9.7050e-06 0.41936 0.44438 0.43852 -0.00924 0.01829 0.00332 1.87115e-01 4.17673e-04 -5.7181577254e-01 -3.8428299878e-01
120.004 0.00000 0.00000 -0.00000 -0.00000 0.00000 -0.00000 -4.1712e-02 9.1864e-01 -6.4838e-03 -2.5053e-04 4.0736e-01 9.7050e-06 0.43611 0.44434 0.42181 0.01946 0.00256 -0.00937 1.87114e-01 4.18655e-04 -5.7181614178e-01 -3.8428301933e-01
122.004 -0.00000 -0.00000 -0.00000 -0.00000 0.00000 -0.00000 6.6478e-03 9.1867e-01 3.8978e-02 -2.5053e-04 4.0736e-01 9.7050e-06 0.42811 0.44423 0.42992 -0.00393 -0.01833 0.01323 1.87114e-01 4.19427e-04 -5.7181658372e-01 -3.8428303843e-01
124.004 0.00000 -0.00000 -0.00000 -0.00000 0.00000 -0.00000 3.1837e-02 9.1869e-01 -1.9001e-02 -2.5053e-04 4.0736e-01 9.7050e-06 0.42192 0.44414 0.43621 -0.01516 0.00947 -0.01261 1.87114e-01 4.20142e-04 -5.7181712021e-01 -3.8428305609e-01
126.004 -0.00000 -0.00000 0.00000 -0.00000 0.00000 -0.00000 -2.8196e-02 9.1865e-01 -2.2462e-02 -2.5053e-04 4.0736e-01 9.7050e-06 0.44293 0.44410 0.41523 0.01349 0.01038 0.00703 1.87114e-01 4.20934e-04 -5.7181776871e-01 -3.8428307240e-01
128.004 0.00000 -0.00000 -0.00000 -0.00000 0.00000 -0.00000 -1.1098e-02 9.1866e-01 3.2205e-02 -2.5053e-04 4.0736e-01 9.7050e-06 0.41284 0.44403 0.44539 0.00465 -0.01558 0.00189 1.87114e-01 4.21894e-04 -5.7181854164e-01 -3.8428308751e-01
130.004 0.00000 0.00000 0.00000 -0.00000 0.00000 -0.00000 3.1762e-02 9.1868e-01 -1.9368e-03 -2.5053e-04 4.0736e-01 9.7050e-06 0.44218 0.44396 0.41612 -0.01558 0.00127 -0.01097 1.87113e-01 4.23054e-04 -5.7181944628e-01 -3.8428310159e-01
132.004 -0.00000 -0.00000 0.00000 -0.00000 0.00000 -0.00000 -1.4069e-02 9.1865e-01 -2.8187e-02 -2.5053e-04 4.0736e-01 9.7050e-06 0.42422 0.44395 0.43409 0.00674 0.01359 0.01675 1.87113e-01 4.24396e-04 -5.7182048486e-01 -3.8428311490e-01
134.004 0.00000 -0.00000 0.00000 -0.00000 0.00000 -0.00000 -2.0997e-02 9.1865e-01 2.2795e-02 -2.5053e-04 4.0736e-01 9.7050e-06 0.42394 0.44394 0.43438 0.00984 -0.01116 -0.01694 1.87113e-01 4.25862e-04 -5.7182165446e-01 -3.8428312768e-01
136.004 -0.00000 -0.00000 -0.00000 0.00000 0.00000 -0.00000 2.8143e-02 9.1868e-01 9.9991e-03 -2.5053e-04 4.0736e-01 9.7050e-06 0.44295 0.44390 0.41540 -0.01397 -0.00486 0.01131 1.87112e-01 4.27363e-04 -5.7182294653e-01 -3.8428314022e-01
138.004 0.00000 0.00000 0.00000 0.00000 0.00000 -0.00000 -2.4659e-03 9.1866e-01 -3.0599e-02 -2.5053e-04 4.0736e-01 9.7050e-06 0.41155 0.44393 0.44677 0.00077 0.01489 -0.00183 1.87112e-01 4.28797e-04 -5.7182434599e-01 -3.8428315282e-01
140.004 -0.00000 -0.00000 0.00000 -0.00000 0.00000 -0.00000 -2.8818e-02 9.1864e-01 1.3816e-02 -2.5053e-04 4.0736e-01 9.7050e-06 0.44456 0.44397 0.41371 0.01379 -0.00646 -0.00805 1.87113e-01 4.30055e-04 -5.7182582979e-01 -3.8428316577e-01
142.004 -0.00000 0.00000 -0.00000 -0.00000 0.00000 -0.00000 2.3707e-02 9.1868e-01 2.1827e-02 -2.5053e-04 4.0736e-01 9.7050e-06 0.42094 0.44397 0.43731 -0.01149 -0.01076 0.01482 1.87113e-01 4.31037e-04 -5.7182736519e-01 -3.8428317936e-01
144.004 0.00000 -0.00000 -0.00000 -0.00000 0.00000 -0.00000 1.1366e-02 9.1867e-01 -3.1998e-02 -2.5053e-04 4.0736e-01 9.7050e-06 0.42781 0.44403 0.43038 -0.00613 0.01520 -0.01620 1.87114e-01 4.31658e-04 -5.7182890809e-01 -3.8428319388e-01
146.004 -0.00000 0.00000 0.00000 -0.00000 0.00000 -0.00000 -3.6549e-02 9.1865e-01 3.2385e-04 -2.5053e-04 4.0736e-01 9.7050e-06 0.43850 0.44412 0.41959 0.01717 0.00034 0.01210 1.87115e-01 4.31863e-04 -5.7183040182e-01 -3.8428320957e-01
148.004 0.00000 -0.00000 -0.00000 -0.00000 0.00000 -0.00000 1.2939e-02 9.1869e-01 3.5515e-02 -2.5053e-04 4.0736e-01 9.7050e-06 0.41548 0.44416 0.44256 -0.00595 -0.01703 -0.00452 1.87117e-01 4.31633e-04 -5.7183177703e-01 -3.8428322663e-01
150.004 -0.00000 -0.00000 0.00000 -0.00000 0.00000 -0.00000 2.9810e-02 9.1871e-01 -2.6070e-02 -2.5053e-04 4.0736e-01 9.7050e-06 0.44153 0.44422 0.41643 -0.01470 0.01194 -0.00336 1.87119e-01 4.30994e-04 -5.7183295345e-01 -3.8428324524e-01
152.004 0.00000 -0.00000 -0.00000 -0.00000 0.00000 -0.00000 -3.7030e-02 9.1868e-01 -2.0991e-02 -2.5053e-04 4.0736e-01 9.7050e-06 0.42129 0.44434 0.43655 0.01690 0.01033 0.00858 1.87121e-01 4.30016e-04 -5.7183384403e-01 -3.8428326547e-01
154.000 -0.00000 0.00000 0.00000 -0.00000 0.00000 -0.00000 -9.0790e-03 9.1870e-01 4.3188e-02 -2.5053e-04 4.0736e-01 9.7050e-06 0.43035 0.44440 0.42742 0.00443 -0.02018 -0.00967 1.87122e-01 4.28804e-04 -5.7183436139e-01 -3.8428328729e-01
156.000 0.00000 0.00000 -0.00000 -0.00000 0.00000 -0.00000 4.4727e-02 9.1874e-01 -5.9885e-03 -2.5053e-04 4.0736e-01 9.7050e-06 0.43218 0.44444 0.42554 -0.02127 0.00243 0.00718 1.87124e-01 4.27470e-04 -5.7183443087e-01 -3.8428331068e-01
158.000 0.00000 0.00000 0.00000 -0.00000 0.00000 -0.00000 -2.1235e-02 9.1871e-01 -4.2262e-02 -2.5053e-04 4.0736e-01 9.7050e-06 0.42383 0.44454 0.43380 0.00938 0.01989 -0.00314 1.87125e-01 4.26125e-04 -5.7183399521e-01 -3.8428333540e-01
160.000 -0.00000 -0.00000 0.00000 -0.00000 0.00000 -0.00000 -3.4908e-02 9.1870e-01 3.3635e-02 -2.5053e-04 4.0736e-01 9.7050e-06 0.43251 0.44459 0.42507 0.01616 -0.01555 -0.00001 1.87125e-01 4.24836e-04 -5.7183303046e-01 -3.8428336115e-01
162.000 -0.00000 0.00000 0.00000 -0.00000 0.00000 -0.00000 4.2592e-02 9.1874e-01 2.2370e-02 -2.5053e-04 4.0736e-01 9.7050e-06 0.42750 0.44458 0.43010 -0.02011 -0.01050 0.00075 1.87125e-01 4.23629e-04 -5.7183155240e-01 -3.8428338756e-01
164.000 -0.00000 0.00000 -0.00000 -0.00000 0.00000 -0.00000 7.1952e-03 9.1872e-01 -4.8027e-02 -2.5053e-04 4.0736e-01 9.7050e-06 0.42872 0.44460 0.42886 -0.00359 0.02242 0.00078 1.87124e-01 4.22485e-04 -5.7182961906e-01 -3.8428341417e-01
166.000 0.00000 -0.00000 -0.00000 -0.00000 0.00000 -0.00000 -4.8230e-02 9.1868e-01 7.6130e-03 -2.5053e-04 4.0736e-01 9.7050e-06 0.42784 0.44462 0.42973 0.02221 -0.00370 -0.00287 1.87123e-01 4.21369e-04 -5.7182732666e-01 -3.8428344055e-01
168.000 0.00000 0.00000 -0.00000 -0.00000 0.00000 -0.00000 2.1216e-02 9.1871e-01 4.2130e-02 -2.5053e-04 4.0736e-01 9.7050e-06 0.43282 0.44454 0.42485 -0.01042 -0.01955 0.00335 1.87121e-01 4.20259e-04 -5.7182479907e-01 -3.8428346625e-01
170.000 -0.00000 0.00000 0.00000 -0.00000 0.00000 -0.00000 3.1612e-02 9.1871e-01 -3.3056e-02 -2.5053e-04 4.0736e-01 9.7050e-06 0.42168 0.44448 0.43607 -0.01481 0.01573 -0.00089 1.87120e-01 4.19169e-04 -5.7182217291e-01 -3.8428349090e-01
172.000 -0.00000 -0.00000 0.00000 -0.00000 0.00000 0.00000 -4.0753e-02 9.1866e-01 -1.9206e-02 -2.5053e-04 4.0736e-01 9.7050e-06 0.43711 0.44445 0.42068 0.01903 0.00862 -0.00408 1.87118e-01 4.18156e-04 -5.7181958154e-01 -3.8428351420e-01
174.000 -0.00000 -0.00000 0.00000 -0.00000 0.00000 0.00000 -5.5175e-03 9.1867e-01 4.2439e-02 -2.5053e-04 4.0736e-01 9.7050e-06 0.42344 0.44436 0.43445 0.00183 -0.02000 0.00945 1.87116e-01 4.17303e-04 -5.7181714127e-01 -3.8428353593e-01
176.000 -0.00000 -0.00000 -0.00000 -0.00000 0.00000 0.00000 3.9159e-02 9.1869e-01 -8.8500e-03 -2.5053e-04 4.0736e-01 9.7050e-06 0.42832 0.44425 0.42970 -0.01865 0.00468 -0.01247 1.87115e-01 4.16702e-04 -5.7181494198e-01 -3.8428355600e-01
178.000 -0.00000 -0.00000 0.00000 -0.00000 0.00000 -0.00000 -2.1188e-02 9.1865e-01 -3.2658e-02 -2.5053e-04 4.0736e-01 9.7050e-06 0.43730 0.44421 0.42077 0.01021 0.01522 0.01109 1.87113e-01 4.16423e-04 -5.7181304319e-01 -3.8428357441e-01
180.000 -0.00000 0.00000 0.00000 -0.00000 0.00000 -0.00000 -2.2909e-02 9.1864e-01 2.9041e-02 -2.5053e-04 4.0736e-01 9.7050e-06 0.41496 0.44414 0.44319 0.01024 -0.01413 -0.00507 1.87111e-01 4.16499e-04 -5.7181147499e-01 -3.8428359122e-01
182.000 0.00000 0.00000 0.00000 -0.00000 0.00000 0.00000 3.2681e-02 9.1866e-01 1.0121e-02 -2.5053e-04 4.0736e-01 9.7050e-06 0.44463 0.44405 0.41363 -0.01605 -0.00441 -0.00377 1.87110e-01 4.16916e-04 -5.7181024225e-01 -3.8428360661e-01
184.000 0.00000 -0.00000 -0.00000 -0.00000 0.00000 -0.00000 -3.0919e-03 9.1864e-01 -3.2983e-02 -2.5053e-04 4.0736e-01 9.7050e-06 0.41781 0.44402 0.44049 0.00157 0.01587 0.01224 1.87108e-01 4.17616e-04 -5.7180933073e-01 -3.8428362077e-01
186.000 0.00000 -0.00000 -0.00000 -0.00000 0.00000 -0.00000 -2.9076e-02 9.1861e-01 1.4062e-02 -2.5053e-04 4.0736e-01 9.7050e-06 0.43194 0.44399 0.42638 0.01366 -0.00705 -0.01701 1.87107e-01 4.18504e-04 -5.7180871329e-01 -3.8428363396e-01
188.000 0.00000 0.00000 0.00000 -0.00000 0.00000 -0.00000 2.2561e-02 9.1864e-01 2.0454e-02 -2.5053e-04 4.0736e-01 9.7050e-06 0.43641 0.44394 0.42197 -0.01135 -0.00978 0.01606 1.87105e-01 4.19458e-04 -5.7180835550e-01 -3.8428364647e-01
190.000 0.00000 -0.00000 0.00000 -0.00000 0.00000 -0.00000 9.2371e-03 9.1862e-01 -2.8748e-02 -2.5053e-04 4.0736e-01 9.7050e-06 0.41417 0.44393 0.44421 -0.00474 0.01401 -0.00952 1.87104e-01 4.20339e-04 -5.7180822000e-01 -3.8428365859e-01
192.000 0.00000 -0.00000 0.00000 -0.00000 0.00000 -0.00000 -3.0909e-02 9.1860e-01 2.1139e-03 -2.5053e-04 4.0736e-01 9.7050e-06 0.44694 0.44396 0.41142 0.01477 -0.00095 -0.00035 1.87104e-01 4.21004e-04 -5.7180826961e-01 -3.8428367064e-01
194.000 -0.00000 0.00000 -0.00000 -0.00000 0.00000 -0.00000 1.3270e-02 9.1862e-01 2.7679e-02 -2.5053e-04 4.0736e-01 9.7050e-06 0.41472 0.44395 0.44364 -0.00656 -0.01350 0.00999 1.87103e-01 4.21316e-04 -5.7180846919e-01 -3.8428368293e-01
196.000 0.00000 0.00000 -0.00000 -0.00000 0.00000 -0.00000 2.0412e-02 9.1863e-01 -2.3996e-02 -2.5053e-04 4.0736e-01 9.7050e-06 0.43559 0.44397 0.42275 -0.01037 0.01141 -0.01596 1.87104e-01 4.21156e-04 -5.7180878672e-01 -3.8428369578e-01
198.000 0.00000 0.00000 0.00000 -0.00000 0.00000 -0.00000 -3.1939e-02 9.1860e-01 -1.0986e-02 -2.5053e-04 4.0736e-01 9.7050e-06 0.43245 0.44404 0.42581 0.01496 0.00567 0.01628 1.87105e-01 4.20439e-04 -5.7180919364e-01 -3.8428370949e-01
200.000 -0.00000 0.00000 0.00000 -0.00000 0.00000 -0.00000 5.8918e-04 9.1863e-01 3.4931e-02 -2.5053e-04 4.0736e-01 9.7050e-06 0.41790 0.44408 0.44032 -0.00012 -0.01673 -0.01119 1.87107e-01 4.19133e-04 -5.7180966496e-01 -3.8428372434e-01
202.000 -0.00000 0.00000 0.00000 -0.00000 0.00000 -0.00000 3.3458e-02 9.1866e-01 -1.4096e-02 -2.5053e-04 4.0736e-01 9.7050e-06 0.44367 0.44412 0.41450 -0.01639 0.00626 0.00296 1.87109e-01 4.17277e-04 -5.7181017908e-01 -3.8428374058e-01
204.000 0.00000 0.00000 0.00000 -0.00000 0.00000 -0.00000 -2.6893e-02 9.1864e-01 -2.8581e-02 -2.5053e-04 4.0736e-01 9.7050e-06 0.41632 0.44422 0.44174 0.01207 0.01390 0.00511 1.87112e-01 4.14995e-04 -5.7181071758e-01 -3.8428375838e-01
206.000 -0.00000 -0.00000 0.00000 -0.00000 0.00000 0.00000 -1.9641e-02 9.1866e-01 3.6252e-02 -2.5053e-04 4.0736e-01 9.7050e-06 0.43598 0.44430 0.42201 0.00945 -0.01686 -0.01011 1.87115e-01 4.12501e-04 -5.7181126500e-01 -3.8428377787e-01
208.000 -0.00000 -0.00000 0.00000 -0.00000 0.00000 0.00000 4.1897e-02 9.1871e-01 6.4277e-03 -2.5053e-04 4.0736e-01 9.7050e-06 0.42875 0.44434 0.42919 -0.01990 -0.00348 0.01071 1.87118e-01 4.10087e-04 -5.7181180845e-01 -3.8428379906e-01
210.000 -0.00000 0.00000 -0.00000 -0.00000 0.00000 0.00000 -8.5481e-03 9.1869e-01 -4.4029e-02 -2.5053e-04 4.0736e-01 9.7050e-06 0.42417 0.44444 0.43367 0.00331 0.02072 -0.00758 1.87120e-01 4.08078e-04 -5.7181233723e-01 -3.8428382185e-01
212.000 -0.00000 -0.00000 0.00000 -0.00000 0.00000 0.00000 -4.1139e-02 9.1868e-01 2.2383e-02 -2.5053e-04 4.0736e-01 9.7050e-06 0.43520 0.44452 0.42254 0.01914 -0.01015 0.00293 1.87122e-01 4.06774e-04 -5.7181284236e-01 -3.8428384603e-01
214.000 0.00000 -0.00000 -0.00000 -0.00000 0.00000 0.00000 3.4346e-02 9.1873e-01 3.2287e-02 -2.5053e-04 4.0736e-01 9.7050e-06 0.42402 0.44453 0.43370 -0.01615 -0.01526 0.00070 1.87123e-01 4.06379e-04 -5.7181331633e-01 -3.8428387128e-01
216.000 0.00000 -0.00000 0.00000 -0.00000 0.00000 0.00000 1.9459e-02 9.1872e-01 -4.3968e-02 -2.5053e-04 4.0736e-01 9.7050e-06 0.43093 0.44458 0.42675 -0.00948 0.02047 -0.00174 1.87123e-01 4.06938e-04 -5.7181375325e-01 -3.8428389720e-01
218.000 0.00000 -0.00000 -0.00000 -0.00000 0.00000 0.00000 -4.8942e-02 9.1867e-01 -5.2931e-03 -2.5053e-04 4.0736e-01 9.7050e-06 0.42848 0.44464 0.42913 0.02256 0.00250 0.00039 1.87122e-01 4.08323e-04 -5.7181414975e-01 -3.8428392336e-01
220.000 -0.00000 0.00000 -0.00000 -0.00000 0.00000 -0.00000 9.4656e-03 9.1870e-01 4.7499e-02 -2.5053e-04 4.0736e-01 9.7050e-06 0.42970 0.44460 0.42795 -0.00478 -0.02213 0.00161 1.87120e-01 4.10264e-04 -5.7181450638e-01 -3.8428394933e-01
222.000 -0.00000 0.00000 0.00000 -0.00000 0.00000 0.00000 4.0854e-02 9.1871e-01 -2.4066e-02 -2.5053e-04 4.0736e-01 9.7050e-06 0.42543 0.44456 0.43227 -0.01925 0.01143 -0.00212 1.87118e-01 4.12420e-04 -5.7181482912e-01 -3.8428397473e-01
224.000 0.00000 -0.00000 -0.00000 -0.00000 0.00000 0.00000 -3.5691e-02 9.1866e-01 -3.1009e-02 -2.5053e-04 4.0736e-01 9.7050e-06 0.43500 0.44456 0.42270 0.01662 0.01427 -0.00010 1.87117e-01 4.14478e-04 -5.7181513039e-01 -3.8428399925e-01
226.000 0.00000 -0.00000 -0.00000 -0.00000 0.00000 0.00000 -1.8271e-02 9.1866e-01 4.1883e-02 -2.5053e-04 4.0736e-01 9.7050e-06 0.42211 0.44449 0.43565 0.00791 -0.01976 0.00458 1.87115e-01 4.16223e-04 -5.7181542881e-01 -3.8428402263e-01
228.000 -0.00000 -0.00000 -0.00000 -0.00000 0.00000 0.00000 4.3057e-02 9.1869e-01 3.1961e-03 -2.5053e-04 4.0736e-01 9.7050e-06 0.43281 0.44438 0.42507 -0.02053 -0.00104 -0.00924 1.87114e-01 4.17577e-04 -5.7181574764e-01 -3.8428404471e-01
230.000 -0.00000 0.00000 -0.00000 -0.00000 0.00000 0.00000 -1.1320e-02 9.1866e-01 -4.0385e-02 -2.5053e-04 4.0736e-01 9.7050e-06 0.43114 0.44433 0.42679 0.00554 0.01891 0.01146 1.87113e-01 4.18582e-04 -5.7181611235e-01 -3.8428406537e-01
232.000 -0.00000 0.00000 0.00000 -0.00000 0.00000 0.00000 -3.3408e-02 9.1864e-01 2.2465e-02 -2.5053e-04 4.0736e-01 9.7050e-06 0.41982 0.44426 0.43818 0.01522 -0.01105 -0.00941 1.87113e-01 4.19365e-04 -5.7181654789e-01 -3.8428408458e-01
234.000 -0.00000 -0.00000 -0.00000 -0.00000 0.00000 0.00000 3.0052e-02 9.1868e-01 2.2073e-02 -2.5053e-04 4.0736e-01 9.7050e-06 0.44315 0.44415 0.41497 -0.01484 -0.01006 0.00306 1.87113e-01 4.20079e-04 -5.7181707643e-01 -3.8428410236e-01
236.000 0.00000 0.00000 0.00000 -0.00000 0.00000 0.00000 8.9087e-03 9.1867e-01 -3.4471e-02 -2.5053e-04 4.0736e-01 9.7050e-06 0.41468 0.44409 0.44350 -0.00408 0.01660 0.00560 1.87113e-01 4.20862e-04 -5.7181771578e-01 -3.8428411877e-01
238.000 0.00000 -0.00000 -0.00000 -0.00000 0.00000 0.00000 -3.4394e-02 9.1864e-01 3.3451e-03 -2.5053e-04 4.0736e-01 9.7050e-06 0.43851 0.44405 0.41970 0.01619 -0.00202 -0.01333 1.87113e-01 4.21807e-04 -5.7181847879e-01 -3.8428413396e-01
240.000 0.00000 0.00000 0.00000 -0.00000 0.00000 0.00000 1.4264e-02 9.1867e-01 2.8930e-02 -2.5053e-04 4.0736e-01 9.7050e-06 0.42863 0.44398 0.42965 -0.00746 -0.01378 0.01698 1.87112e-01 4.22951e-04 -5.7181937313e-01 -3.8428414812e-01
242.000 0.00000 -0.00000 -0.00000 -0.00000 0.00000 0.00000 1.9904e-02 9.1867e-01 -2.3719e-02 -2.5053e-04 4.0736e-01 9.7050e-06 0.41998 0.44394 0.43834 -0.00976 0.01165 -0.01484 1.87112e-01 4.24281e-04 -5.7182040141e-01 -3.8428416147e-01
244.000 0.00000 0.00000 -0.00000 -0.00000 0.00000 0.00000 -2.9652e-02 9.1864e-01 -9.5830e-03 -2.5053e-04 4.0736e-01 9.7050e-06 0.44524 0.44395 0.41307 0.01418 0.00456 0.00741 1.87112e-01 4.25740e-04 -5.7182156112e-01 -3.8428417428e-01
246.000 0.00000 -0.00000 -0.00000 -0.00000 0.00000 0.00000 1.7941e-03 9.1865e-01 3.0322e-02 -2.5053e-04 4.0736e-01 9.7050e-06 0.41156 0.44392 0.44677 -0.00117 -0.01474 0.00272 1.87111e-01 4.27242e-04 -5.7182284419e-01 -3.8428418683e-01
248.000 0.00000 0.00000 0.00000 -0.00000 0.00000 0.00000 2.6693e-02 9.1867e-01 -1.3974e-02 -2.5053e-04 4.0736e-01 9.7050e-06 0.44229 0.44391 0.41604 -0.01331 0.00669 -0.01192 1.87111e-01 4.28685e-04 -5.7182423607e-01 -3.8428419942e-01
250.000 0.00000 0.00000 0.00000 -0.00000 0.00000 0.00000 -2.4479e-02 9.1864e-01 -2.0276e-02 -2.5053e-04 4.0736e-01 9.7050e-06 0.42483 0.44396 0.43344 0.01142 0.01003 0.01689 1.87112e-01 4.29960e-04 -5.7182571437e-01 -3.8428421233e-01
252.000 0.00000 0.00000 0.00000 -0.00000 0.00000 0.00000 -1.0747e-02 9.1865e-01 3.0910e-02 -2.5053e-04 4.0736e-01 9.7050e-06 0.42353 0.44399 0.43471 0.00522 -0.01480 -0.01601 1.87112e-01 4.30967e-04 -5.7182724718e-01 -3.8428422587e-01
254.000 0.00000 0.00000 -0.00000 -0.00000 0.00000 0.00000 3.3420e-02 9.1868e-01 -1.9372e-03 -2.5053e-04 4.0736e-01 9.7050e-06 0.44208 0.44401 0.41612 -0.01633 0.00053 0.00988 1.87113e-01 4.31618e-04 -5.7182879131e-01 -3.8428424030e-01
256.000 -0.00000 -0.00000 0.00000 -0.00000 0.00000 0.00000 -1.5291e-02 9.1866e-01 -3.2650e-02 -2.5053e-04 4.0736e-01 9.7050e-06 0.41365 0.44410 0.44446 0.00658 0.01579 -0.00103 1.87114e-01 4.31856e-04 -5.7183029107e-01 -3.8428425589e-01
258.000 0.00000 -0.00000 -0.00000 -0.00000 0.00000 0.00000 -2.7468e-02 9.1866e-01 2.6601e-02 -2.5053e-04 4.0736e-01 9.7050e-06 0.44149 0.44418 0.41653 0.01313 -0.01226 -0.00710 1.87116e-01 4.31660e-04 -5.7183167808e-01 -3.8428427284e-01
260.000 -0.00000 0.00000 0.00000 -0.00000 0.00000 0.00000 3.5440e-02 9.1870e-01 1.7177e-02 -2.5053e-04 4.0736e-01 9.7050e-06 0.42308 0.44422 0.43489 -0.01681 -0.00857 0.01168 1.87118e-01 4.31050e-04 -5.7183287276e-01 -3.8428429133e-01
262.000 0.00000 -0.00000 -0.00000 -0.00000 0.00000 0.00000 3.8617e-03 9.1870e-01 -4.1675e-02 -2.5053e-04 4.0736e-01 9.7050e-06 0.42760 0.44431 0.43026 -0.00259 0.01958 -0.01154 1.87119e-01 4.30095e-04 -5.7183378838e-01 -3.8428431143e-01
264.000 0.00000 -0.00000 0.00000 -0.00000 0.00000 0.00000 -4.3304e-02 9.1867e-01 9.8723e-03 -2.5053e-04 4.0736e-01 9.7050e-06 0.43524 0.44442 0.42251 0.02016 -0.00417 0.00760 1.87121e-01 4.28895e-04 -5.7183433785e-01 -3.8428433317e-01
266.000 -0.00000 0.00000 0.00000 -0.00000 0.00000 0.00000 2.3392e-02 9.1872e-01 3.8787e-02 -2.5053e-04 4.0736e-01 9.7050e-06 0.42115 0.44445 0.43657 -0.01090 -0.01836 -0.00230 1.87123e-01 4.27567e-04 -5.7183444318e-01 -3.8428435645e-01
268.000 -0.00000 0.00000 0.00000 -0.00000 0.00000 0.00000 2.9490e-02 9.1873e-01 -3.6079e-02 -2.5053e-04 4.0736e-01 9.7050e-06 0.43463 0.44451 0.42303 -0.01429 0.01668 -0.00172 1.87123e-01 4.26219e-04 -5.7183404658e-01 -3.8428438108e-01
270.000 -0.00000 -0.00000 -0.00000 -0.00000 0.00000 0.00000 -4.5240e-02 9.1869e-01 -1.7517e-02 -2.5053e-04 4.0736e-01 9.7050e-06 0.42622 0.44460 0.43135 0.02077 0.00838 0.00293 1.87124e-01 4.24925e-04 -5.7183312139e-01 -3.8428440676e-01
272.000 0.00000 0.00000 0.00000 -0.00000 0.00000 0.00000 -3.2687e-03 9.1871e-01 4.8521e-02 -2.5053e-04 4.0736e-01 9.7050e-06 0.42911 0.44460 0.42846 0.00134 -0.02262 -0.00163 1.87124e-01 4.23712e-04 -5.7183168026e-01 -3.8428443313e-01
274.000 0.00000 0.00000 -0.00000 -0.00000 0.00000 0.00000 4.6455e-02 9.1874e-01 -1.2588e-02 -2.5053e-04 4.0736e-01 9.7050e-06 0.42835 0.44458 0.42925 -0.02194 0.00591 -0.00043 1.87123e-01 4.22564e-04 -5.7182977812e-01 -3.8428445974e-01
276.000 -0.00000 0.00000 -0.00000 -0.00000 0.00000 0.00000 -2.7041e-02 9.1869e-01 -4.0388e-02 -2.5053e-04 4.0736e-01 9.7050e-06 0.43141 0.44461 0.42618 0.01247 0.01878 0.00111 1.87122e-01 4.21446e-04 -5.7182750863e-01 -3.8428448615e-01
278.000 -0.00000 0.00000 -0.00000 -0.00000 0.00000 -0.00000 -3.0109e-02 9.1868e-01 3.7197e-02 -2.5053e-04 4.0736e-01 9.7050e-06 0.42383 0.44458 0.43380 0.01359 -0.01753 0.00077 1.87120e-01 4.20336e-04 -5.7182499405e-01 -3.8428451192e-01
280.000 0.00000 0.00000 0.00000 -0.00000 0.00000 -0.00000 4.2884e-02 9.1871e-01 1.5876e-02 -2.5053e-04 4.0736e-01 9.7050e-06 0.43419 0.44448 0.42355 -0.02046 -0.00709 -0.00472 1.87119e-01 4.19244e-04 -5.7182237061e-01 -3.8428453666e-01
282.000 -0.00000 -0.00000 -0.00000 -0.00000 0.00000 0.00000 5.4477e-04 9.1868e-01 -4.4642e-02 -2.5053e-04 4.0736e-01 9.7050e-06 0.42655 0.44444 0.43125 -0.00010 0.02096 0.00872 1.87117e-01 4.18222e-04 -5.7181977243e-01 -3.8428456006e-01
284.000 -0.00000 0.00000 -0.00000 -0.00000 0.00000 0.00000 -4.1438e-02 9.1865e-01 1.2880e-02 -2.5053e-04 4.0736e-01 9.7050e-06 0.42552 0.44439 0.43235 0.01907 -0.00651 -0.01025 1.87115e-01 4.17354e-04 -5.7181731748e-01 -3.8428458191e-01
286.000 -0.00000 -0.00000 0.00000 -0.00000 0.00000 0.00000 2.3842e-02 9.1868e-01 3.2785e-02 -2.5053e-04 4.0736e-01 9.7050e-06 0.43873 0.44427 0.41926 -0.01193 -0.01515 0.00766 1.87114e-01 4.16731e-04 -5.7181509782e-01 -3.8428460211e-01
288.000 -0.00000 -0.00000 -0.00000 -0.00000 0.00000 -0.00000 2.0952e-02 9.1867e-01 -3.2260e-02 -2.5053e-04 4.0736e-01 9.7050e-06 0.41535 0.44419 0.44274 -0.00979 0.01558 -0.00114 1.87112e-01 4.16426e-04 -5.7181317527e-01 -3.8428462063e-01
290.000 -0.00000 -0.00000 -0.00000 -0.00000 0.00000 -0.00000 -3.6309e-02 9.1863e-01 -8.6069e-03 -2.5053e-04 4.0736e-01 9.7050e-06 0.44213 0.44416 0.41601 0.01714 0.00362 -0.00719 1.87110e-01 4.16475e-04 -5.7181158197e-01 -3.8428463756e-01
292.000 0.00000 -0.00000 -0.00000 -0.00000 0.00000 -0.00000 3.7361e-03 9.1864e-01 3.4634e-02 -2.5053e-04 4.0736e-01 9.7050e-06 0.42174 0.44407 0.43650 -0.00252 -0.01650 0.01407 1.87109e-01 4.16868e-04 -5.7181032451e-01 -3.8428465305e-01
294.000 0.00000 -0.00000 0.00000 -0.00000 0.00000 -0.00000 2.8675e-02 9.1865e-01 -1.5733e-02 -2.5053e-04 4.0736e-01 9.7050e-06 0.42748 0.44400 0.43082 -0.01390 0.00791 -0.01656 1.87107e-01 4.17550e-04 -5.7180938985e-01 -3.8428466729e-01
296.000 0.00000 0.00000 0.00000 -0.00000 0.00000 -0.00000 -2.5018e-02 9.1861e-01 -2.0412e-02 -2.5053e-04 4.0736e-01 9.7050e-06 0.44004 0.44399 0.41827 0.01201 0.00967 0.01331 1.87106e-01 4.18428e-04 -5.7180875160e-01 -3.8428468054e-01
298.000 -0.00000 0.00000 -0.00000 -0.00000 0.00000 -0.00000 -9.9091e-03 9.1861e-01 2.9489e-02 -2.5053e-04 4.0736e-01 9.7050e-06 0.41238 0.44396 0.44597 0.00434 -0.01436 -0.00520 1.87104e-01 4.19381e-04 -5.7180837573e-01 -3.8428469309e-01
300.000 -0.00000 0.00000 -0.00000 -0.00000 0.00000 -0.00000 2.9730e-02 9.1863e-01 -2.6477e-03 -2.5053e-04 4.0736e-01 9.7050e-06 0.44627 0.44392 0.41213 -0.01473 0.00136 -0.00497 1.87103e-01 4.20272e-04 -5.7180822496e-01 -3.8428470523e-01
302.000 -0.00000 -0.00000 0.00000 -0.00000 0.00000 -0.00000 -1.4740e-02 9.1860e-01 -2.6869e-02 -2.5053e-04 4.0736e-01 9.7050e-06 0.41769 0.44395 0.44068 0.00683 0.01312 0.01355 1.87103e-01 4.20957e-04 -5.7180826203e-01 -3.8428471727e-01
304.000 0.00000 0.00000 0.00000 -0.00000 0.00000 -0.00000 -2.0226e-02 9.1860e-01 2.3824e-02 -2.5053e-04 4.0736e-01 9.7050e-06 0.43125 0.44397 0.42710 0.00968 -0.01145 -0.01746 1.87102e-01 4.21299e-04 -5.7180845159e-01 -3.8428472954e-01
306.000 0.00000 0.00000 -0.00000 -0.00000 0.00000 -0.00000 2.9811e-02 9.1863e-01 9.4446e-03 -2.5053e-04 4.0736e-01 9.7050e-06 0.43692 0.44397 0.42143 -0.01461 -0.00482 0.01540 1.87103e-01 4.21177e-04 -5.7180876136e-01 -3.8428474234e-01
308.000 0.00000 0.00000 -0.00000 -0.00000 0.00000 -0.00000 -3.2254e-03 9.1862e-01 -3.3009e-02 -2.5053e-04 4.0736e-01 9.7050e-06 0.41468 0.44403 0.44360 0.00088 0.01592 -0.00831 1.87104e-01 4.20503e-04 -5.7180916254e-01 -3.8428475598e-01
310.000 -0.00000 0.00000 -0.00000 -0.00000 0.00000 -0.00000 -3.1873e-02 9.1860e-01 1.5208e-02 -2.5053e-04 4.0736e-01 9.7050e-06 0.44497 0.44410 0.41323 0.01518 -0.00687 -0.00100 1.87106e-01 4.19241e-04 -5.7180962986e-01 -3.8428477074e-01
312.000 -0.00000 0.00000 -0.00000 -0.00000 0.00000 -0.00000 2.6076e-02 9.1865e-01 2.5250e-02 -2.5053e-04 4.0736e-01 9.7050e-06 0.41716 0.44412 0.44101 -0.01236 -0.01237 0.00902 1.87108e-01 4.17422e-04 -5.7181014147e-01 -3.8428478686e-01
314.000 -0.00000 0.00000 0.00000 -0.00000 0.00000 -0.00000 1.4757e-02 9.1866e-01 -3.5541e-02 -2.5053e-04 4.0736e-01 9.7050e-06 0.43365 0.44420 0.42445 -0.00774 0.01664 -0.01301 1.87111e-01 4.15165e-04 -5.7181067874e-01 -3.8428480455e-01
316.000 0.00000 0.00000 0.00000 -0.00000 0.00000 -0.00000 -4.1275e-02 9.1864e-01 -2.5903e-03 -2.5053e-04 4.0736e-01 9.7050e-06 0.43197 0.44430 0.42601 0.01917 0.00175 0.01205 1.87114e-01 4.12678e-04 -5.7181122598e-01 -3.8428482391e-01
318.000 -0.00000 -0.00000 0.00000 -0.00000 0.00000 -0.00000 1.0905e-02 9.1868e-01 4.1256e-02 -2.5053e-04 4.0736e-01 9.7050e-06 0.42100 0.44435 0.43693 -0.00494 -0.01952 -0.00733 1.87117e-01 4.10247e-04 -5.7181177012e-01 -3.8428484497e-01
320.000 0.00000 0.00000 0.00000 -0.00000 0.00000 -0.00000 3.6261e-02 9.1871e-01 -2.5211e-02 -2.5053e-04 4.0736e-01 9.7050e-06 0.43789 0.44441 0.41997 -0.01752 0.01148 0.00146 1.87119e-01 4.08198e-04 -5.7181230033e-01 -3.8428486765e-01
322.000 0.00000 -0.00000 0.00000 -0.00000 0.00000 -0.00000 -3.7492e-02 9.1868e-01 -2.7781e-02 -2.5053e-04 4.0736e-01 9.7050e-06 0.42234 0.44452 0.43541 0.01705 0.01329 0.00288 1.87121e-01 4.06835e-04 -5.7181280750e-01 -3.8428489174e-01
324.000 -0.00000 0.00000 -0.00000 -0.00000 0.00000 -0.00000 -1.5679e-02 9.1869e-01 4.5013e-02 -2.5053e-04 4.0736e-01 9.7050e-06 0.43162 0.44456 0.42608 0.00730 -0.02094 -0.00421 1.87122e-01 4.06369e-04 -5.7181328402e-01 -3.8428491692e-01
326.000 0.00000 0.00000 0.00000 -0.00000 0.00000 -0.00000 4.7723e-02 9.1873e-01 2.6872e-04 -2.5053e-04 4.0736e-01 9.7050e-06 0.42878 0.44456 0.42891 -0.02255 -0.00026 0.00287 1.87122e-01 4.06861e-04 -5.7181372386e-01 -3.8428494280e-01
328.000 0.00000 -0.00000 -0.00000 -0.00000 0.00000 -0.00000 -1.5532e-02 9.1869e-01 -4.6277e-02 -2.5053e-04 4.0736e-01 9.7050e-06 0.42863 0.44462 0.42901 0.00694 0.02161 -0.00064 1.87121e-01 4.08194e-04 -5.7181412343e-01 -3.8428496896e-01
330.000 0.00000 0.00000 -0.00000 -0.00000 0.00000 -0.00000 -3.9786e-02 9.1867e-01 2.8636e-02 -2.5053e-04 4.0736e-01 9.7050e-06 0.42718 0.44463 0.43044 0.01824 -0.01342 -0.00034 1.87119e-01 4.10105e-04 -5.7181448292e-01 -3.8428499495e-01
332.000 -0.00000 0.00000 -0.00000 -0.00000 0.00000 0.00000 3.8421e-02 9.1871e-01 2.7976e-02 -2.5053e-04 4.0736e-01 9.7050e-06 0.43256 0.44457 0.42513 -0.01833 -0.01289 -0.00113 1.87118e-01 4.12257e-04 -5.7181480790e-01 -3.8428502041e-01
334.000 -0.00000 0.00000 0.00000 -0.00000 0.00000 0.00000 1.3392e-02 9.1868e-01 -4.4814e-02 -2.5053e-04 4.0736e-01 9.7050e-06 0.42496 0.44454 0.43276 -0.00625 0.02105 0.00456 1.87116e-01 4.14331e-04 -5.7181511029e-01 -3.8428504499e-01
336.000 -0.00000 0.00000 0.00000 -0.00000 0.00000 0.00000 -4.6119e-02 9.1864e-01 9.9701e-04 -2.5053e-04 4.0736e-01 9.7050e-06 0.42989 0.44451 0.42786 0.02132 -0.00085 -0.00795 1.87114e-01 4.16104e-04 -5.7181540831e-01 -3.8428506846e-01
338.000 -0.00000 0.00000 -0.00000 -0.00000 0.00000 0.00000 1.4419e-02 9.1867e-01 4.1253e-02 -2.5053e-04 4.0736e-01 9.7050e-06 0.43325 0.44440 0.42460 -0.00747 -0.01920 0.00890 1.87113e-01 4.17486e-04 -5.7181572494e-01 -3.8428509064e-01
340.000 0.00000 0.00000 0.00000 -0.00000 0.00000 0.00000 3.2036e-02 9.1868e-01 -2.6392e-02 -2.5053e-04 4.0736e-01 9.7050e-06 0.41904 0.44431 0.43891 -0.01505 0.01283 -0.00590 1.87112e-01 4.18513e-04 -5.7181608559e-01 -3.8428511141e-01
342.000 0.00000 -0.00000 0.00000 -0.00000 0.00000 0.00000 -3.4582e-02 9.1864e-01 -2.0884e-02 -2.5053e-04 4.0736e-01 9.7050e-06 0.44201 0.44427 0.41598 0.01635 0.00944 -0.00065 1.87112e-01 4.19307e-04 -5.7181651535e-01 -3.8428513072e-01
344.000 0.00000 0.00000 -0.00000 -0.00000 0.00000 0.00000 -8.2577e-03 9.1865e-01 3.7110e-02 -2.5053e-04 4.0736e-01 9.7050e-06 0.41751 0.44418 0.44058 0.00314 -0.01771 0.00849 1.87112e-01 4.20021e-04 -5.7181703663e-01 -3.8428514860e-01
346.000 -0.00000 0.00000 0.00000 -0.00000 0.00000 -0.00000 3.4934e-02 9.1868e-01 -5.3772e-03 -2.5053e-04 4.0736e-01 9.7050e-06 0.43441 0.44408 0.42377 -0.01688 0.00304 -0.01445 1.87112e-01 4.20796e-04 -5.7181766760e-01 -3.8428516510e-01
348.000 0.00000 -0.00000 -0.00000 -0.00000 0.00000 -0.00000 -1.7402e-02 9.1864e-01 -2.9646e-02 -2.5053e-04 4.0736e-01 9.7050e-06 0.43285 0.44405 0.42536 0.00844 0.01404 0.01582 1.87112e-01 4.21727e-04 -5.7181842147e-01 -3.8428518038e-01
350.000 -0.00000 -0.00000 -0.00000 -0.00000 0.00000 -0.00000 -2.1038e-02 9.1864e-01 2.5376e-02 -2.5053e-04 4.0736e-01 9.7050e-06 0.41677 0.44400 0.44149 0.00959 -0.01245 -0.01158 1.87111e-01 4.22857e-04 -5.7181930629e-01 -3.8428519460e-01
352.000 0.00000 0.00000 -0.00000 -0.00000 0.00000 -0.00000 2.9498e-02 9.1867e-01 9.1438e-03 -2.5053e-04 4.0736e-01 9.7050e-06 0.44634 0.44394 0.41198 -0.01463 -0.00418 0.00292 1.87111e-01 4.24175e-04 -5.7182032503e-01 -3.8428520801e-01
354.000 0.00000 0.00000 -0.00000 -0.00000 0.00000 -0.00000 -3.5525e-03 9.1865e-01 -3.0501e-02 -2.5053e-04 4.0736e-01 9.7050e-06 0.41297 0.44393 0.44536 0.00156 0.01483 0.00715 1.87111e-01 4.25627e-04 -5.7182147556e-01 -3.8428522085e-01
356.000 -0.00000 -0.00000 0.00000 -0.00000 0.00000 -0.00000 -2.7324e-02 9.1863e-01 1.4434e-02 -2.5053e-04 4.0736e-01 9.7050e-06 0.43876 0.44394 0.41955 0.01301 -0.00703 -0.01499 1.87110e-01 4.27129e-04 -5.7182275022e-01 -3.8428523341e-01
358.000 -0.00000 0.00000 0.00000 -0.00000 0.00000 -0.00000 2.3236e-02 9.1866e-01 1.9267e-02 -2.5053e-04 4.0736e-01 9.7050e-06 0.42943 0.44392 0.42890 -0.01151 -0.00943 0.01773 1.87110e-01 4.28579e-04 -5.7182413497e-01 -3.8428524598e-01
360.000 0.00000 0.00000 -0.00000 -0.00000 0.00000 0.00000 8.2925e-03 9.1865e-01 -2.9999e-02 -2.5053e-04 4.0736e-01 9.7050e-06 0.41930 0.44394 0.43899 -0.00453 0.01448 -0.01443 1.87110e-01 4.29871e-04 -5.7182560803e-01 -3.8428525886e-01
362.000 -0.00000 0.00000 0.00000 -0.00000 0.00000 0.00000 -3.2833e-02 9.1863e-01 3.2291e-03 -2.5053e-04 4.0736e-01 9.7050e-06 0.44485 0.44400 0.41337 0.01560 -0.00121 0.00643 1.87111e-01 4.30899e-04 -5.7182713821e-01 -3.8428527234e-01
364.000 0.00000 -0.00000 0.00000 -0.00000 0.00000 0.00000 1.4973e-02 9.1866e-01 3.0177e-02 -2.5053e-04 4.0736e-01 9.7050e-06 0.41306 0.44402 0.44513 -0.00711 -0.01466 0.00321 1.87112e-01 4.31578e-04 -5.7182868318e-01 -3.8428528671e-01
366.000 0.00000 0.00000 -0.00000 -0.00000 0.00000 0.00000 2.3201e-02 9.1868e-01 -2.6620e-02 -2.5053e-04 4.0736e-01 9.7050e-06 0.44008 0.44408 0.41805 -0.01170 0.01240 -0.01093 1.87113e-01 4.31847e-04 -5.7183018816e-01 -3.8428530220e-01
368.000 0.00000 -0.00000 0.00000 -0.00000 0.00000 0.00000 -3.5663e-02 9.1865e-01 -1.3665e-02 -2.5053e-04 4.0736e-01 9.7050e-06 0.42606 0.44418 0.43196 0.01648 0.00699 0.01414 1.87115e-01 4.31682e-04 -5.7183158564e-01 -3.8428531905e-01
370.000 -0.00000 -0.00000 0.00000 -0.00000 0.00000 0.00000 -1.5347e-03 9.1868e-01 3.9745e-02 -2.5053e-04 4.0736e-01 9.7050e-06 0.42410 0.44424 0.43385 0.00097 -0.01878 -0.01224 1.87116e-01 4.31100e-04 -5.7183279674e-01 -3.8428533742e-01
372.000 -0.00000 -0.00000 0.00000 -0.00000 0.00000 0.00000 3.9166e-02 9.1871e-01 -1.2924e-02 -2.5053e-04 4.0736e-01 9.7050e-06 0.43857 0.44429 0.41932 -0.01888 0.00562 0.00669 1.87118e-01 4.30167e-04 -5.7183373506e-01 -3.8428535741e-01
374.000 -0.00000 0.00000 0.00000 -0.00000 0.00000 0.00000 -2.6949e-02 9.1868e-01 -3.4849e-02 -2.5053e-04 4.0736e-01 9.7050e-06 0.41883 0.44440 0.43894 0.01200 0.01665 -0.00026 1.87120e-01 4.28980e-04 -5.7183431324e-01 -3.8428537903e-01
376.000 -0.00000 -0.00000 -0.00000 -0.00000 0.00000 0.00000 -2.6071e-02 9.1869e-01 3.7648e-02 -2.5053e-04 4.0736e-01 9.7050e-06 0.43580 0.44448 0.42190 0.01227 -0.01740 -0.00432 1.87121e-01 4.27657e-04 -5.7183445228e-01 -3.8428540220e-01
378.000 -0.00000 0.00000 0.00000 -0.00000 0.00000 0.00000 4.4590e-02 9.1873e-01 1.2640e-02 -2.5053e-04 4.0736e-01 9.7050e-06 0.42624 0.44450 0.43143 -0.02104 -0.00620 0.00561 1.87122e-01 4.26308e-04 -5.7183409261e-01 -3.8428542674e-01
380.000 0.00000 0.00000 0.00000 -0.00000 0.00000 0.00000 -2.8574e-03 9.1871e-01 -4.7858e-02 -2.5053e-04 4.0736e-01 9.7050e-06 0.42826 0.44457 0.42934 0.00085 0.02236 -0.00403 1.87123e-01 4.25009e-04 -5.7183320504e-01 -3.8428545236e-01
382.000 0.00000 0.00000 0.00000 -0.00000 0.00000 0.00000 -4.5890e-02 9.1868e-01 1.7411e-02 -2.5053e-04 4.0736e-01 9.7050e-06 0.42988 0.44463 0.42766 0.02117 -0.00802 0.00145 1.87123e-01 4.23790e-04 -5.7183179925e-01 -3.8428547869e-01
384.000 -0.00000 -0.00000 -0.00000 -0.00000 0.00000 0.00000 3.0203e-02 9.1872e-01 3.7756e-02 -2.5053e-04 4.0736e-01 9.7050e-06 0.42927 0.44459 0.42831 -0.01438 -0.01759 -0.00009 1.87122e-01 4.22638e-04 -5.7182992722e-01 -3.8428550530e-01
386.000 0.00000 0.00000 0.00000 -0.00000 0.00000 0.00000 2.5478e-02 9.1872e-01 -4.0716e-02 -2.5053e-04 4.0736e-01 9.7050e-06 0.42638 0.44458 0.43123 -0.01205 0.01909 0.00115 1.87121e-01 4.21520e-04 -5.7182768011e-01 -3.8428553174e-01
388.000 0.00000 -0.00000 -0.00000 -0.00000 0.00000 0.00000 -4.6647e-02 9.1866e-01 -1.1727e-02 -2.5053e-04 4.0736e-01 9.7050e-06 0.43143 0.44459 0.42619 0.02158 0.00524 -0.00411 1.87119e-01 4.20409e-04 -5.7182517859e-01 -3.8428555756e-01
390.000 -0.00000 0.00000 -0.00000 -0.00000 0.00000 0.00000 2.7593e-03 9.1868e-01 4.6252e-02 -2.5053e-04 4.0736e-01 9.7050e-06 0.42889 0.44451 0.42882 -0.00191 -0.02160 0.00698 1.87118e-01 4.19314e-04 -5.7182255844e-01 -3.8428558238e-01
392.000 -0.00000 -0.00000 0.00000 -0.00000 0.00000 0.00000 4.0757e-02 9.1870e-01 -1.7281e-02 -2.5053e-04 4.0736e-01 9.7050e-06 0.42400 0.44442 0.43382 -0.01922 0.00850 -0.00743 1.87116e-01 4.18285e-04 -5.7181995442e-01 -3.8428560588e-01
394.000 -0.00000 -0.00000 0.00000 -0.00000 0.00000 0.00000 -2.9095e-02 9.1865e-01 -3.2128e-02 -2.5053e-04 4.0736e-01 9.7050e-06 0.43875 0.44439 0.41911 0.01377 0.01480 0.00418 1.87114e-01 4.17403e-04 -5.7181748603e-01 -3.8428562785e-01
396.000 0.00000 0.00000 0.00000 -0.00000 0.00000 0.00000 -2.0578e-02 9.1865e-01 3.5804e-02 -2.5053e-04 4.0736e-01 9.7050e-06 0.41691 0.44430 0.44106 0.00898 -0.01713 0.00222 1.87113e-01 4.16760e-04 -5.7181524735e-01 -3.8428564816e-01
398.000 0.00000 0.00000 -0.00000 -0.00000 0.00000 0.00000 3.7828e-02 9.1868e-01 6.5285e-03 -2.5053e-04 4.0736e-01 9.7050e-06 0.43890 0.44419 0.41919 -0.01828 -0.00258 -0.00946 1.87111e-01 4.16430e-04 -5.7181330240e-01 -3.8428566681e-01
400.000 -0.00000 -0.00000 0.00000 -0.00000 0.00000 0.00000 -7.2647e-03 9.1864e-01 -3.6275e-02 -2.5053e-04 4.0736e-01 9.7050e-06 0.42582 0.44415 0.43232 0.00367 0.01720 0.01447 1.87110e-01 4.16454e-04 -5.7181168532e-01 -3.8428568384e-01
