# t x y z vx vy vz omx omy omz llx lly llz Ixx Iyy Izz Ixy Iyz Ixz KErot PEspr PEgrav Etot
0.000 -0.00000 -0.00000 0.00000 -0.00000 0.00000 0.00000 2.9980e-02 9.2060e-01 -3.9920e-02 -2.4787e-04 4.0626e-01 3.0256e-06 0.43256 0.44258 0.43118 -0.01435 0.01870 0.00004 1.86998e-01 3.40094e-29 -5.7092224563e-01 -3.8392389903e-01
2.000 -0.00000 -0.00000 0.00000 -0.00000 -0.00000 0.00000 -4.7462e-02 9.1869e-01 -1.6998e-02 -2.4787e-04 4.0626e-01 3.0256e-06 0.43144 0.44350 0.42945 0.02199 0.00788 -0.00143 1.86621e-01 4.03330e-04 -5.7135935263e-01 -3.8433544096e-01
4.004 0.00000 -0.00000 0.00000 -0.00000 -0.00000 -0.00000 -2.4024e-03 9.1863e-01 4.9237e-02 -2.4787e-04 4.0626e-01 3.0256e-06 0.43008 0.44348 0.43084 0.00064 -0.02308 0.00410 1.86603e-01 4.17614e-04 -5.7135811614e-01 -3.8433752529e-01
6.004 0.00000 -0.00000 0.00000 -0.00000 -0.00000 0.00000 4.5861e-02 9.1867e-01 -1.2854e-02 -2.4787e-04 4.0626e-01 3.0256e-06 0.42766 0.44340 0.43335 -0.02170 0.00635 -0.00569 1.86604e-01 4.15763e-04 -5.7135715791e-01 -3.8433779406e-01
8.004 -0.00000 0.00000 -0.00000 -0.00000 -0.00000 0.00000 -2.6144e-02 9.1862e-01 -3.9014e-02 -2.4787e-04 4.0626e-01 3.0256e-06 0.43782 0.44337 0.42323 0.01238 0.01810 0.00435 1.86602e-01 4.15906e-04 -5.7135583717e-01 -3.8433797122e-01
10.000 -0.00000 0.00000 0.00000 -0.00000 -0.00000 0.00000 -2.8776e-02 9.1861e-01 3.4828e-02 -2.4787e-04 4.0626e-01 3.0256e-06 0.42009 0.44329 0.44104 0.01288 -0.01671 0.00027 1.86601e-01 4.15643e-04 -5.7135440862e-01 -3.8433812819e-01
12.000 -0.00000 -0.00000 -0.00000 0.00000 0.00000 -0.00000 3.9375e-02 9.1864e-01 1.5198e-02 -2.4787e-04 4.0626e-01 3.0256e-06 0.44079 0.44317 0.42048 -0.01905 -0.00666 -0.00688 1.86599e-01 4.15279e-04 -5.7135294327e-01 -3.8433827200e-01
14.000 -0.00000 0.00000 0.00000 0.00000 0.00000 0.00000 1.0823e-03 9.1861e-01 -4.0444e-02 -2.4787e-04 4.0626e-01 3.0256e-06 0.42526 0.44310 0.43609 -0.00021 0.01919 0.01273 1.86598e-01 4.14919e-04 -5.7135152352e-01 -3.8433840312e-01
16.000 -0.00000 -0.00000 -0.00000 -0.00000 0.00000 0.00000 -3.7162e-02 9.1858e-01 1.0889e-02 -2.4787e-04 4.0626e-01 3.0256e-06 0.42812 0.44303 0.43331 0.01723 -0.00574 -0.01500 1.86597e-01 4.14640e-04 -5.7135021828e-01 -3.8433852230e-01
18.000 -0.00000 -0.00000 0.00000 -0.00000 0.00000 0.00000 2.0503e-02 9.1861e-01 2.9109e-02 -2.4787e-04 4.0626e-01 3.0256e-06 0.44188 0.44292 0.41968 -0.01052 -0.01357 0.01208 1.86596e-01 4.14493e-04 -5.7134907922e-01 -3.8433863029e-01
20.004 0.00000 -0.00000 -0.00000 0.00000 0.00000 -0.00000 1.8341e-02 9.1861e-01 -2.8001e-02 -2.4787e-04 4.0626e-01 3.0256e-06 0.41398 0.44285 0.44765 -0.00867 0.01373 -0.00427 1.86595e-01 4.14491e-04 -5.7134813991e-01 -3.8433872831e-01
22.004 0.00000 -0.00000 -0.00000 -0.00000 0.00000 -0.00000 -3.1543e-02 9.1857e-01 -7.4662e-03 -2.4787e-04 4.0626e-01 3.0256e-06 0.44804 0.44282 0.41363 0.01507 0.00317 -0.00579 1.86594e-01 4.14623e-04 -5.7134742459e-01 -3.8433881724e-01
24.004 0.00000 0.00000 0.00000 0.00000 0.00000 0.00000 3.3887e-03 9.1859e-01 2.9997e-02 -2.4787e-04 4.0626e-01 3.0256e-06 0.41917 0.44275 0.44258 -0.00230 -0.01450 0.01467 1.86593e-01 4.14859e-04 -5.7134694059e-01 -3.8433889871e-01
26.004 -0.00000 -0.00000 -0.00000 0.00000 0.00000 -0.00000 2.4764e-02 9.1860e-01 -1.4113e-02 -2.4787e-04 4.0626e-01 3.0256e-06 0.43285 0.44270 0.42895 -0.01223 0.00711 -0.01910 1.86593e-01 4.15159e-04 -5.7134668999e-01 -3.8433897426e-01
28.004 -0.00000 0.00000 0.00000 0.00000 0.00000 -0.00000 -2.2532e-02 9.1857e-01 -1.7625e-02 -2.4787e-04 4.0626e-01 3.0256e-06 0.43972 0.44270 0.42207 0.01085 0.00853 0.01734 1.86592e-01 4.15482e-04 -5.7134667029e-01 -3.8433904555e-01
30.004 -0.00000 -0.00000 0.00000 0.00000 0.00000 0.00000 -8.3903e-03 9.1858e-01 2.6705e-02 -2.4787e-04 4.0626e-01 3.0256e-06 0.41399 0.44269 0.44782 0.00380 -0.01311 -0.00985 1.86592e-01 4.15790e-04 -5.7134687656e-01 -3.8433911431e-01
32.004 0.00000 -0.00000 -0.00000 0.00000 0.00000 0.00000 2.7249e-02 9.1860e-01 -2.9697e-03 -2.4787e-04 4.0626e-01 3.0256e-06 0.45043 0.44267 0.41139 -0.01363 0.00136 -0.00087 1.86592e-01 4.16052e-04 -5.7134730251e-01 -3.8433918231e-01
34.004 0.00000 0.00000 -0.00000 0.00000 0.00000 0.00000 -1.4149e-02 9.1858e-01 -2.5158e-02 -2.4787e-04 4.0626e-01 3.0256e-06 0.41512 0.44271 0.44665 0.00643 0.01241 0.01117 1.86592e-01 4.16242e-04 -5.7134794070e-01 -3.8433925139e-01
36.004 0.00000 0.00000 -0.00000 0.00000 0.00000 -0.00000 -1.9552e-02 9.1858e-01 2.2817e-02 -2.4787e-04 4.0626e-01 3.0256e-06 0.43792 0.44274 0.42381 0.00949 -0.01090 -0.01759 1.86593e-01 4.16345e-04 -5.7134878183e-01 -3.8433932342e-01
38.000 -0.00000 -0.00000 0.00000 0.00000 0.00000 0.00000 2.8953e-02 9.1861e-01 9.9928e-03 -2.4787e-04 4.0626e-01 3.0256e-06 0.43422 0.44276 0.42749 -0.01415 -0.00522 0.01812 1.86594e-01 4.16357e-04 -5.7134981095e-01 -3.8433940017e-01
40.000 -0.00000 0.00000 0.00000 0.00000 0.00000 0.00000 -1.7177e-03 9.1860e-01 -3.2934e-02 -2.4787e-04 4.0626e-01 3.0256e-06 0.41867 0.44283 0.44296 0.00005 0.01586 -0.01290 1.86595e-01 4.16281e-04 -5.7135101389e-01 -3.8433948385e-01
42.000 -0.00000 -0.00000 -0.00000 0.00000 0.00000 0.00000 -3.2998e-02 9.1856e-01 1.3186e-02 -2.4787e-04 4.0626e-01 3.0256e-06 0.44709 0.44293 0.41446 0.01573 -0.00580 0.00405 1.86592e-01 4.15896e-04 -5.7134762445e-01 -3.8433957209e-01
44.000 0.00000 0.00000 0.00000 0.00000 0.00000 0.00000 2.4185e-02 9.1861e-01 2.7823e-02 -2.4787e-04 4.0626e-01 3.0256e-06 0.41588 0.44297 0.44562 -0.01137 -0.01363 0.00509 1.86594e-01 4.15828e-04 -5.7134903759e-01 -3.8433962452e-01
46.000 0.00000 -0.00000 -0.00000 0.00000 0.00000 -0.00000 1.8774e-02 9.1861e-01 -3.4465e-02 -2.4787e-04 4.0626e-01 3.0256e-06 0.43965 0.44306 0.42175 -0.00968 0.01606 -0.01132 1.86595e-01 4.15583e-04 -5.7135054920e-01 -3.8433968204e-01
48.000 0.00000 0.00000 -0.00000 0.00000 0.00000 0.00000 -4.1641e-02 9.1858e-01 -7.7143e-03 -2.4787e-04 4.0626e-01 3.0256e-06 0.42937 0.44318 0.43190 0.01930 0.00421 0.01286 1.86597e-01 4.15358e-04 -5.7135205105e-01 -3.8433974611e-01
50.000 0.00000 -0.00000 -0.00000 0.00000 0.00000 0.00000 5.2974e-03 9.1862e-01 4.3578e-02 -2.4787e-04 4.0626e-01 3.0256e-06 0.42547 0.44324 0.43572 -0.00225 -0.02061 -0.00996 1.86598e-01 4.15173e-04 -5.7135346314e-01 -3.8433981692e-01
52.000 -0.00000 0.00000 0.00000 0.00000 0.00000 0.00000 4.0821e-02 9.1865e-01 -1.9897e-02 -2.4787e-04 4.0626e-01 3.0256e-06 0.43863 0.44331 0.42249 -0.01966 0.00895 0.00467 1.86600e-01 4.15036e-04 -5.7135469899e-01 -3.8433989423e-01
54.000 -0.00000 0.00000 0.00000 -0.00000 0.00000 0.00000 -3.3315e-02 9.1861e-01 -3.4498e-02 -2.4787e-04 4.0626e-01 3.0256e-06 0.42325 0.44342 0.43775 0.01509 0.01645 0.00030 1.86601e-01 4.14941e-04 -5.7135566781e-01 -3.8433997732e-01
56.000 -0.00000 0.00000 0.00000 0.00000 0.00000 -0.00000 -2.4108e-02 9.1861e-01 4.2804e-02 -2.4787e-04 4.0626e-01 3.0256e-06 0.43460 0.44348 0.42634 0.01127 -0.01994 -0.00285 1.86601e-01 4.14867e-04 -5.7135628866e-01 -3.8434006500e-01
58.000 -0.00000 0.00000 -0.00000 -0.00000 0.00000 -0.00000 4.8155e-02 9.1866e-01 9.6973e-03 -2.4787e-04 4.0626e-01 3.0256e-06 0.42936 0.44348 0.43157 -0.02280 -0.00468 0.00248 1.86602e-01 4.14787e-04 -5.7135650101e-01 -3.8434015570e-01
60.000 -0.00000 0.00000 0.00000 -0.00000 0.00000 0.00000 -6.0187e-03 9.1863e-01 -4.9692e-02 -2.4787e-04 4.0626e-01 3.0256e-06 0.43056 0.44352 0.43033 0.00253 0.02328 -0.00038 1.86601e-01 4.14678e-04 -5.7135627500e-01 -3.8434024763e-01
62.000 -0.00000 0.00000 -0.00000 -0.00000 0.00000 -0.00000 -4.6144e-02 9.1860e-01 2.0092e-02 -2.4787e-04 4.0626e-01 3.0256e-06 0.42881 0.44354 0.43206 0.02130 -0.00951 -0.00129 1.86601e-01 4.14530e-04 -5.7135561803e-01 -3.8434033901e-01
64.000 -0.00000 -0.00000 0.00000 -0.00000 0.00000 0.00000 3.1881e-02 9.1864e-01 3.6896e-02 -2.4787e-04 4.0626e-01 3.0256e-06 0.43484 0.44346 0.42612 -0.01539 -0.01713 0.00068 1.86600e-01 4.14360e-04 -5.7135457502e-01 -3.8434042818e-01
66.000 0.00000 0.00000 0.00000 -0.00000 0.00000 0.00000 2.4172e-02 9.1863e-01 -4.1099e-02 -2.4787e-04 4.0626e-01 3.0256e-06 0.42441 0.44342 0.43661 -0.01132 0.01947 0.00262 1.86599e-01 4.14205e-04 -5.7135322225e-01 -3.8434051381e-01
68.000 -0.00000 -0.00000 0.00000 -0.00000 0.00000 -0.00000 -4.5740e-02 9.1858e-01 -1.0640e-02 -2.4787e-04 4.0626e-01 3.0256e-06 0.43544 0.44339 0.42562 0.02133 0.00457 -0.00725 1.86597e-01 4.14113e-04 -5.7135165646e-01 -3.8434059488e-01
70.000 -0.00000 -0.00000 0.00000 -0.00000 0.00000 -0.00000 3.0918e-03 9.1860e-01 4.4394e-02 -2.4787e-04 4.0626e-01 3.0256e-06 0.43031 0.44328 0.43087 -0.00224 -0.02086 0.01072 1.86595e-01 4.14131e-04 -5.7134998187e-01 -3.8434067070e-01
72.000 -0.00000 0.00000 0.00000 -0.00000 0.00000 -0.00000 3.8513e-02 9.1861e-01 -1.6515e-02 -2.4787e-04 4.0626e-01 3.0256e-06 0.42419 0.44317 0.43710 -0.01825 0.00831 -0.01067 1.86593e-01 4.14290e-04 -5.7134829801e-01 -3.8434074090e-01
74.000 0.00000 0.00000 0.00000 -0.00000 0.00000 0.00000 -2.7155e-02 9.1856e-01 -3.0098e-02 -2.4787e-04 4.0626e-01 3.0256e-06 0.44328 0.44312 0.41808 0.01304 0.01388 0.00614 1.86591e-01 4.14599e-04 -5.7134669078e-01 -3.8434080536e-01
76.000 -0.00000 -0.00000 -0.00000 -0.00000 0.00000 0.00000 -1.9275e-02 9.1856e-01 3.2931e-02 -2.4787e-04 4.0626e-01 3.0256e-06 0.41545 0.44303 0.44601 0.00838 -0.01595 0.00183 1.86589e-01 4.15043e-04 -5.7134522751e-01 -3.8434086418e-01
78.004 -0.00000 0.00000 -0.00000 -0.00000 0.00000 0.00000 3.4518e-02 9.1858e-01 6.1914e-03 -2.4787e-04 4.0626e-01 3.0256e-06 0.44347 0.44292 0.41811 -0.01686 -0.00242 -0.01063 1.86587e-01 4.15593e-04 -5.7134395355e-01 -3.8434091776e-01
80.004 -0.00000 -0.00000 0.00000 -0.00000 0.00000 0.00000 -6.3433e-03 9.1855e-01 -3.3002e-02 -2.4787e-04 4.0626e-01 3.0256e-06 0.42564 0.44288 0.43599 0.00327 0.01578 0.01669 1.86586e-01 4.16204e-04 -5.7134290379e-01 -3.8434096634e-01
82.004 0.00000 -0.00000 -0.00000 -0.00000 0.00000 0.00000 -2.7822e-02 9.1853e-01 1.6042e-02 -2.4787e-04 4.0626e-01 3.0256e-06 0.42594 0.44283 0.43575 0.01294 -0.00814 -0.01757 1.86584e-01 4.16827e-04 -5.7134209069e-01 -3.8434101058e-01
84.004 0.00000 0.00000 -0.00000 -0.00000 0.00000 0.00000 2.2989e-02 9.1855e-01 1.8671e-02 -2.4787e-04 4.0626e-01 3.0256e-06 0.44496 0.44275 0.41680 -0.01166 -0.00878 0.01252 1.86583e-01 4.17415e-04 -5.7134151884e-01 -3.8434105118e-01
86.004 -0.00000 -0.00000 0.00000 -0.00000 0.00000 0.00000 7.7254e-03 9.1854e-01 -2.7625e-02 -2.4787e-04 4.0626e-01 3.0256e-06 0.41189 0.44273 0.44990 -0.00382 0.01356 -0.00297 1.86582e-01 4.17925e-04 -5.7134118590e-01 -3.8434108886e-01
88.004 -0.00000 0.00000 0.00000 -0.00000 0.00000 0.00000 -2.8516e-02 9.1851e-01 2.6833e-03 -2.4787e-04 4.0626e-01 3.0256e-06 0.44870 0.44273 0.41309 0.01368 -0.00145 -0.00790 1.86582e-01 4.18317e-04 -5.7134108554e-01 -3.8434112443e-01
90.004 0.00000 0.00000 -0.00000 -0.00000 0.00000 0.00000 1.2444e-02 9.1854e-01 2.4575e-02 -2.4787e-04 4.0626e-01 3.0256e-06 0.42016 0.44270 0.44166 -0.00640 -0.01203 0.01637 1.86581e-01 4.18558e-04 -5.7134120959e-01 -3.8434115873e-01
92.004 -0.00000 -0.00000 -0.00000 -0.00000 0.00000 0.00000 1.7316e-02 9.1854e-01 -2.1553e-02 -2.4787e-04 4.0626e-01 3.0256e-06 0.43110 0.44270 0.43072 -0.00885 0.01048 -0.01952 1.86582e-01 4.18621e-04 -5.7134154907e-01 -3.8434119266e-01
94.004 -0.00000 -0.00000 0.00000 -0.00000 0.00000 0.00000 -2.7940e-02 9.1852e-01 -8.5977e-03 -2.4787e-04 4.0626e-01 3.0256e-06 0.44116 0.44275 0.42061 0.01330 0.00444 0.01631 1.86582e-01 4.18487e-04 -5.7134209452e-01 -3.8434122716e-01
96.004 -0.00000 -0.00000 0.00000 -0.00000 0.00000 0.00000 1.6985e-03 9.1854e-01 2.9760e-02 -2.4787e-04 4.0626e-01 3.0256e-06 0.41374 0.44276 0.44801 -0.00078 -0.01450 -0.00798 1.86583e-01 4.18148e-04 -5.7134283530e-01 -3.8434126321e-01
98.004 0.00000 0.00000 0.00000 -0.00000 0.00000 0.00000 2.7732e-02 9.1856e-01 -1.3532e-02 -2.4787e-04 4.0626e-01 3.0256e-06 0.44904 0.44279 0.41267 -0.01386 0.00616 -0.00249 1.86585e-01 4.17607e-04 -5.7134375826e-01 -3.8434130185e-01
100.004 -0.00000 -0.00000 -0.00000 -0.00000 0.00000 0.00000 -2.4527e-02 9.1854e-01 -2.2981e-02 -2.4787e-04 4.0626e-01 3.0256e-06 0.41743 0.44287 0.44420 0.01116 0.01142 0.01144 1.86587e-01 4.16887e-04 -5.7134484576e-01 -3.8434134415e-01
102.004 0.00000 -0.00000 0.00000 -0.00000 0.00000 0.00000 -1.4793e-02 9.1856e-01 3.2302e-02 -2.4787e-04 4.0626e-01 3.0256e-06 0.43555 0.44293 0.42600 0.00731 -0.01523 -0.01598 1.86589e-01 4.16034e-04 -5.7134607322e-01 -3.8434139120e-01
104.004 -0.00000 -0.00000 -0.00000 -0.00000 0.00000 0.00000 3.6861e-02 9.1860e-01 2.8270e-03 -2.4787e-04 4.0626e-01 3.0256e-06 0.43508 0.44298 0.42641 -0.01777 -0.00191 0.01496 1.86591e-01 4.15115e-04 -5.7134740664e-01 -3.8434144408e-01
106.004 0.00000 0.00000 0.00000 -0.00000 0.00000 0.00000 -1.0655e-02 9.1858e-01 -3.8520e-02 -2.4787e-04 4.0626e-01 3.0256e-06 0.41995 0.44309 0.44143 0.00421 0.01841 -0.00938 1.86593e-01 4.14224e-04 -5.7134880040e-01 -3.8434150370e-01
108.004 -0.00000 0.00000 -0.00000 -0.00000 0.00000 0.00000 -3.5759e-02 9.1858e-01 2.3101e-02 -2.4787e-04 4.0626e-01 3.0256e-06 0.44320 0.44319 0.41806 0.01694 -0.01044 0.00185 1.86595e-01 4.13467e-04 -5.7135019621e-01 -3.8434157075e-01
110.004 0.00000 0.00000 -0.00000 -0.00000 0.00000 0.00000 3.4078e-02 9.1863e-01 2.7535e-02 -2.4787e-04 4.0626e-01 3.0256e-06 0.42061 0.44324 0.44059 -0.01601 -0.01337 0.00455 1.86597e-01 4.12949e-04 -5.7135152380e-01 -3.8434164551e-01
112.004 -0.00000 -0.00000 -0.00000 -0.00000 0.00000 0.00000 1.5595e-02 9.1862e-01 -4.3244e-02 -2.4787e-04 4.0626e-01 3.0256e-06 0.43548 0.44334 0.42562 -0.00802 0.02017 -0.00762 1.86598e-01 4.12747e-04 -5.7135270432e-01 -3.8434172772e-01
114.004 -0.00000 0.00000 -0.00000 -0.00000 0.00000 0.00000 -4.8290e-02 9.1859e-01 -2.2347e-03 -2.4787e-04 4.0626e-01 3.0256e-06 0.43043 0.44345 0.43055 0.02237 0.00142 0.00697 1.86599e-01 4.12889e-04 -5.7135365654e-01 -3.8434181648e-01
116.004 -0.00000 -0.00000 0.00000 -0.00000 0.00000 0.00000 1.2090e-02 9.1862e-01 4.7347e-02 -2.4787e-04 4.0626e-01 3.0256e-06 0.42798 0.44347 0.43297 -0.00570 -0.02226 -0.00401 1.86599e-01 4.13338e-04 -5.7135430585e-01 -3.8434191025e-01
118.004 0.00000 -0.00000 -0.00000 -0.00000 0.00000 0.00000 4.1399e-02 9.1864e-01 -2.6745e-02 -2.4787e-04 4.0626e-01 3.0256e-06 0.43261 0.44349 0.42832 -0.01973 0.01242 0.00111 1.86599e-01 4.13989e-04 -5.7135459457e-01 -3.8434200704e-01
120.004 -0.00000 0.00000 0.00000 -0.00000 0.00000 0.00000 -3.8900e-02 9.1859e-01 -3.2124e-02 -2.4787e-04 4.0626e-01 3.0256e-06 0.43037 0.44355 0.43049 0.01795 0.01505 -0.00020 1.86598e-01 4.14693e-04 -5.7135449155e-01 -3.8434210461e-01
122.004 0.00000 -0.00000 -0.00000 -0.00000 0.00000 0.00000 -1.9565e-02 9.1859e-01 4.6005e-02 -2.4787e-04 4.0626e-01 3.0256e-06 0.42884 0.44353 0.43205 0.00878 -0.02160 0.00177 1.86596e-01 4.15298e-04 -5.7135399859e-01 -3.8434220078e-01
124.004 -0.00000 -0.00000 -0.00000 -0.00000 0.00000 0.00000 4.8278e-02 9.1863e-01 4.1798e-03 -2.4787e-04 4.0626e-01 3.0256e-06 0.43145 0.44346 0.42952 -0.02292 -0.00171 -0.00461 1.86595e-01 4.15687e-04 -5.7135315171e-01 -3.8434229369e-01
126.004 -0.00000 -0.00000 -0.00000 -0.00000 0.00000 0.00000 -1.1131e-02 9.1859e-01 -4.6615e-02 -2.4787e-04 4.0626e-01 3.0256e-06 0.43292 0.44344 0.42807 0.00531 0.02180 0.00649 1.86594e-01 4.15808e-04 -5.7135201659e-01 -3.8434238192e-01
128.004 -0.00000 -0.00000 -0.00000 -0.00000 0.00000 0.00000 -4.0335e-02 9.1856e-01 2.3510e-02 -2.4787e-04 4.0626e-01 3.0256e-06 0.42330 0.44338 0.43776 0.01846 -0.01144 -0.00543 1.86593e-01 4.15681e-04 -5.7135067928e-01 -3.8434246455e-01
130.004 0.00000 0.00000 -0.00000 -0.00000 0.00000 0.00000 3.2646e-02 9.1860e-01 2.9301e-02 -2.4787e-04 4.0626e-01 3.0256e-06 0.44154 0.44326 0.41966 -0.01599 -0.01341 0.00082 1.86591e-01 4.15382e-04 -5.7134923458e-01 -3.8434254108e-01
132.004 0.00000 0.00000 0.00000 -0.00000 -0.00000 0.00000 1.6009e-02 9.1858e-01 -3.8740e-02 -2.4787e-04 4.0626e-01 3.0256e-06 0.41949 0.44318 0.44180 -0.00733 0.01853 0.00604 1.86590e-01 4.15011e-04 -5.7134777469e-01 -3.8434261134e-01
134.004 0.00000 -0.00000 -0.00000 -0.00000 0.00000 0.00000 -4.0309e-02 9.1854e-01 -3.1637e-03 -2.4787e-04 4.0626e-01 3.0256e-06 0.43751 0.44312 0.42385 0.01889 0.00092 -0.01247 1.86589e-01 4.14666e-04 -5.7134638061e-01 -3.8434267542e-01
136.004 -0.00000 0.00000 -0.00000 -0.00000 -0.00000 0.00000 8.8065e-03 9.1857e-01 3.6399e-02 -2.4787e-04 4.0626e-01 3.0256e-06 0.43185 0.44300 0.42964 -0.00503 -0.01717 0.01552 1.86588e-01 4.14420e-04 -5.7134511701e-01 -3.8434273359e-01
138.004 -0.00000 -0.00000 -0.00000 -0.00000 -0.00000 0.00000 2.8774e-02 9.1858e-01 -1.9709e-02 -2.4787e-04 4.0626e-01 3.0256e-06 0.42080 0.44291 0.44078 -0.01374 0.00988 -0.01335 1.86587e-01 4.14312e-04 -5.7134403089e-01 -3.8434278628e-01
140.004 0.00000 0.00000 -0.00000 0.00000 -0.00000 0.00000 -2.7443e-02 9.1854e-01 -1.9580e-02 -2.4787e-04 4.0626e-01 3.0256e-06 0.44730 0.44288 0.41432 0.01322 0.00902 0.00611 1.86586e-01 4.14350e-04 -5.7134315280e-01 -3.8434283405e-01
142.004 -0.00000 -0.00000 0.00000 0.00000 0.00000 0.00000 -8.9375e-03 9.1854e-01 3.0284e-02 -2.4787e-04 4.0626e-01 3.0256e-06 0.41295 0.44281 0.44875 0.00362 -0.01475 0.00396 1.86585e-01 4.14515e-04 -5.7134249986e-01 -3.8434287755e-01
144.004 -0.00000 0.00000 0.00000 0.00000 0.00000 0.00000 2.9172e-02 9.1856e-01 -2.9884e-03 -2.4787e-04 4.0626e-01 3.0256e-06 0.44420 0.44274 0.41757 -0.01442 0.00179 -0.01341 1.86584e-01 4.14774e-04 -5.7134207924e-01 -3.8434291752e-01
146.004 0.00000 0.00000 0.00000 0.00000 0.00000 0.00000 -1.3843e-02 9.1853e-01 -2.5477e-02 -2.4787e-04 4.0626e-01 3.0256e-06 0.42688 0.44274 0.43490 0.00669 0.01235 0.01885 1.86584e-01 4.15086e-04 -5.7134189152e-01 -3.8434295474e-01
148.004 -0.00000 -0.00000 -0.00000 0.00000 0.00000 0.00000 -1.8682e-02 9.1853e-01 2.1401e-02 -2.4787e-04 4.0626e-01 3.0256e-06 0.42397 0.44272 0.43783 0.00878 -0.01057 -0.01823 1.86584e-01 4.15410e-04 -5.7134193340e-01 -3.8434299006e-01
150.004 0.00000 -0.00000 -0.00000 0.00000 0.00000 0.00000 2.5922e-02 9.1856e-01 8.5237e-03 -2.4787e-04 4.0626e-01 3.0256e-06 0.44667 0.44269 0.41516 -0.01298 -0.00418 0.01163 1.86583e-01 4.15710e-04 -5.7134219950e-01 -3.8434302435e-01
152.004 0.00000 -0.00000 -0.00000 0.00000 0.00000 0.00000 -2.8112e-03 9.1854e-01 -2.7998e-02 -2.4787e-04 4.0626e-01 3.0256e-06 0.41145 0.44271 0.45035 0.00095 0.01373 -0.00125 1.86584e-01 4.15955e-04 -5.7134268324e-01 -3.8434305851e-01
154.000 -0.00000 0.00000 0.00000 0.00000 0.00000 0.00000 -2.6370e-02 9.1853e-01 1.2895e-02 -2.4787e-04 4.0626e-01 3.0256e-06 0.44775 0.44275 0.41401 0.01271 -0.00607 -0.00924 1.86584e-01 4.16123e-04 -5.7134337517e-01 -3.8434309340e-01
156.000 0.00000 0.00000 -0.00000 0.00000 0.00000 0.00000 2.1853e-02 9.1856e-01 2.0010e-02 -2.4787e-04 4.0626e-01 3.0256e-06 0.42190 0.44275 0.43986 -0.01067 -0.00997 0.01655 1.86585e-01 4.16201e-04 -5.7134426805e-01 -3.8434313010e-01
158.000 -0.00000 0.00000 -0.00000 0.00000 0.00000 0.00000 1.0562e-02 9.1856e-01 -2.9586e-02 -2.4787e-04 4.0626e-01 3.0256e-06 0.42949 0.44280 0.43220 -0.00579 0.01413 -0.01820 1.86586e-01 4.16187e-04 -5.7134534671e-01 -3.8434316950e-01
160.000 0.00000 -0.00000 -0.00000 -0.00000 0.00000 0.00000 -3.4053e-02 9.1854e-01 -2.7246e-05 -2.4787e-04 4.0626e-01 3.0256e-06 0.44133 0.44289 0.42027 0.01609 0.00053 0.01395 1.86587e-01 4.16088e-04 -5.7134659087e-01 -3.8434321256e-01
162.000 0.00000 -0.00000 0.00000 0.00000 0.00000 0.00000 1.1550e-02 9.1857e-01 3.3481e-02 -2.4787e-04 4.0626e-01 3.0256e-06 0.41525 0.44293 0.44629 -0.00528 -0.01619 -0.00569 1.86589e-01 4.15921e-04 -5.7134797115e-01 -3.8434326024e-01
164.000 -0.00000 0.00000 -0.00000 0.00000 0.00000 0.00000 2.8726e-02 9.1859e-01 -2.3961e-02 -2.4787e-04 4.0626e-01 3.0256e-06 0.44576 0.44300 0.41571 -0.01430 0.01095 -0.00337 1.86590e-01 4.15711e-04 -5.7134944635e-01 -3.8434331337e-01
166.000 -0.00000 -0.00000 0.00000 -0.00000 0.00000 0.00000 -3.4689e-02 9.1856e-01 -2.1124e-02 -2.4787e-04 4.0626e-01 3.0256e-06 0.42080 0.44312 0.44053 0.01585 0.01051 0.00999 1.86592e-01 4.15487e-04 -5.7135096139e-01 -3.8434337265e-01
168.000 0.00000 -0.00000 0.00000 0.00000 0.00000 0.00000 -1.0256e-02 9.1858e-01 4.1279e-02 -2.4787e-04 4.0626e-01 3.0256e-06 0.43317 0.44320 0.42807 0.00512 -0.01937 -0.01220 1.86594e-01 4.15280e-04 -5.7135244671e-01 -3.8434343855e-01
170.000 -0.00000 -0.00000 0.00000 0.00000 0.00000 0.00000 4.3783e-02 9.1863e-01 -3.8745e-03 -2.4787e-04 4.0626e-01 3.0256e-06 0.43443 0.44325 0.42675 -0.02093 0.00133 0.01001 1.86595e-01 4.15110e-04 -5.7135382020e-01 -3.8434351115e-01
172.000 -0.00000 0.00000 0.00000 0.00000 -0.00000 0.00000 -1.8667e-02 9.1859e-01 -4.2711e-02 -2.4787e-04 4.0626e-01 3.0256e-06 0.42346 0.44337 0.43759 0.00809 0.02024 -0.00522 1.86596e-01 4.14986e-04 -5.7135499228e-01 -3.8434359009e-01
174.000 0.00000 -0.00000 0.00000 0.00000 -0.00000 0.00000 -3.6892e-02 9.1859e-01 3.1308e-02 -2.4787e-04 4.0626e-01 3.0256e-06 0.43711 0.44345 0.42385 0.01727 -0.01442 0.00046 1.86597e-01 4.14899e-04 -5.7135587432e-01 -3.8434367454e-01
176.000 0.00000 -0.00000 -0.00000 0.00000 -0.00000 0.00000 4.1263e-02 9.1864e-01 2.5752e-02 -2.4787e-04 4.0626e-01 3.0256e-06 0.42659 0.44346 0.43435 -0.01949 -0.01227 0.00209 1.86598e-01 4.14826e-04 -5.7135638961e-01 -3.8434376317e-01
178.000 -0.00000 -0.00000 0.00000 0.00000 -0.00000 0.00000 1.1542e-02 9.1862e-01 -4.8305e-02 -2.4787e-04 4.0626e-01 3.0256e-06 0.43155 0.44351 0.42935 -0.00579 0.02260 -0.00178 1.86598e-01 4.14741e-04 -5.7135648495e-01 -3.8434385436e-01
180.000 0.00000 0.00000 -0.00000 0.00000 -0.00000 0.00000 -5.0464e-02 9.1858e-01 3.0136e-03 -2.4787e-04 4.0626e-01 3.0256e-06 0.43018 0.44356 0.43067 0.02336 -0.00143 -0.00029 1.86598e-01 4.14621e-04 -5.7135614022e-01 -3.8434394630e-01
182.000 0.00000 0.00000 -0.00000 0.00000 -0.00000 0.00000 1.7212e-02 9.1862e-01 4.6389e-02 -2.4787e-04 4.0626e-01 3.0256e-06 0.43233 0.44351 0.42858 -0.00847 -0.02168 0.00197 1.86597e-01 4.14465e-04 -5.7135537319e-01 -3.8434403721e-01
184.000 -0.00000 0.00000 -0.00000 0.00000 0.00000 0.00000 3.7654e-02 9.1862e-01 -3.0428e-02 -2.4787e-04 4.0626e-01 3.0256e-06 0.42565 0.44346 0.43532 -0.01776 0.01448 -0.00133 1.86596e-01 4.14294e-04 -5.7135423808e-01 -3.8434412552e-01
186.000 -0.00000 -0.00000 0.00000 0.00000 -0.00000 0.00000 -4.0104e-02 9.1857e-01 -2.6462e-02 -2.4787e-04 4.0626e-01 3.0256e-06 0.43740 0.44344 0.42359 0.01877 0.01211 -0.00212 1.86594e-01 4.14151e-04 -5.7135281792e-01 -3.8434420998e-01
188.000 -0.00000 0.00000 0.00000 0.00000 -0.00000 0.00000 -1.3204e-02 9.1858e-01 4.4166e-02 -2.4787e-04 4.0626e-01 3.0256e-06 0.42450 0.44335 0.43659 0.00549 -0.02089 0.00709 1.86593e-01 4.14085e-04 -5.7135121277e-01 -3.8434428966e-01
190.000 0.00000 0.00000 0.00000 0.00000 -0.00000 0.00000 4.3393e-02 9.1860e-01 -1.5664e-03 -2.4787e-04 4.0626e-01 3.0256e-06 0.43213 0.44324 0.42908 -0.02070 0.00126 -0.01110 1.86591e-01 4.14139e-04 -5.7134952665e-01 -3.8434436397e-01
192.000 0.00000 0.00000 0.00000 0.00000 -0.00000 0.00000 -1.5101e-02 9.1856e-01 -3.9204e-02 -2.4787e-04 4.0626e-01 3.0256e-06 0.43609 0.44318 0.42519 0.00740 0.01834 0.01169 1.86589e-01 4.14338e-04 -5.7134785614e-01 -3.8434443261e-01
194.000 0.00000 -0.00000 0.00000 -0.00000 0.00000 0.00000 -3.1301e-02 9.1854e-01 2.4884e-02 -2.4787e-04 4.0626e-01 3.0256e-06 0.41849 0.44311 0.44289 0.01420 -0.01226 -0.00768 1.86587e-01 4.14685e-04 -5.7134628243e-01 -3.8434449551e-01
196.000 0.00000 0.00000 0.00000 -0.00000 0.00000 0.00000 3.1043e-02 9.1857e-01 1.9730e-02 -2.4787e-04 4.0626e-01 3.0256e-06 0.44647 0.44299 0.41503 -0.01536 -0.00891 -0.00014 1.86585e-01 4.15161e-04 -5.7134486750e-01 -3.8434455284e-01
198.000 -0.00000 0.00000 -0.00000 -0.00000 0.00000 0.00000 6.9814e-03 9.1854e-01 -3.4207e-02 -2.4787e-04 4.0626e-01 3.0256e-06 0.41675 0.44293 0.44483 -0.00309 0.01650 0.00922 1.86583e-01 4.15731e-04 -5.7134365394e-01 -3.8434460494e-01
200.000 0.00000 -0.00000 -0.00000 0.00000 0.00000 0.00000 -3.3246e-02 9.1851e-01 4.4036e-03 -2.4787e-04 4.0626e-01 3.0256e-06 0.43797 0.44288 0.42365 0.01566 -0.00261 -0.01619 1.86582e-01 4.16349e-04 -5.7134266723e-01 -3.8434465229e-01
202.000 0.00000 -0.00000 0.00000 0.00000 0.00000 0.00000 1.4244e-02 9.1853e-01 2.7438e-02 -2.4787e-04 4.0626e-01 3.0256e-06 0.43371 0.44280 0.42800 -0.00754 -0.01306 0.01820 1.86580e-01 4.16967e-04 -5.7134191934e-01 -3.8434469548e-01
204.000 0.00000 -0.00000 0.00000 -0.00000 0.00000 0.00000 1.8660e-02 9.1853e-01 -2.2620e-02 -2.4787e-04 4.0626e-01 3.0256e-06 0.41829 0.44276 0.44348 -0.00912 0.01121 -0.01416 1.86579e-01 4.17538e-04 -5.7134141268e-01 -3.8434473522e-01
206.000 0.00000 -0.00000 0.00000 -0.00000 0.00000 0.00000 -2.7683e-02 9.1850e-01 -9.0688e-03 -2.4787e-04 4.0626e-01 3.0256e-06 0.44949 0.44275 0.41228 0.01333 0.00423 0.00518 1.86578e-01 4.18019e-04 -5.7134114359e-01 -3.8434477226e-01
208.000 -0.00000 -0.00000 0.00000 -0.00000 0.00000 0.00000 1.2700e-03 9.1851e-01 2.7910e-02 -2.4787e-04 4.0626e-01 3.0256e-06 0.41225 0.44272 0.44955 -0.00102 -0.01366 0.00579 1.86578e-01 4.18373e-04 -5.7134110509e-01 -3.8434480741e-01
210.000 0.00000 -0.00000 0.00000 -0.00000 0.00000 0.00000 2.4393e-02 9.1853e-01 -1.2276e-02 -2.4787e-04 4.0626e-01 3.0256e-06 0.44350 0.44270 0.41832 -0.01225 0.00599 -0.01500 1.86578e-01 4.18567e-04 -5.7134128871e-01 -3.8434484153e-01
212.000 -0.00000 0.00000 -0.00000 -0.00000 0.00000 0.00000 -2.1685e-02 9.1850e-01 -1.8608e-02 -2.4787e-04 4.0626e-01 3.0256e-06 0.42843 0.44274 0.43335 0.01024 0.00924 0.01930 1.86578e-01 4.18578e-04 -5.7134168536e-01 -3.8434487554e-01
214.000 -0.00000 0.00000 0.00000 -0.00000 0.00000 0.00000 -1.0123e-02 9.1851e-01 2.7359e-02 -2.4787e-04 4.0626e-01 3.0256e-06 0.42260 0.44275 0.43916 0.00490 -0.01327 -0.01731 1.86579e-01 4.18388e-04 -5.7134228532e-01 -3.8434491038e-01
216.000 0.00000 -0.00000 0.00000 -0.00000 0.00000 0.00000 2.9640e-02 9.1854e-01 -1.2461e-03 -2.4787e-04 4.0626e-01 3.0256e-06 0.44685 0.44276 0.41490 -0.01468 0.00025 0.00986 1.86580e-01 4.17993e-04 -5.7134307741e-01 -3.8434494704e-01
218.000 0.00000 0.00000 -0.00000 -0.00000 0.00000 0.00000 -1.3230e-02 9.1852e-01 -2.9212e-02 -2.4787e-04 4.0626e-01 3.0256e-06 0.41268 0.44283 0.44899 0.00568 0.01429 0.00033 1.86582e-01 4.17400e-04 -5.7134404745e-01 -3.8434498658e-01
220.000 0.00000 0.00000 0.00000 -0.00000 0.00000 0.00000 -2.4891e-02 9.1853e-01 2.3418e-02 -2.4787e-04 4.0626e-01 3.0256e-06 0.44521 0.44290 0.41638 0.01204 -0.01087 -0.00967 1.86584e-01 4.16638e-04 -5.7134517610e-01 -3.8434503009e-01
222.000 0.00000 -0.00000 0.00000 0.00000 0.00000 0.00000 3.1639e-02 9.1857e-01 1.5876e-02 -2.4787e-04 4.0626e-01 3.0256e-06 0.42428 0.44294 0.43727 -0.01514 -0.00807 0.01506 1.86586e-01 4.15759e-04 -5.7134643642e-01 -3.8434507865e-01
224.000 0.00000 0.00000 0.00000 0.00000 0.00000 0.00000 4.0253e-03 9.1856e-01 -3.7876e-02 -2.4787e-04 4.0626e-01 3.0256e-06 0.42823 0.44303 0.43321 -0.00277 0.01793 -0.01503 1.86588e-01 4.14839e-04 -5.7134779136e-01 -3.8434513330e-01
226.000 0.00000 -0.00000 0.00000 0.00000 0.00000 0.00000 -4.0141e-02 9.1855e-01 8.3994e-03 -2.4787e-04 4.0626e-01 3.0256e-06 0.43995 0.44314 0.42138 0.01886 -0.00340 0.01026 1.86590e-01 4.13975e-04 -5.7134919181e-01 -3.8434519491e-01
228.000 0.00000 -0.00000 0.00000 0.00000 0.00000 0.00000 2.1089e-02 9.1860e-01 3.6819e-02 -2.4787e-04 4.0626e-01 3.0256e-06 0.41880 0.44319 0.44246 -0.00976 -0.01766 -0.00317 1.86592e-01 4.13275e-04 -5.7135057600e-01 -3.8434526408e-01
230.000 0.00000 -0.00000 -0.00000 0.00000 0.00000 0.00000 2.9045e-02 9.1861e-01 -3.3617e-02 -2.4787e-04 4.0626e-01 3.0256e-06 0.44057 0.44328 0.42060 -0.01432 0.01550 -0.00319 1.86594e-01 4.12839e-04 -5.7135187082e-01 -3.8434534094e-01
232.000 0.00000 0.00000 -0.00000 0.00000 0.00000 0.00000 -4.3361e-02 9.1857e-01 -1.8542e-02 -2.4787e-04 4.0626e-01 3.0256e-06 0.42508 0.44340 0.43595 0.01993 0.00911 0.00653 1.86595e-01 4.12732e-04 -5.7135299600e-01 -3.8434542506e-01
234.000 -0.00000 -0.00000 0.00000 -0.00000 0.00000 0.00000 -5.3289e-03 9.1860e-01 4.7929e-02 -2.4787e-04 4.0626e-01 3.0256e-06 0.43129 0.44345 0.42969 0.00256 -0.02245 -0.00630 1.86595e-01 4.12967e-04 -5.7135387118e-01 -3.8434551537e-01
236.000 -0.00000 0.00000 -0.00000 0.00000 0.00000 0.00000 4.7630e-02 9.1863e-01 -1.0181e-02 -2.4787e-04 4.0626e-01 3.0256e-06 0.43220 0.44347 0.42875 -0.02264 0.00456 0.00372 1.86595e-01 4.13485e-04 -5.7135442539e-01 -3.8434561017e-01
238.000 -0.00000 0.00000 0.00000 -0.00000 0.00000 0.00000 -2.5107e-02 9.1858e-01 -4.3416e-02 -2.4787e-04 4.0626e-01 3.0256e-06 0.42901 0.44355 0.43186 0.01141 0.02039 -0.00105 1.86595e-01 4.14166e-04 -5.7135460742e-01 -3.8434570738e-01
240.000 -0.00000 -0.00000 -0.00000 -0.00000 0.00000 0.00000 -3.4667e-02 9.1857e-01 3.6569e-02 -2.4787e-04 4.0626e-01 3.0256e-06 0.42978 0.44356 0.43107 0.01594 -0.01715 0.00025 1.86594e-01 4.14858e-04 -5.7135439482e-01 -3.8434580475e-01
242.000 -0.00000 -0.00000 -0.00000 -0.00000 0.00000 0.00000 4.4219e-02 9.1861e-01 2.1350e-02 -2.4787e-04 4.0626e-01 3.0256e-06 0.43279 0.44350 0.42813 -0.02106 -0.00985 -0.00195 1.86592e-01 4.15412e-04 -5.7135379899e-01 -3.8434590016e-01
244.000 0.00000 -0.00000 0.00000 -0.00000 0.00000 0.00000 6.1344e-03 9.1858e-01 -4.8251e-02 -2.4787e-04 4.0626e-01 3.0256e-06 0.42878 0.44348 0.43217 -0.00287 0.02267 0.00504 1.86591e-01 4.15728e-04 -5.7135286485e-01 -3.8434599187e-01
246.000 0.00000 -0.00000 -0.00000 0.00000 0.00000 0.00000 -4.7262e-02 9.1854e-01 8.0702e-03 -2.4787e-04 4.0626e-01 3.0256e-06 0.42869 0.44345 0.43229 0.02185 -0.00417 -0.00732 1.86590e-01 4.15775e-04 -5.7135166480e-01 -3.8434607860e-01
248.000 0.00000 0.00000 0.00000 -0.00000 0.00000 0.00000 2.0643e-02 9.1858e-01 4.0481e-02 -2.4787e-04 4.0626e-01 3.0256e-06 0.43749 0.44333 0.42362 -0.01039 -0.01881 0.00663 1.86589e-01 4.15592e-04 -5.7135028851e-01 -3.8434615956e-01
250.000 0.00000 0.00000 0.00000 -0.00000 0.00000 0.00000 2.9952e-02 9.1858e-01 -3.1281e-02 -2.4787e-04 4.0626e-01 3.0256e-06 0.41937 0.44324 0.44185 -0.01402 0.01512 -0.00219 1.86587e-01 4.15262e-04 -5.7134883109e-01 -3.8434623434e-01
252.000 0.00000 -0.00000 0.00000 -0.00000 0.00000 0.00000 -3.7899e-02 9.1853e-01 -1.8149e-02 -2.4787e-04 4.0626e-01 3.0256e-06 0.44283 0.44319 0.41845 0.01790 0.00807 -0.00488 1.86586e-01 4.14889e-04 -5.7134738238e-01 -3.8434630286e-01
254.000 0.00000 0.00000 -0.00000 -0.00000 0.00000 0.00000 -5.5009e-03 9.1854e-01 3.8929e-02 -2.4787e-04 4.0626e-01 3.0256e-06 0.42223 0.44308 0.43917 0.00175 -0.01854 0.01192 1.86585e-01 4.14565e-04 -5.7134601917e-01 -3.8434636525e-01
256.000 -0.00000 0.00000 0.00000 -0.00000 0.00000 0.00000 3.5594e-02 9.1857e-01 -7.6033e-03 -2.4787e-04 4.0626e-01 3.0256e-06 0.43150 0.44298 0.43001 -0.01712 0.00418 -0.01587 1.86584e-01 4.14355e-04 -5.7134480128e-01 -3.8434642185e-01
258.000 -0.00000 0.00000 0.00000 -0.00000 0.00000 0.00000 -1.8718e-02 9.1853e-01 -2.9618e-02 -2.4787e-04 4.0626e-01 3.0256e-06 0.43929 0.44293 0.42228 0.00915 0.01392 0.01464 1.86583e-01 4.14288e-04 -5.7134377090e-01 -3.8434647311e-01
260.000 0.00000 0.00000 0.00000 -0.00000 0.00000 0.00000 -2.0847e-02 9.1852e-01 2.5680e-02 -2.4787e-04 4.0626e-01 3.0256e-06 0.41495 0.44287 0.44669 0.00937 -0.01267 -0.00810 1.86582e-01 4.14363e-04 -5.7134295457e-01 -3.8434651962e-01
262.000 -0.00000 0.00000 0.00000 -0.00000 0.00000 0.00000 2.8957e-02 9.1855e-01 9.3319e-03 -2.4787e-04 4.0626e-01 3.0256e-06 0.44928 0.44278 0.41245 -0.01441 -0.00413 -0.00184 1.86581e-01 4.14557e-04 -5.7134236627e-01 -3.8434656206e-01
264.000 -0.00000 0.00000 0.00000 -0.00000 0.00000 0.00000 -2.5434e-03 9.1853e-01 -2.9452e-02 -2.4787e-04 4.0626e-01 3.0256e-06 0.41600 0.44276 0.44576 0.00126 0.01433 0.01183 1.86581e-01 4.14835e-04 -5.7134201106e-01 -3.8434660119e-01
266.000 -0.00000 -0.00000 0.00000 -0.00000 0.00000 0.00000 -2.6228e-02 9.1851e-01 1.2395e-02 -2.4787e-04 4.0626e-01 3.0256e-06 0.43709 0.44275 0.42468 0.01246 -0.00625 -0.01833 1.86580e-01 4.15154e-04 -5.7134188821e-01 -3.8434663781e-01
268.000 -0.00000 0.00000 0.00000 -0.00000 0.00000 0.00000 2.0217e-02 9.1854e-01 1.8676e-02 -2.4787e-04 4.0626e-01 3.0256e-06 0.43566 0.44270 0.42615 -0.01024 -0.00908 0.01896 1.86580e-01 4.15474e-04 -5.7134199370e-01 -3.8434667276e-01
270.000 -0.00000 0.00000 0.00000 -0.00000 0.00000 0.00000 8.7291e-03 9.1853e-01 -2.6252e-02 -2.4787e-04 4.0626e-01 3.0256e-06 0.41664 0.44271 0.44517 -0.00461 0.01285 -0.01339 1.86580e-01 4.15761e-04 -5.7134232178e-01 -3.8434670694e-01
272.000 -0.00000 -0.00000 0.00000 -0.00000 0.00000 0.00000 -2.8792e-02 9.1851e-01 1.4326e-03 -2.4787e-04 4.0626e-01 3.0256e-06 0.44999 0.44274 0.41178 0.01383 -0.00053 0.00350 1.86580e-01 4.15986e-04 -5.7134286553e-01 -3.8434674124e-01
274.000 -0.00000 0.00000 0.00000 -0.00000 0.00000 0.00000 1.1735e-02 9.1853e-01 2.6439e-02 -2.4787e-04 4.0626e-01 3.0256e-06 0.41320 0.44274 0.44857 -0.00576 -0.01300 0.00730 1.86581e-01 4.16129e-04 -5.7134361660e-01 -3.8434677661e-01
276.000 -0.00000 0.00000 0.00000 -0.00000 0.00000 0.00000 2.0402e-02 9.1854e-01 -2.2091e-02 -2.4787e-04 4.0626e-01 3.0256e-06 0.44154 0.44277 0.42019 -0.01045 0.01045 -0.01534 1.86582e-01 4.16181e-04 -5.7134456402e-01 -3.8434681398e-01
278.000 -0.00000 -0.00000 -0.00000 -0.00000 0.00000 0.00000 -3.0238e-02 9.1852e-01 -1.2294e-02 -2.4787e-04 4.0626e-01 3.0256e-06 0.43017 0.44285 0.43147 0.01413 0.00637 0.01803 1.86583e-01 4.16142e-04 -5.7134569224e-01 -3.8434685434e-01
280.000 -0.00000 0.00000 0.00000 -0.00000 0.00000 0.00000 -1.8358e-03 9.1854e-01 3.4060e-02 -2.4787e-04 4.0626e-01 3.0256e-06 0.42198 0.44290 0.43960 0.00112 -0.01633 -0.01480 1.86584e-01 4.16022e-04 -5.7134697863e-01 -3.8434689863e-01
282.000 0.00000 0.00000 0.00000 -0.00000 0.00000 0.00000 3.3966e-02 9.1857e-01 -1.0974e-02 -2.4787e-04 4.0626e-01 3.0256e-06 0.44530 0.44295 0.41623 -0.01665 0.00471 0.00723 1.86586e-01 4.15840e-04 -5.7134839068e-01 -3.8434694779e-01
284.000 0.00000 -0.00000 -0.00000 0.00000 0.00000 0.00000 -2.3682e-02 9.1855e-01 -3.0778e-02 -2.4787e-04 4.0626e-01 3.0256e-06 0.41576 0.44306 0.44564 0.01050 0.01498 0.00164 1.86587e-01 4.15623e-04 -5.7134988333e-01 -3.8434700262e-01
286.000 0.00000 -0.00000 -0.00000 0.00000 0.00000 0.00000 -2.3533e-02 9.1855e-01 3.3719e-02 -2.4787e-04 4.0626e-01 3.0256e-06 0.44121 0.44315 0.42009 0.01135 -0.01564 -0.00857 1.86589e-01 4.15402e-04 -5.7135139729e-01 -3.8434706376e-01
288.000 0.00000 -0.00000 -0.00000 0.00000 0.00000 0.00000 4.0829e-02 9.1860e-01 1.1740e-02 -2.4787e-04 4.0626e-01 3.0256e-06 0.42689 0.44320 0.43434 -0.01939 -0.00605 0.01140 1.86591e-01 4.15204e-04 -5.7135285907e-01 -3.8434713158e-01
290.000 0.00000 -0.00000 0.00000 0.00000 0.00000 0.00000 -2.3826e-03 9.1858e-01 -4.5036e-02 -2.4787e-04 4.0626e-01 3.0256e-06 0.42800 0.44331 0.43312 0.00036 0.02121 -0.00986 1.86592e-01 4.15048e-04 -5.7135418374e-01 -3.8434720605e-01
292.000 0.00000 0.00000 -0.00000 0.00000 0.00000 0.00000 -4.4549e-02 9.1856e-01 1.6212e-02 -2.4787e-04 4.0626e-01 3.0256e-06 0.43649 0.44342 0.42451 0.02080 -0.00722 0.00556 1.86593e-01 4.14936e-04 -5.7135528101e-01 -3.8434728666e-01
294.000 -0.00000 0.00000 -0.00000 0.00000 0.00000 0.00000 2.9164e-02 9.1861e-01 3.8114e-02 -2.4787e-04 4.0626e-01 3.0256e-06 0.42457 0.44344 0.43640 -0.01370 -0.01807 -0.00108 1.86594e-01 4.14857e-04 -5.7135606447e-01 -3.8434737244e-01
296.000 -0.00000 0.00000 0.00000 -0.00000 0.00000 0.00000 2.7351e-02 9.1861e-01 -4.0701e-02 -2.4787e-04 4.0626e-01 3.0256e-06 0.43396 0.44349 0.42696 -0.01325 0.01896 -0.00138 1.86594e-01 4.14783e-04 -5.7135646304e-01 -3.8434746197e-01
298.000 -0.00000 0.00000 -0.00000 -0.00000 0.00000 0.00000 -4.8312e-02 9.1856e-01 -1.4502e-02 -2.4787e-04 4.0626e-01 3.0256e-06 0.42949 0.44356 0.43135 0.02234 0.00687 0.00105 1.86594e-01 4.14689e-04 -5.7135643222e-01 -3.8434755354e-01
300.000 0.00000 0.00000 -0.00000 -0.00000 0.00000 0.00000 -3.0867e-05 9.1859e-01 4.9953e-02 -2.4787e-04 4.0626e-01 3.0256e-06 0.43065 0.44354 0.43023 -0.00031 -0.02339 0.00102 1.86594e-01 4.14558e-04 -5.7135596257e-01 -3.8434764533e-01
302.000 0.00000 0.00000 0.00000 -0.00000 0.00000 0.00000 4.6462e-02 9.1862e-01 -1.5394e-02 -2.4787e-04 4.0626e-01 3.0256e-06 0.42846 0.44349 0.43247 -0.02199 0.00739 -0.00271 1.86593e-01 4.14395e-04 -5.7135508278e-01 -3.8434773561e-01
304.000 0.00000 0.00000 -0.00000 -0.00000 0.00000 0.00000 -2.8898e-02 9.1856e-01 -3.9388e-02 -2.4787e-04 4.0626e-01 3.0256e-06 0.43573 0.44349 0.42521 0.01353 0.01830 0.00209 1.86592e-01 4.14228e-04 -5.7135385638e-01 -3.8434782291e-01
306.000 0.00000 -0.00000 -0.00000 -0.00000 0.00000 0.00000 -2.8644e-02 9.1856e-01 3.7870e-02 -2.4787e-04 4.0626e-01 3.0256e-06 0.42278 0.44343 0.43823 0.01285 -0.01802 0.00145 1.86590e-01 4.14102e-04 -5.7135237261e-01 -3.8434790605e-01
308.000 0.00000 -0.00000 -0.00000 -0.00000 0.00000 0.00000 4.2440e-02 9.1859e-01 1.4555e-02 -2.4787e-04 4.0626e-01 3.0256e-06 0.43778 0.44331 0.42336 -0.02039 -0.00639 -0.00675 1.86589e-01 4.14066e-04 -5.7135073397e-01 -3.8434798422e-01
310.000 -0.00000 -0.00000 0.00000 -0.00000 0.00000 0.00000 -1.1152e-04 9.1856e-01 -4.3364e-02 -2.4787e-04 4.0626e-01 3.0256e-06 0.42775 0.44325 0.43346 0.00032 0.02047 0.01135 1.86587e-01 4.14159e-04 -5.7134904338e-01 -3.8434805690e-01
312.000 0.00000 -0.00000 -0.00000 -0.00000 0.00000 0.00000 -3.9760e-02 9.1852e-01 1.2589e-02 -2.4787e-04 4.0626e-01 3.0256e-06 0.42636 0.44318 0.43493 0.01836 -0.00651 -0.01266 1.86585e-01 4.14402e-04 -5.7134739361e-01 -3.8434812386e-01
314.000 0.00000 -0.00000 0.00000 -0.00000 0.00000 0.00000 2.2590e-02 9.1855e-01 3.1244e-02 -2.4787e-04 4.0626e-01 3.0256e-06 0.44230 0.44306 0.41913 -0.01146 -0.01448 0.00924 1.86583e-01 4.14789e-04 -5.7134586054e-01 -3.8434818513e-01
316.000 -0.00000 0.00000 0.00000 -0.00000 0.00000 0.00000 2.0051e-02 9.1854e-01 -3.0239e-02 -2.4787e-04 4.0626e-01 3.0256e-06 0.41480 0.44298 0.44672 -0.00938 0.01474 -0.00163 1.86581e-01 4.15296e-04 -5.7134450048e-01 -3.8434824090e-01
318.000 -0.00000 0.00000 0.00000 -0.00000 0.00000 0.00000 -3.3873e-02 9.1850e-01 -8.6587e-03 -2.4787e-04 4.0626e-01 3.0256e-06 0.44599 0.44294 0.41557 0.01610 0.00363 -0.00776 1.86579e-01 4.15884e-04 -5.7134335076e-01 -3.8434829157e-01
320.000 0.00000 0.00000 0.00000 -0.00000 0.00000 0.00000 2.6511e-03 9.1851e-01 3.2277e-02 -2.4787e-04 4.0626e-01 3.0256e-06 0.42181 0.44285 0.43985 -0.00203 -0.01550 0.01550 1.86578e-01 4.16506e-04 -5.7134243259e-01 -3.8434833765e-01
322.000 -0.00000 0.00000 0.00000 -0.00000 0.00000 0.00000 2.6908e-02 9.1852e-01 -1.3722e-02 -2.4787e-04 4.0626e-01 3.0256e-06 0.43004 0.44279 0.43169 -0.01315 0.00700 -0.01857 1.86576e-01 4.17115e-04 -5.7134175482e-01 -3.8434837978e-01
324.000 0.00000 -0.00000 0.00000 -0.00000 0.00000 0.00000 -2.2368e-02 9.1849e-01 -1.9613e-02 -2.4787e-04 4.0626e-01 3.0256e-06 0.44189 0.44278 0.41985 0.01082 0.00935 0.01555 1.86575e-01 4.17664e-04 -5.7134131777e-01 -3.8434841866e-01
326.000 -0.00000 -0.00000 0.00000 -0.00000 0.00000 0.00000 -1.0262e-02 9.1849e-01 2.6669e-02 -2.4787e-04 4.0626e-01 3.0256e-06 0.41289 0.44275 0.44888 0.00455 -0.01311 -0.00722 1.86575e-01 4.18111e-04 -5.7134111659e-01 -3.8434845507e-01
328.000 -0.00000 0.00000 0.00000 -0.00000 0.00000 0.00000 2.7291e-02 9.1851e-01 -1.1324e-03 -2.4787e-04 4.0626e-01 3.0256e-06 0.45011 0.44271 0.41170 -0.01365 0.00062 -0.00369 1.86574e-01 4.18421e-04 -5.7134114374e-01 -3.8434848984e-01
330.000 -0.00000 0.00000 -0.00000 -0.00000 0.00000 0.00000 -1.2254e-02 9.1849e-01 -2.5290e-02 -2.4787e-04 4.0626e-01 3.0256e-06 0.41674 0.44273 0.44505 0.00566 0.01244 0.01349 1.86574e-01 4.18564e-04 -5.7134139052e-01 -3.8434852385e-01
332.000 -0.00000 0.00000 0.00000 -0.00000 0.00000 0.00000 -1.9842e-02 9.1849e-01 2.0795e-02 -2.4787e-04 4.0626e-01 3.0256e-06 0.43544 0.44275 0.42633 0.00956 -0.01006 -0.01885 1.86575e-01 4.18517e-04 -5.7134184767e-01 -3.8434855801e-01
334.000 0.00000 -0.00000 0.00000 -0.00000 0.00000 0.00000 2.6826e-02 9.1852e-01 1.0438e-02 -2.4787e-04 4.0626e-01 3.0256e-06 0.43716 0.44275 0.42461 -0.01324 -0.00535 0.01802 1.86576e-01 4.18267e-04 -5.7134250516e-01 -3.8434859329e-01
336.000 0.00000 0.00000 0.00000 -0.00000 0.00000 0.00000 -8.9844e-04 9.1851e-01 -3.0663e-02 -2.4787e-04 4.0626e-01 3.0256e-06 0.41621 0.44280 0.44550 -0.00025 0.01486 -0.01147 1.86577e-01 4.17812e-04 -5.7134335109e-01 -3.8434863070e-01
338.000 -0.00000 -0.00000 0.00000 -0.00000 0.00000 0.00000 -3.0691e-02 9.1850e-01 1.1887e-02 -2.4787e-04 4.0626e-01 3.0256e-06 0.44867 0.44287 0.41296 0.01470 -0.00529 0.00165 1.86579e-01 4.17166e-04 -5.7134436998e-01 -3.8434867130e-01
340.000 0.00000 0.00000 0.00000 -0.00000 0.00000 0.00000 2.2352e-02 9.1854e-01 2.5635e-02 -2.4787e-04 4.0626e-01 3.0256e-06 0.41563 0.44290 0.44596 -0.01060 -0.01263 0.00790 1.86580e-01 4.16364e-04 -5.7134554049e-01 -3.8434871619e-01
342.000 -0.00000 0.00000 0.00000 -0.00000 0.00000 0.00000 1.6882e-02 9.1855e-01 -3.2120e-02 -2.4787e-04 4.0626e-01 3.0256e-06 0.43872 0.44297 0.42278 -0.00882 0.01504 -0.01396 1.86583e-01 4.15464e-04 -5.7134683290e-01 -3.8434876645e-01
344.000 0.00000 0.00000 0.00000 -0.00000 0.00000 0.00000 -3.8888e-02 9.1852e-01 -6.2746e-03 -2.4787e-04 4.0626e-01 3.0256e-06 0.43147 0.44309 0.42991 0.01810 0.00357 0.01481 1.86585e-01 4.14551e-04 -5.7134820673e-01 -3.8434882307e-01
346.000 -0.00000 0.00000 0.00000 -0.00000 0.00000 0.00000 6.1900e-03 9.1856e-01 4.0582e-02 -2.4787e-04 4.0626e-01 3.0256e-06 0.42282 0.44315 0.43849 -0.00264 -0.01930 -0.01085 1.86587e-01 4.13725e-04 -5.7134960912e-01 -3.8434888687e-01
348.000 -0.00000 0.00000 0.00000 -0.00000 0.00000 0.00000 3.7768e-02 9.1859e-01 -2.0232e-02 -2.4787e-04 4.0626e-01 3.0256e-06 0.44156 0.44322 0.41967 -0.01833 0.00907 0.00429 1.86589e-01 4.13094e-04 -5.7135097467e-01 -3.8434895831e-01
350.000 0.00000 -0.00000 0.00000 -0.00000 0.00000 0.00000 -3.3163e-02 9.1855e-01 -3.1551e-02 -2.4787e-04 4.0626e-01 3.0256e-06 0.42082 0.44335 0.44027 0.01499 0.01520 0.00192 1.86590e-01 4.12751e-04 -5.7135222757e-01 -3.8434903738e-01
352.000 -0.00000 0.00000 0.00000 -0.00000 0.00000 0.00000 -2.1365e-02 9.1857e-01 4.2297e-02 -2.4787e-04 4.0626e-01 3.0256e-06 0.43618 0.44342 0.42483 0.01013 -0.01969 -0.00545 1.86591e-01 4.12748e-04 -5.7135328667e-01 -3.8434912346e-01
354.000 0.00000 -0.00000 -0.00000 -0.00000 0.00000 0.00000 4.7434e-02 9.1861e-01 7.1710e-03 -2.4787e-04 4.0626e-01 3.0256e-06 0.42914 0.44344 0.43184 -0.02247 -0.00365 0.00554 1.86592e-01 4.13076e-04 -5.7135407333e-01 -3.8434921528e-01
356.000 -0.00000 -0.00000 -0.00000 -0.00000 0.00000 0.00000 -8.3890e-03 9.1858e-01 -4.8859e-02 -2.4787e-04 4.0626e-01 3.0256e-06 0.42941 0.44352 0.43149 0.00348 0.02292 -0.00326 1.86592e-01 4.13657e-04 -5.7135452138e-01 -3.8434931101e-01
358.000 0.00000 0.00000 -0.00000 -0.00000 0.00000 0.00000 -4.5226e-02 9.1855e-01 2.2403e-02 -2.4787e-04 4.0626e-01 3.0256e-06 0.43113 0.44357 0.42972 0.02094 -0.01044 0.00078 1.86591e-01 4.14358e-04 -5.7135458733e-01 -3.8434940847e-01
360.000 0.00000 0.00000 -0.00000 -0.00000 0.00000 0.00000 3.4213e-02 9.1859e-01 3.5840e-02 -2.4787e-04 4.0626e-01 3.0256e-06 0.43182 0.44353 0.42907 -0.01635 -0.01673 -0.00013 1.86590e-01 4.15023e-04 -5.7135425846e-01 -3.8434950544e-01
362.000 -0.00000 0.00000 0.00000 -0.00000 0.00000 0.00000 2.2870e-02 9.1858e-01 -4.3470e-02 -2.4787e-04 4.0626e-01 3.0256e-06 0.42735 0.44351 0.43357 -0.01081 0.02047 0.00202 1.86588e-01 4.15514e-04 -5.7135355642e-01 -3.8434959990e-01
364.000 0.00000 -0.00000 -0.00000 -0.00000 0.00000 0.00000 -4.8084e-02 9.1853e-01 -8.9796e-03 -2.4787e-04 4.0626e-01 3.0256e-06 0.43300 0.44350 0.42793 0.02234 0.00390 -0.00544 1.86587e-01 4.15750e-04 -5.7135253514e-01 -3.8434969022e-01
366.000 -0.00000 0.00000 -0.00000 -0.00000 0.00000 0.00000 5.1806e-03 9.1855e-01 4.6574e-02 -2.4787e-04 4.0626e-01 3.0256e-06 0.43156 0.44341 0.42948 -0.00311 -0.02182 0.00811 1.86586e-01 4.15722e-04 -5.7135127331e-01 -3.8434977529e-01
368.000 0.00000 -0.00000 -0.00000 -0.00000 0.00000 0.00000 4.0356e-02 9.1857e-01 -1.9021e-02 -2.4787e-04 4.0626e-01 3.0256e-06 0.42406 0.44331 0.43708 -0.01906 0.00940 -0.00780 1.86585e-01 4.15485e-04 -5.7134986345e-01 -3.8434985442e-01
370.000 -0.00000 0.00000 -0.00000 -0.00000 0.00000 0.00000 -2.9980e-02 9.1852e-01 -3.1446e-02 -2.4787e-04 4.0626e-01 3.0256e-06 0.44202 0.44326 0.41918 0.01428 0.01447 0.00356 1.86583e-01 4.15131e-04 -5.7134840011e-01 -3.8434992733e-01
372.000 0.00000 -0.00000 0.00000 -0.00000 0.00000 0.00000 -2.0029e-02 9.1852e-01 3.5912e-02 -2.4787e-04 4.0626e-01 3.0256e-06 0.41754 0.44316 0.44377 0.00869 -0.01727 0.00362 1.86582e-01 4.14764e-04 -5.7134696989e-01 -3.8434999399e-01
374.000 -0.00000 0.00000 -0.00000 -0.00000 0.00000 0.00000 3.7444e-02 9.1855e-01 6.4697e-03 -2.4787e-04 4.0626e-01 3.0256e-06 0.44073 0.44304 0.42071 -0.01816 -0.00250 -0.01119 1.86581e-01 4.14469e-04 -5.7134564481e-01 -3.8435005461e-01
376.000 0.00000 -0.00000 -0.00000 -0.00000 0.00000 0.00000 -6.6173e-03 9.1852e-01 -3.5763e-02 -2.4787e-04 4.0626e-01 3.0256e-06 0.42821 0.44299 0.43330 0.00344 0.01699 0.01600 1.86580e-01 4.14299e-04 -5.7134447939e-01 -3.8435010956e-01
378.000 -0.00000 0.00000 0.00000 -0.00000 0.00000 0.00000 -3.0291e-02 9.1850e-01 1.6753e-02 -2.4787e-04 4.0626e-01 3.0256e-06 0.42384 0.44293 0.43774 0.01399 -0.00850 -0.01575 1.86579e-01 4.14275e-04 -5.7134351091e-01 -3.8435015935e-01
380.000 0.00000 0.00000 0.00000 -0.00000 0.00000 0.00000 2.3990e-02 9.1853e-01 2.0791e-02 -2.4787e-04 4.0626e-01 3.0256e-06 0.44590 0.44283 0.41578 -0.01214 -0.00967 0.00994 1.86578e-01 4.14388e-04 -5.7134276182e-01 -3.8435020457e-01
382.000 -0.00000 0.00000 0.00000 -0.00000 0.00000 0.00000 9.5102e-03 9.1852e-01 -2.8776e-02 -2.4787e-04 4.0626e-01 3.0256e-06 0.41220 0.44279 0.44953 -0.00454 0.01409 -0.00022 1.86577e-01 4.14611e-04 -5.7134224311e-01 -3.8435024595e-01
384.000 0.00000 0.00000 -0.00000 -0.00000 0.00000 0.00000 -2.9716e-02 9.1849e-01 1.1621e-03 -2.4787e-04 4.0626e-01 3.0256e-06 0.44706 0.44277 0.41468 0.01421 -0.00085 -0.01017 1.86577e-01 4.14904e-04 -5.7134195782e-01 -3.8435028425e-01
386.000 0.00000 -0.00000 0.00000 -0.00000 0.00000 0.00000 1.1087e-02 9.1851e-01 2.5784e-02 -2.4787e-04 4.0626e-01 3.0256e-06 0.42266 0.44273 0.43913 -0.00587 -0.01254 0.01760 1.86576e-01 4.15227e-04 -5.7134190404e-01 -3.8435032029e-01
388.000 -0.00000 -0.00000 0.00000 -0.00000 0.00000 0.00000 1.8554e-02 9.1852e-01 -2.0266e-02 -2.4787e-04 4.0626e-01 3.0256e-06 0.42829 0.44271 0.43351 -0.00935 0.00996 -0.01939 1.86576e-01 4.15541e-04 -5.7134207712e-01 -3.8435035493e-01
390.000 -0.00000 -0.00000 0.00000 -0.00000 0.00000 0.00000 -2.6663e-02 9.1849e-01 -9.9374e-03 -2.4787e-04 4.0626e-01 3.0256e-06 0.44355 0.44274 0.41822 0.01277 0.00496 0.01486 1.86576e-01 4.15811e-04 -5.7134247091e-01 -3.8435038906e-01
392.000 0.00000 -0.00000 -0.00000 -0.00000 0.00000 0.00000 1.5820e-04 9.1851e-01 2.8490e-02 -2.4787e-04 4.0626e-01 3.0256e-06 0.41236 0.44274 0.44941 -0.00017 -0.01394 -0.00558 1.86577e-01 4.16013e-04 -5.7134307816e-01 -3.8435042359e-01
394.000 -0.00000 0.00000 0.00000 -0.00000 0.00000 0.00000 2.6529e-02 9.1853e-01 -1.1697e-02 -2.4787e-04 4.0626e-01 3.0256e-06 0.44916 0.44275 0.41260 -0.01331 0.00541 -0.00524 1.86577e-01 4.16130e-04 -5.7134388985e-01 -3.8435045948e-01
396.000 -0.00000 -0.00000 0.00000 -0.00000 0.00000 0.00000 -2.2342e-02 9.1850e-01 -2.1958e-02 -2.4787e-04 4.0626e-01 3.0256e-06 0.41864 0.44282 0.44304 0.01025 0.01093 0.01391 1.86578e-01 4.16154e-04 -5.7134489382e-01 -3.8435049766e-01
398.000 0.00000 -0.00000 0.00000 -0.00000 0.00000 0.00000 -1.4091e-02 9.1851e-01 2.9770e-02 -2.4787e-04 4.0626e-01 3.0256e-06 0.43342 0.44287 0.42820 0.00695 -0.01415 -0.01761 1.86579e-01 4.16089e-04 -5.7134607265e-01 -3.8435053912e-01
400.000 -0.00000 0.00000 -0.00000 -0.00000 0.00000 0.00000 3.4059e-02 9.1855e-01 2.5845e-03 -2.4787e-04 4.0626e-01 3.0256e-06 0.43778 0.44290 0.42379 -0.01655 -0.00176 0.01544 1.86581e-01 4.15948e-04 -5.7134740098e-01 -3.8435058480e-01
