# t x y z vx vy vz omx omy omz llx lly llz Ixx Iyy Izz Ixy Iyz Ixz KErot PEspr PEgrav Etot
0.000 0.00000 0.00000 0.00000 0.00000 -0.00000 0.00000 3.2547e-02 9.2026e-01 -4.5500e-02 -2.5045e-04 4.0599e-01 -6.2234e-05 0.42935 0.44276 0.42987 -0.01544 0.02118 0.00027 1.86803e-01 1.94577e-29 -5.7198179263e-01 -3.8517846878e-01
2.000 -0.00000 0.00000 0.00000 -0.00000 0.00000 -0.00000 -5.2802e-02 9.1511e-01 -1.7773e-02 -2.5045e-04 4.0599e-01 -6.2234e-05 0.42821 0.44521 0.42402 0.02438 0.00802 -0.00261 1.85772e-01 1.04171e-03 -5.7305249692e-01 -3.8623862558e-01
4.004 0.00000 -0.00000 0.00000 -0.00000 0.00000 -0.00000 -1.2632e-03 9.1491e-01 5.3822e-02 -2.5045e-04 4.0599e-01 -6.2234e-05 0.42538 0.44522 0.42682 -0.00005 -0.02517 0.00622 1.85720e-01 1.09333e-03 -5.7305747437e-01 -3.8624390649e-01
6.004 0.00000 -0.00000 -0.00000 -0.00000 0.00000 0.00000 4.9371e-02 9.1491e-01 -1.5516e-02 -2.5045e-04 4.0599e-01 -6.2234e-05 0.42225 0.44513 0.43006 -0.02320 0.00766 -0.00808 1.85715e-01 1.09739e-03 -5.7305838104e-01 -3.8624564157e-01
8.004 -0.00000 -0.00000 -0.00000 -0.00000 0.00000 -0.00000 -2.9425e-02 9.1482e-01 -4.1035e-02 -2.5045e-04 4.0599e-01 -6.2234e-05 0.43597 0.44508 0.41639 0.01402 0.01880 0.00599 1.85708e-01 1.10350e-03 -5.7305855509e-01 -3.8624726002e-01
10.000 -0.00000 0.00000 -0.00000 -0.00000 0.00000 -0.00000 -2.8888e-02 9.1480e-01 3.8015e-02 -2.5045e-04 4.0599e-01 -6.2234e-05 0.41251 0.44496 0.43999 0.01275 -0.01835 0.00018 1.85702e-01 1.10786e-03 -5.7305813294e-01 -3.8624874494e-01
12.000 0.00000 -0.00000 -0.00000 -0.00000 0.00000 -0.00000 4.2086e-02 9.1482e-01 1.3521e-02 -2.5045e-04 4.0599e-01 -6.2234e-05 0.43947 0.44481 0.41320 -0.02036 -0.00578 -0.00861 1.85697e-01 1.11048e-03 -5.7305725457e-01 -3.8625009720e-01
14.000 -0.00000 0.00000 -0.00000 -0.00000 0.00000 -0.00000 -1.7192e-03 9.1476e-01 -4.2129e-02 -2.5045e-04 4.0599e-01 -6.2234e-05 0.41928 0.44474 0.43348 0.00124 0.01993 0.01584 1.85693e-01 1.11186e-03 -5.7305608495e-01 -3.8625131719e-01
16.000 0.00000 -0.00000 -0.00000 -0.00000 0.00000 -0.00000 -3.7151e-02 9.1474e-01 1.4287e-02 -2.5045e-04 4.0599e-01 -6.2234e-05 0.42367 0.44465 0.42920 0.01722 -0.00753 -0.01855 1.85690e-01 1.11253e-03 -5.7305478723e-01 -3.8625241410e-01
18.000 0.00000 0.00000 -0.00000 -0.00000 0.00000 -0.00000 2.4202e-02 9.1476e-01 2.7210e-02 -2.5045e-04 4.0599e-01 -6.2234e-05 0.43953 0.44452 0.41348 -0.01235 -0.01276 0.01501 1.85687e-01 1.11291e-03 -5.7305350141e-01 -3.8625340171e-01
20.004 -0.00000 0.00000 -0.00000 -0.00000 0.00000 -0.00000 1.4837e-02 9.1474e-01 -3.1393e-02 -2.5045e-04 4.0599e-01 -6.2234e-05 0.40666 0.44447 0.44642 -0.00707 0.01535 -0.00575 1.85685e-01 1.11320e-03 -5.7305233382e-01 -3.8625429923e-01
22.004 -0.00000 0.00000 -0.00000 -0.00000 0.00000 -0.00000 -3.3770e-02 9.1470e-01 -2.5463e-03 -2.5045e-04 4.0599e-01 -6.2234e-05 0.44696 0.44445 0.40615 0.01621 0.00084 -0.00600 1.85683e-01 1.11344e-03 -5.7305136618e-01 -3.8625512338e-01
24.004 -0.00000 0.00000 0.00000 0.00000 0.00000 -0.00000 9.7031e-03 9.1473e-01 3.0534e-02 -2.5045e-04 4.0599e-01 -6.2234e-05 0.41237 0.44439 0.44081 -0.00519 -0.01496 0.01628 1.85681e-01 1.11352e-03 -5.7305064594e-01 -3.8625589845e-01
26.004 -0.00000 0.00000 -0.00000 -0.00000 0.00000 -0.00000 2.3473e-02 9.1472e-01 -2.1376e-02 -2.5045e-04 4.0599e-01 -6.2234e-05 0.42989 0.44438 0.42330 -0.01181 0.01037 -0.02146 1.85680e-01 1.11324e-03 -5.7305020230e-01 -3.8625664832e-01
28.004 0.00000 -0.00000 -0.00000 -0.00000 0.00000 -0.00000 -2.9864e-02 9.1469e-01 -1.4194e-02 -2.5045e-04 4.0599e-01 -6.2234e-05 0.43525 0.44443 0.41790 0.01424 0.00706 0.01974 1.85680e-01 1.11238e-03 -5.7305004960e-01 -3.8625739802e-01
30.004 -0.00000 -0.00000 -0.00000 -0.00000 0.00000 -0.00000 -2.3639e-03 9.1472e-01 3.3395e-02 -2.5045e-04 4.0599e-01 -6.2234e-05 0.40896 0.44444 0.44417 0.00121 -0.01631 -0.01178 1.85681e-01 1.11074e-03 -5.7305019168e-01 -3.8625817334e-01
32.004 -0.00000 0.00000 0.00000 -0.00000 0.00000 -0.00000 3.2803e-02 9.1474e-01 -1.1546e-02 -2.5045e-04 4.0599e-01 -6.2234e-05 0.44710 0.44447 0.40599 -0.01630 0.00504 0.00050 1.85683e-01 1.10821e-03 -5.7305062441e-01 -3.8625900051e-01
34.004 -0.00000 -0.00000 0.00000 -0.00000 -0.00000 -0.00000 -2.4661e-02 9.1472e-01 -2.8778e-02 -2.5045e-04 4.0599e-01 -6.2234e-05 0.40964 0.44458 0.44333 0.01109 0.01415 0.01013 1.85687e-01 1.10479e-03 -5.7305133626e-01 -3.8625990556e-01
36.004 -0.00000 0.00000 0.00000 -0.00000 -0.00000 -0.00000 -2.0216e-02 9.1475e-01 3.4636e-02 -2.5045e-04 4.0599e-01 -6.2234e-05 0.43467 0.44466 0.41820 0.00996 -0.01627 -0.01654 1.85691e-01 1.10067e-03 -5.7305230686e-01 -3.8626091323e-01
38.000 0.00000 0.00000 -0.00000 -0.00000 -0.00000 -0.00000 4.1466e-02 9.1481e-01 7.2232e-03 -2.5045e-04 4.0599e-01 -6.2234e-05 0.42806 0.44473 0.42473 -0.01981 -0.00419 0.01696 1.85695e-01 1.09623e-03 -5.7305350065e-01 -3.8626204289e-01
40.000 0.00000 -0.00000 -0.00000 -0.00000 -0.00000 -0.00000 -7.8425e-03 9.1479e-01 -4.5021e-02 -2.5045e-04 4.0599e-01 -6.2234e-05 0.41689 0.44487 0.43573 0.00271 0.02127 -0.01204 1.85700e-01 1.09200e-03 -5.7305487123e-01 -3.8626331540e-01
42.000 0.00000 0.00000 -0.00000 -0.00000 -0.00000 -0.00000 -4.3162e-02 9.1472e-01 2.2338e-02 -2.5045e-04 4.0599e-01 -6.2234e-05 0.43872 0.44504 0.41379 0.02032 -0.00997 0.00440 1.85686e-01 1.08887e-03 -5.7303891840e-01 -3.8626377092e-01
44.000 -0.00000 0.00000 -0.00000 -0.00000 0.00000 -0.00000 3.5887e-02 9.1476e-01 3.4971e-02 -2.5045e-04 4.0599e-01 -6.2234e-05 0.41560 0.44512 0.43682 -0.01667 -0.01687 0.00249 1.85685e-01 1.08827e-03 -5.7303759076e-01 -3.8626410305e-01
46.000 0.00000 0.00000 -0.00000 -0.00000 -0.00000 -0.00000 2.2498e-02 9.1475e-01 -4.7501e-02 -2.5045e-04 4.0599e-01 -6.2234e-05 0.43196 0.44523 0.42033 -0.01121 0.02191 -0.00597 1.85688e-01 1.08567e-03 -5.7303819063e-01 -3.8626444556e-01
48.000 -0.00000 -0.00000 -0.00000 -0.00000 -0.00000 -0.00000 -5.4223e-02 9.1471e-01 -7.8751e-03 -2.5045e-04 4.0599e-01 -6.2234e-05 0.42494 0.44535 0.42721 0.02496 0.00393 0.00542 1.85688e-01 1.08595e-03 -5.7303900054e-01 -3.8626480968e-01
50.000 -0.00000 -0.00000 -0.00000 -0.00000 -0.00000 -0.00000 8.4836e-03 9.1475e-01 5.4233e-02 -2.5045e-04 4.0599e-01 -6.2234e-05 0.42513 0.44536 0.42700 -0.00407 -0.02536 -0.00242 1.85686e-01 1.08827e-03 -5.7303945720e-01 -3.8626518476e-01
52.000 0.00000 0.00000 -0.00000 -0.00000 -0.00000 -0.00000 4.8726e-02 9.1475e-01 -2.5310e-02 -2.5045e-04 4.0599e-01 -6.2234e-05 0.42578 0.44537 0.42634 -0.02296 0.01174 -0.00022 1.85684e-01 1.08987e-03 -5.7303922792e-01 -3.8626556454e-01
54.000 -0.00000 0.00000 -0.00000 -0.00000 -0.00000 -0.00000 -3.9141e-02 9.1469e-01 -3.9159e-02 -2.5045e-04 4.0599e-01 -6.2234e-05 0.42937 0.44540 0.42273 0.01811 0.01804 0.00020 1.85682e-01 1.09008e-03 -5.7303832987e-01 -3.8626594080e-01
56.000 0.00000 0.00000 -0.00000 -0.00000 -0.00000 -0.00000 -2.5476e-02 9.1471e-01 4.7470e-02 -2.5045e-04 4.0599e-01 -6.2234e-05 0.42066 0.44532 0.43153 0.01128 -0.02238 0.00302 1.85681e-01 1.08897e-03 -5.7303672899e-01 -3.8626630621e-01
58.000 -0.00000 -0.00000 0.00000 0.00000 -0.00000 -0.00000 5.0701e-02 9.1475e-01 8.6822e-03 -2.5045e-04 4.0599e-01 -6.2234e-05 0.43040 0.44519 0.42193 -0.02406 -0.00364 -0.00784 1.85681e-01 1.08662e-03 -5.7303453406e-01 -3.8626665515e-01
60.000 -0.00000 -0.00000 -0.00000 0.00000 -0.00000 -0.00000 -7.7691e-03 9.1470e-01 -4.9454e-02 -2.5045e-04 4.0599e-01 -6.2234e-05 0.42708 0.44512 0.42534 0.00397 0.02302 0.01135 1.85682e-01 1.08343e-03 -5.7303193019e-01 -3.8626698238e-01
62.000 -0.00000 0.00000 0.00000 0.00000 -0.00000 -0.00000 -4.2843e-02 9.1469e-01 2.1116e-02 -2.5045e-04 4.0599e-01 -6.2234e-05 0.41807 0.44501 0.43449 0.01956 -0.01061 -0.01088 1.85682e-01 1.08021e-03 -5.7302911153e-01 -3.8626728467e-01
64.000 0.00000 0.00000 -0.00000 0.00000 -0.00000 -0.00000 3.1239e-02 9.1474e-01 3.1150e-02 -2.5045e-04 4.0599e-01 -6.2234e-05 0.44098 0.44485 0.41177 -0.01552 -0.01428 0.00545 1.85681e-01 1.07778e-03 -5.7302628313e-01 -3.8626756039e-01
66.000 0.00000 0.00000 -0.00000 0.00000 -0.00000 -0.00000 1.7303e-02 9.1471e-01 -3.8002e-02 -2.5045e-04 4.0599e-01 -6.2234e-05 0.40959 0.44475 0.44328 -0.00787 0.01828 0.00361 1.85679e-01 1.07668e-03 -5.7302360764e-01 -3.8626780922e-01
68.000 0.00000 0.00000 -0.00000 0.00000 -0.00000 -0.00000 -3.9604e-02 9.1466e-01 -3.8253e-03 -2.5045e-04 4.0599e-01 -6.2234e-05 0.43971 0.44468 0.41326 0.01871 0.00109 -0.01309 1.85676e-01 1.07707e-03 -5.7302119898e-01 -3.8626803235e-01
70.000 -0.00000 -0.00000 -0.00000 0.00000 -0.00000 -0.00000 9.0637e-03 9.1468e-01 3.5375e-02 -2.5045e-04 4.0599e-01 -6.2234e-05 0.42217 0.44456 0.43093 -0.00520 -0.01692 0.01923 1.85672e-01 1.07885e-03 -5.7301912518e-01 -3.8626823221e-01
72.000 -0.00000 0.00000 -0.00000 0.00000 -0.00000 -0.00000 2.7381e-02 9.1466e-01 -2.0794e-02 -2.5045e-04 4.0599e-01 -6.2234e-05 0.41969 0.44450 0.43349 -0.01328 0.01037 -0.01936 1.85667e-01 1.08171e-03 -5.7301741414e-01 -3.8626841218e-01
74.000 -0.00000 -0.00000 -0.00000 0.00000 -0.00000 -0.00000 -2.8858e-02 9.1460e-01 -1.7492e-02 -2.5045e-04 4.0599e-01 -6.2234e-05 0.44327 0.44449 0.40993 0.01396 0.00818 0.01298 1.85662e-01 1.08518e-03 -5.7301606761e-01 -3.8626857633e-01
76.000 0.00000 0.00000 0.00000 0.00000 -0.00000 -0.00000 -5.5667e-03 9.1460e-01 3.1693e-02 -2.5045e-04 4.0599e-01 -6.2234e-05 0.40524 0.44445 0.44802 0.00226 -0.01561 -0.00204 1.85658e-01 1.08877e-03 -5.7301507240e-01 -3.8626872920e-01
78.004 0.00000 -0.00000 0.00000 0.00000 -0.00000 -0.00000 3.0379e-02 9.1460e-01 -7.9749e-03 -2.5045e-04 4.0599e-01 -6.2234e-05 0.44583 0.44444 0.40745 -0.01517 0.00381 -0.00992 1.85654e-01 1.09196e-03 -5.7301440882e-01 -3.8626887588e-01
80.004 -0.00000 -0.00000 0.00000 0.00000 -0.00000 -0.00000 -2.0058e-02 9.1455e-01 -2.5902e-02 -2.5045e-04 4.0599e-01 -6.2234e-05 0.41580 0.44449 0.43743 0.00937 0.01273 0.01854 1.85651e-01 1.09426e-03 -5.7301406210e-01 -3.8626902074e-01
82.004 -0.00000 0.00000 0.00000 0.00000 -0.00000 -0.00000 -1.7403e-02 9.1455e-01 2.8654e-02 -2.5045e-04 4.0599e-01 -6.2234e-05 0.42579 0.44451 0.42741 0.00849 -0.01386 -0.02108 1.85650e-01 1.09525e-03 -5.7301401854e-01 -3.8626916918e-01
84.004 -0.00000 -0.00000 0.00000 0.00000 -0.00000 -0.00000 3.4068e-02 9.1458e-01 4.9385e-03 -2.5045e-04 4.0599e-01 -6.2234e-05 0.43822 0.44454 0.41495 -0.01669 -0.00294 0.01688 1.85650e-01 1.09458e-03 -5.7301427350e-01 -3.8626932633e-01
86.004 0.00000 0.00000 -0.00000 0.00000 -0.00000 -0.00000 -8.8583e-03 9.1457e-01 -3.6341e-02 -2.5045e-04 4.0599e-01 -6.2234e-05 0.40847 0.44464 0.44459 0.00338 0.01752 -0.00769 1.85653e-01 1.09205e-03 -5.7301483038e-01 -3.8626949738e-01
88.004 0.00000 0.00000 -0.00000 0.00000 -0.00000 -0.00000 -3.3661e-02 9.1458e-01 2.1680e-02 -2.5045e-04 4.0599e-01 -6.2234e-05 0.44469 0.44473 0.40826 0.01616 -0.00986 -0.00301 1.85658e-01 1.08767e-03 -5.7301569974e-01 -3.8626968740e-01
90.004 0.00000 0.00000 -0.00000 0.00000 -0.00000 -0.00000 3.3359e-02 9.1466e-01 2.5254e-02 -2.5045e-04 4.0599e-01 -6.2234e-05 0.41374 0.44479 0.43914 -0.01568 -0.01261 0.01137 1.85665e-01 1.08171e-03 -5.7301689671e-01 -3.8626990118e-01
92.004 -0.00000 -0.00000 -0.00000 0.00000 -0.00000 -0.00000 1.3136e-02 9.1468e-01 -4.3201e-02 -2.5045e-04 4.0599e-01 -6.2234e-05 0.43054 0.44491 0.42220 -0.00715 0.02008 -0.01475 1.85674e-01 1.07479e-03 -5.7301843587e-01 -3.8627014280e-01
94.004 0.00000 0.00000 0.00000 0.00000 -0.00000 -0.00000 -4.8485e-02 9.1469e-01 7.0295e-04 -2.5045e-04 4.0599e-01 -6.2234e-05 0.43009 0.44505 0.42249 0.02251 0.00028 0.01273 1.85682e-01 1.06790e-03 -5.7302032252e-01 -3.8627041507e-01
96.004 0.00000 -0.00000 -0.00000 -0.00000 -0.00000 -0.00000 1.6073e-02 9.1477e-01 4.7476e-02 -2.5045e-04 4.0599e-01 -6.2234e-05 0.41794 0.44511 0.43455 -0.00724 -0.02249 -0.00718 1.85690e-01 1.06226e-03 -5.7302253979e-01 -3.8627071878e-01
98.004 -0.00000 0.00000 -0.00000 -0.00000 -0.00000 -0.00000 4.1306e-02 9.1480e-01 -3.1929e-02 -2.5045e-04 4.0599e-01 -6.2234e-05 0.43453 0.44520 0.41785 -0.01985 0.01446 0.00124 1.85695e-01 1.05910e-03 -5.7302503329e-01 -3.8627105206e-01
100.004 0.00000 -0.00000 0.00000 -0.00000 -0.00000 -0.00000 -4.4917e-02 9.1476e-01 -3.1263e-02 -2.5045e-04 4.0599e-01 -6.2234e-05 0.42094 0.44533 0.43129 0.02047 0.01478 0.00226 1.85697e-01 1.05931e-03 -5.7302769779e-01 -3.8627141001e-01
102.004 0.00000 -0.00000 0.00000 0.00000 -0.00000 -0.00000 -1.7107e-02 9.1478e-01 5.2492e-02 -2.5045e-04 4.0599e-01 -6.2234e-05 0.42763 0.44536 0.42455 0.00785 -0.02447 -0.00222 1.85695e-01 1.06315e-03 -5.7303037383e-01 -3.8627178488e-01
104.004 0.00000 -0.00000 0.00000 0.00000 -0.00000 -0.00000 5.4902e-02 9.1479e-01 -2.4849e-04 -2.5045e-04 4.0599e-01 -6.2234e-05 0.42601 0.44535 0.42616 -0.02584 0.00006 -0.00027 1.85691e-01 1.07008e-03 -5.7303286154e-01 -3.8627216704e-01
106.004 0.00000 0.00000 0.00000 -0.00000 -0.00000 -0.00000 -1.7298e-02 9.1471e-01 -5.2586e-02 -2.5045e-04 4.0599e-01 -6.2234e-05 0.42790 0.44540 0.42423 0.00797 0.02437 0.00269 1.85684e-01 1.07888e-03 -5.7303495318e-01 -3.8627254641e-01
108.004 -0.00000 -0.00000 -0.00000 0.00000 -0.00000 -0.00000 -4.4559e-02 9.1466e-01 3.1096e-02 -2.5045e-04 4.0599e-01 -6.2234e-05 0.42043 0.44536 0.43173 0.02029 -0.01487 -0.00250 1.85676e-01 1.08805e-03 -5.7303647629e-01 -3.8627291386e-01
110.004 -0.00000 -0.00000 -0.00000 0.00000 -0.00000 -0.00000 4.1293e-02 9.1468e-01 3.1153e-02 -2.5045e-04 4.0599e-01 -6.2234e-05 0.43496 0.44524 0.41733 -0.01987 -0.01422 -0.00129 1.85668e-01 1.09625e-03 -5.7303733197e-01 -3.8627326229e-01
112.004 0.00000 -0.00000 0.00000 0.00000 -0.00000 -0.00000 1.5496e-02 9.1462e-01 -4.7577e-02 -2.5045e-04 4.0599e-01 -6.2234e-05 0.41757 0.44517 0.43480 -0.00696 0.02242 0.00747 1.85661e-01 1.10265e-03 -5.7303751360e-01 -3.8627358691e-01
114.004 0.00000 0.00000 0.00000 0.00000 -0.00000 -0.00000 -4.8117e-02 9.1456e-01 -3.9425e-04 -2.5045e-04 4.0599e-01 -6.2234e-05 0.43011 0.44509 0.42236 0.02235 -0.00058 -0.01311 1.85656e-01 1.10704e-03 -5.7303710048e-01 -3.8627388513e-01
116.004 0.00000 0.00000 0.00000 0.00000 -0.00000 -0.00000 1.3660e-02 9.1459e-01 4.2370e-02 -2.5045e-04 4.0599e-01 -6.2234e-05 0.43064 0.44493 0.42200 -0.00740 -0.01984 0.01505 1.85652e-01 1.10967e-03 -5.7303623180e-01 -3.8627415619e-01
118.004 -0.00000 -0.00000 -0.00000 0.00000 -0.00000 -0.00000 3.2656e-02 9.1457e-01 -2.5922e-02 -2.5045e-04 4.0599e-01 -6.2234e-05 0.41341 0.44482 0.43937 -0.01536 0.01279 -0.01147 1.85650e-01 1.11106e-03 -5.7303507314e-01 -3.8627440078e-01
120.004 -0.00000 0.00000 0.00000 0.00000 -0.00000 -0.00000 -3.3861e-02 9.1452e-01 -2.1159e-02 -2.5045e-04 4.0599e-01 -6.2234e-05 0.44491 0.44475 0.40795 0.01627 0.00948 0.00290 1.85647e-01 1.11174e-03 -5.7303378679e-01 -3.8627462074e-01
122.004 -0.00000 0.00000 -0.00000 0.00000 -0.00000 -0.00000 -8.0202e-03 9.1454e-01 3.6042e-02 -2.5045e-04 4.0599e-01 -6.2234e-05 0.40832 0.44464 0.44467 0.00299 -0.01752 0.00793 1.85646e-01 1.11212e-03 -5.7303251229e-01 -3.8627481883e-01
124.004 0.00000 0.00000 -0.00000 -0.00000 -0.00000 -0.00000 3.3822e-02 9.1455e-01 -6.0271e-03 -2.5045e-04 4.0599e-01 -6.2234e-05 0.43811 0.44456 0.41498 -0.01659 0.00330 -0.01713 1.85644e-01 1.11241e-03 -5.7303135791e-01 -3.8627499855e-01
126.004 0.00000 0.00000 -0.00000 -0.00000 -0.00000 -0.00000 -1.8119e-02 9.1451e-01 -2.8473e-02 -2.5045e-04 4.0599e-01 -6.2234e-05 0.42598 0.44454 0.42714 0.00883 0.01365 0.02123 1.85643e-01 1.11265e-03 -5.7303040044e-01 -3.8627516399e-01
128.004 -0.00000 -0.00000 -0.00000 0.00000 -0.00000 -0.00000 -1.9405e-02 9.1451e-01 2.6190e-02 -2.5045e-04 4.0599e-01 -6.2234e-05 0.41549 0.44450 0.43767 0.00907 -0.01299 -0.01852 1.85642e-01 1.11272e-03 -5.7302968975e-01 -3.8627531963e-01
130.004 0.00000 -0.00000 -0.00000 0.00000 -0.00000 -0.00000 3.0752e-02 9.1454e-01 6.8882e-03 -2.5045e-04 4.0599e-01 -6.2234e-05 0.44598 0.44447 0.40722 -0.01534 -0.00346 0.00975 1.85641e-01 1.11243e-03 -5.7302925497e-01 -3.8627547028e-01
132.004 -0.00000 0.00000 -0.00000 0.00000 -0.00000 -0.00000 -6.3527e-03 9.1451e-01 -3.2129e-02 -2.5045e-04 4.0599e-01 -6.2234e-05 0.40514 0.44451 0.44802 0.00262 0.01569 0.00213 1.85642e-01 1.11156e-03 -5.7302911022e-01 -3.8627562096e-01
134.004 -0.00000 -0.00000 -0.00000 0.00000 -0.00000 -0.00000 -2.8796e-02 9.1451e-01 1.8056e-02 -2.5045e-04 4.0599e-01 -6.2234e-05 0.44321 0.44455 0.40991 0.01394 -0.00857 -0.01306 1.85644e-01 1.10991e-03 -5.7302925896e-01 -3.8627577686e-01
136.004 0.00000 -0.00000 0.00000 0.00000 -0.00000 -0.00000 2.8229e-02 9.1456e-01 2.0214e-02 -2.5045e-04 4.0599e-01 -6.2234e-05 0.41970 0.44456 0.43339 -0.01366 -0.01025 0.01937 1.85646e-01 1.10737e-03 -5.7302969656e-01 -3.8627594324e-01
138.004 0.00000 0.00000 -0.00000 0.00000 -0.00000 -0.00000 8.5231e-03 9.1456e-01 -3.6439e-02 -2.5045e-04 4.0599e-01 -6.2234e-05 0.42211 0.44465 0.43089 -0.00497 0.01728 -0.01916 1.85650e-01 1.10395e-03 -5.7303041079e-01 -3.8627612533e-01
140.004 0.00000 -0.00000 0.00000 0.00000 -0.00000 -0.00000 -4.0249e-02 9.1456e-01 4.3055e-03 -2.5045e-04 4.0599e-01 -6.2234e-05 0.43957 0.44476 0.41330 0.01901 -0.00144 0.01298 1.85655e-01 1.09982e-03 -5.7303138039e-01 -3.8627632809e-01
142.004 -0.00000 0.00000 -0.00000 -0.00000 -0.00000 -0.00000 1.8230e-02 9.1463e-01 3.8158e-02 -2.5045e-04 4.0599e-01 -6.2234e-05 0.40976 0.44482 0.44303 -0.00829 -0.01848 -0.00358 1.85661e-01 1.09539e-03 -5.7303257146e-01 -3.8627655586e-01
144.004 0.00000 -0.00000 -0.00000 0.00000 -0.00000 -0.00000 3.1420e-02 9.1465e-01 -3.2437e-02 -2.5045e-04 4.0599e-01 -6.2234e-05 0.44066 0.44493 0.41200 -0.01560 0.01473 -0.00530 1.85666e-01 1.09118e-03 -5.7303393170e-01 -3.8627681190e-01
146.004 0.00000 0.00000 0.00000 0.00000 -0.00000 -0.00000 -4.3818e-02 9.1463e-01 -2.1310e-02 -2.5045e-04 4.0599e-01 -6.2234e-05 0.41823 0.44509 0.43425 0.02001 0.01055 0.01051 1.85670e-01 1.08782e-03 -5.7303538337e-01 -3.8627709778e-01
148.004 0.00000 0.00000 -0.00000 0.00000 -0.00000 -0.00000 -7.4553e-03 9.1468e-01 5.0001e-02 -2.5045e-04 4.0599e-01 -6.2234e-05 0.42708 0.44517 0.42530 0.00380 -0.02341 -0.01083 1.85674e-01 1.08582e-03 -5.7303681693e-01 -3.8627741287e-01
150.004 -0.00000 0.00000 0.00000 0.00000 -0.00000 -0.00000 5.1285e-02 9.1471e-01 -9.4127e-03 -2.5045e-04 4.0599e-01 -6.2234e-05 0.43003 0.44524 0.42225 -0.02431 0.00387 0.00734 1.85675e-01 1.08541e-03 -5.7303808948e-01 -3.8627775400e-01
152.004 -0.00000 0.00000 -0.00000 0.00000 -0.00000 -0.00000 -2.5933e-02 9.1466e-01 -4.8041e-02 -2.5045e-04 4.0599e-01 -6.2234e-05 0.42126 0.44538 0.43087 0.01153 0.02249 -0.00274 1.85675e-01 1.08637e-03 -5.7303903323e-01 -3.8627811560e-01
154.000 -0.00000 -0.00000 0.00000 0.00000 -0.00000 -0.00000 -3.9300e-02 9.1465e-01 3.9057e-02 -2.5045e-04 4.0599e-01 -6.2234e-05 0.42862 0.44542 0.42345 0.01815 -0.01815 -0.00010 1.85673e-01 1.08803e-03 -5.7303947712e-01 -3.8627848951e-01
156.000 0.00000 -0.00000 0.00000 0.00000 -0.00000 -0.00000 4.8708e-02 9.1470e-01 2.5028e-02 -2.5045e-04 4.0599e-01 -6.2234e-05 0.42636 0.44539 0.42574 -0.02297 -0.01171 -0.00022 1.85671e-01 1.08949e-03 -5.7303928291e-01 -3.8627886897e-01
158.000 0.00000 -0.00000 -0.00000 0.00000 -0.00000 -0.00000 8.4273e-03 9.1465e-01 -5.4249e-02 -2.5045e-04 4.0599e-01 -6.2234e-05 0.42482 0.44540 0.42727 -0.00400 0.02525 0.00309 1.85669e-01 1.08990e-03 -5.7303837510e-01 -3.8627924506e-01
160.000 0.00000 0.00000 -0.00000 0.00000 -0.00000 -0.00000 -5.3720e-02 9.1462e-01 7.5878e-03 -2.5045e-04 4.0599e-01 -6.2234e-05 0.42487 0.44537 0.42726 0.02473 -0.00397 -0.00610 1.85668e-01 1.08884e-03 -5.7303676975e-01 -3.8627961040e-01
162.000 0.00000 -0.00000 -0.00000 0.00000 -0.00000 -0.00000 2.2335e-02 9.1467e-01 4.6544e-02 -2.5045e-04 4.0599e-01 -6.2234e-05 0.43229 0.44523 0.42000 -0.01116 -0.02160 0.00648 1.85668e-01 1.08640e-03 -5.7303457422e-01 -3.8627995888e-01
164.000 0.00000 0.00000 -0.00000 0.00000 -0.00000 -0.00000 3.5145e-02 9.1467e-01 -3.4875e-02 -2.5045e-04 4.0599e-01 -6.2234e-05 0.41515 0.44513 0.43726 -0.01633 0.01671 -0.00273 1.85669e-01 1.08318e-03 -5.7303196418e-01 -3.8628028576e-01
166.000 0.00000 0.00000 -0.00000 0.00000 -0.00000 -0.00000 -4.2555e-02 9.1462e-01 -2.1915e-02 -2.5045e-04 4.0599e-01 -6.2234e-05 0.43915 0.44505 0.41337 0.02005 0.00963 -0.00440 1.85669e-01 1.07997e-03 -5.7302914596e-01 -3.8628058779e-01
168.000 -0.00000 0.00000 0.00000 0.00000 -0.00000 -0.00000 -7.2565e-03 9.1465e-01 4.3951e-02 -2.5045e-04 4.0599e-01 -6.2234e-05 0.41662 0.44490 0.43608 0.00245 -0.02093 0.01218 1.85668e-01 1.07756e-03 -5.7302631813e-01 -3.8628086321e-01
170.000 0.00000 -0.00000 0.00000 0.00000 -0.00000 -0.00000 4.0563e-02 9.1466e-01 -7.8716e-03 -2.5045e-04 4.0599e-01 -6.2234e-05 0.42827 0.44476 0.42459 -0.01941 0.00435 -0.01713 1.85666e-01 1.07645e-03 -5.7302364364e-01 -3.8628111179e-01
172.000 0.00000 0.00000 0.00000 0.00000 -0.00000 -0.00000 -2.0474e-02 9.1461e-01 -3.3906e-02 -2.5045e-04 4.0599e-01 -6.2234e-05 0.43475 0.44470 0.41819 0.01008 0.01581 0.01665 1.85663e-01 1.07684e-03 -5.7302123714e-01 -3.8628133472e-01
174.000 -0.00000 0.00000 -0.00000 0.00000 -0.00000 -0.00000 -2.3668e-02 9.1459e-01 2.8487e-02 -2.5045e-04 4.0599e-01 -6.2234e-05 0.40964 0.44461 0.44341 0.01064 -0.01414 -0.01017 1.85659e-01 1.07863e-03 -5.7301916555e-01 -3.8628153443e-01
176.000 0.00000 0.00000 -0.00000 -0.00000 -0.00000 -0.00000 3.2554e-02 9.1460e-01 1.0363e-02 -2.5045e-04 4.0599e-01 -6.2234e-05 0.44713 0.44452 0.40603 -0.01618 -0.00465 -0.00049 1.85654e-01 1.08148e-03 -5.7301745709e-01 -3.8628171430e-01
178.000 0.00000 -0.00000 0.00000 -0.00000 -0.00000 -0.00000 -3.1252e-03 9.1455e-01 -3.3234e-02 -2.5045e-04 4.0599e-01 -6.2234e-05 0.40904 0.44451 0.44415 0.00155 0.01611 0.01175 1.85649e-01 1.08496e-03 -5.7301611343e-01 -3.8628187841e-01
180.000 -0.00000 0.00000 0.00000 -0.00000 -0.00000 -0.00000 -2.9280e-02 9.1452e-01 1.4505e-02 -2.5045e-04 4.0599e-01 -6.2234e-05 0.43525 0.44450 0.41796 0.01397 -0.00733 -0.01965 1.85645e-01 1.08853e-03 -5.7301512142e-01 -3.8628203130e-01
182.000 -0.00000 -0.00000 -0.00000 -0.00000 -0.00000 -0.00000 2.3881e-02 9.1453e-01 2.0417e-02 -2.5045e-04 4.0599e-01 -6.2234e-05 0.42987 0.44447 0.42337 -0.01198 -0.01008 0.02134 1.85641e-01 1.09170e-03 -5.7301446250e-01 -3.8628217777e-01
184.000 0.00000 0.00000 0.00000 -0.00000 -0.00000 -0.00000 8.9753e-03 9.1450e-01 -3.1036e-02 -2.5045e-04 4.0599e-01 -6.2234e-05 0.41253 0.44450 0.44069 -0.00487 0.01505 -0.01618 1.85638e-01 1.09398e-03 -5.7301411935e-01 -3.8628232279e-01
186.000 0.00000 0.00000 0.00000 -0.00000 -0.00000 -0.00000 -3.3810e-02 9.1447e-01 3.0038e-03 -2.5045e-04 4.0599e-01 -6.2234e-05 0.44677 0.44456 0.40638 0.01622 -0.00118 0.00601 1.85637e-01 1.09494e-03 -5.7301407999e-01 -3.8628247144e-01
188.000 0.00000 0.00000 -0.00000 -0.00000 -0.00000 -0.00000 1.5548e-02 9.1451e-01 3.0985e-02 -2.5045e-04 4.0599e-01 -6.2234e-05 0.40688 0.44458 0.44625 -0.00738 -0.01528 0.00559 1.85637e-01 1.09425e-03 -5.7301433988e-01 -3.8628262888e-01
190.000 -0.00000 -0.00000 -0.00000 -0.00000 -0.00000 -0.00000 2.4028e-02 9.1452e-01 -2.8040e-02 -2.5045e-04 4.0599e-01 -6.2234e-05 0.43958 0.44465 0.41346 -0.01227 0.01299 -0.01461 1.85640e-01 1.09170e-03 -5.7301490248e-01 -3.8628280029e-01
192.000 0.00000 0.00000 -0.00000 -0.00000 -0.00000 -0.00000 -3.7647e-02 9.1451e-01 -1.4311e-02 -2.5045e-04 4.0599e-01 -6.2234e-05 0.42344 0.44477 0.42947 0.01744 0.00740 0.01818 1.85645e-01 1.08729e-03 -5.7301577836e-01 -3.8628299075e-01
194.000 -0.00000 0.00000 -0.00000 -0.00000 -0.00000 -0.00000 -1.4070e-03 9.1458e-01 4.2283e-02 -2.5045e-04 4.0599e-01 -6.2234e-05 0.41976 0.44484 0.43307 0.00109 -0.02011 -0.01563 1.85652e-01 1.08131e-03 -5.7301698260e-01 -3.8628320503e-01
196.000 -0.00000 -0.00000 0.00000 -0.00000 -0.00000 -0.00000 4.2459e-02 9.1464e-01 -1.4137e-02 -2.5045e-04 4.0599e-01 -6.2234e-05 0.43895 0.44492 0.41377 -0.02052 0.00593 0.00866 1.85661e-01 1.07441e-03 -5.7301852954e-01 -3.8628344720e-01
198.000 -0.00000 -0.00000 -0.00000 -0.00000 -0.00000 -0.00000 -2.9218e-02 9.1463e-01 -3.8623e-02 -2.5045e-04 4.0599e-01 -6.2234e-05 0.41304 0.44507 0.43951 0.01290 0.01848 -0.00051 1.85669e-01 1.06755e-03 -5.7302042399e-01 -3.8628372001e-01
200.000 -0.00000 -0.00000 -0.00000 -0.00000 -0.00000 -0.00000 -2.9580e-02 9.1468e-01 4.1169e-02 -2.5045e-04 4.0599e-01 -6.2234e-05 0.43564 0.44517 0.41679 0.01406 -0.01901 -0.00550 1.85677e-01 1.06197e-03 -5.7302264830e-01 -3.8628402422e-01
202.000 0.00000 -0.00000 -0.00000 -0.00000 -0.00000 -0.00000 4.9700e-02 9.1475e-01 1.5363e-02 -2.5045e-04 4.0599e-01 -6.2234e-05 0.42235 0.44522 0.43001 -0.02335 -0.00769 0.00743 1.85682e-01 1.05890e-03 -5.7302514689e-01 -3.8628435789e-01
204.000 -0.00000 0.00000 0.00000 -0.00000 -0.00000 -0.00000 -1.1231e-03 9.1472e-01 -5.4336e-02 -2.5045e-04 4.0599e-01 -6.2234e-05 0.42564 0.44534 0.42657 -0.00008 0.02526 -0.00557 1.85684e-01 1.05920e-03 -5.7302781319e-01 -3.8628471604e-01
206.000 0.00000 -0.00000 0.00000 -0.00000 -0.00000 -0.00000 -5.2975e-02 9.1469e-01 1.7090e-02 -2.5045e-04 4.0599e-01 -6.2234e-05 0.42761 0.44542 0.42451 0.02445 -0.00788 0.00214 1.85682e-01 1.06313e-03 -5.7303048653e-01 -3.8628509088e-01
208.000 0.00000 -0.00000 0.00000 -0.00000 -0.00000 -0.00000 3.1838e-02 9.1472e-01 4.4856e-02 -2.5045e-04 4.0599e-01 -6.2234e-05 0.42644 0.44539 0.42570 -0.01512 -0.02094 0.00003 1.85677e-01 1.07012e-03 -5.7303296650e-01 -3.8628547276e-01
210.000 -0.00000 0.00000 0.00000 -0.00000 -0.00000 -0.00000 3.2280e-02 9.1467e-01 -4.4276e-02 -2.5045e-04 4.0599e-01 -6.2234e-05 0.42286 0.44540 0.42927 -0.01515 0.02068 0.00089 1.85670e-01 1.07895e-03 -5.7303504580e-01 -3.8628585161e-01
212.000 0.00000 -0.00000 -0.00000 -0.00000 -0.00000 -0.00000 -5.1542e-02 9.1459e-01 -1.7666e-02 -2.5045e-04 4.0599e-01 -6.2234e-05 0.43027 0.44540 0.42186 0.02389 0.00782 -0.00460 1.85662e-01 1.08810e-03 -5.7303655345e-01 -3.8628621836e-01
214.000 0.00000 0.00000 0.00000 -0.00000 -0.00000 -0.00000 -1.5893e-03 9.1459e-01 5.2049e-02 -2.5045e-04 4.0599e-01 -6.2234e-05 0.42452 0.44529 0.42772 -0.00004 -0.02439 0.00884 1.85655e-01 1.09626e-03 -5.7303739276e-01 -3.8628656597e-01
216.000 0.00000 0.00000 -0.00000 -0.00000 -0.00000 -0.00000 4.7270e-02 9.1458e-01 -1.4730e-02 -2.5045e-04 4.0599e-01 -6.2234e-05 0.42186 0.44518 0.43051 -0.02225 0.00741 -0.01062 1.85648e-01 1.10261e-03 -5.7303755939e-01 -3.8628688970e-01
218.000 -0.00000 -0.00000 0.00000 -0.00000 -0.00000 -0.00000 -2.8046e-02 9.1450e-01 -3.8853e-02 -2.5045e-04 4.0599e-01 -6.2234e-05 0.43742 0.44511 0.41502 0.01348 0.01781 0.00791 1.85643e-01 1.10695e-03 -5.7303713446e-01 -3.8628718703e-01
220.000 0.00000 -0.00000 0.00000 -0.00000 -0.00000 -0.00000 -2.6744e-02 9.1450e-01 3.6149e-02 -2.5045e-04 4.0599e-01 -6.2234e-05 0.41062 0.44498 0.44198 0.01176 -0.01756 -0.00074 1.85639e-01 1.10954e-03 -5.7303625816e-01 -3.8628745724e-01
222.000 -0.00000 -0.00000 -0.00000 -0.00000 -0.00000 -0.00000 3.9687e-02 9.1452e-01 1.1764e-02 -2.5045e-04 4.0599e-01 -6.2234e-05 0.44146 0.44484 0.41130 -0.01932 -0.00498 -0.00862 1.85636e-01 1.11091e-03 -5.7303509628e-01 -3.8628770105e-01
224.000 0.00000 0.00000 -0.00000 -0.00000 -0.00000 -0.00000 -2.9430e-03 9.1448e-01 -3.9374e-02 -2.5045e-04 4.0599e-01 -6.2234e-05 0.41771 0.44477 0.43514 0.00178 0.01872 0.01658 1.85634e-01 1.11157e-03 -5.7303381070e-01 -3.8628792031e-01
226.000 0.00000 0.00000 0.00000 -0.00000 -0.00000 -0.00000 -3.4230e-02 9.1446e-01 1.4928e-02 -2.5045e-04 4.0599e-01 -6.2234e-05 0.42482 0.44469 0.42813 0.01595 -0.00780 -0.01977 1.85632e-01 1.11194e-03 -5.7303254025e-01 -3.8628811783e-01
228.000 0.00000 0.00000 0.00000 -0.00000 -0.00000 -0.00000 2.4286e-02 9.1449e-01 2.4283e-02 -2.5045e-04 4.0599e-01 -6.2234e-05 0.43904 0.44459 0.41403 -0.01237 -0.01150 0.01647 1.85631e-01 1.11223e-03 -5.7303139239e-01 -3.8628829713e-01
230.000 -0.00000 0.00000 0.00000 -0.00000 -0.00000 -0.00000 1.2135e-02 9.1446e-01 -3.0930e-02 -2.5045e-04 4.0599e-01 -6.2234e-05 0.40664 0.44455 0.44647 -0.00592 0.01513 -0.00740 1.85630e-01 1.11245e-03 -5.7303044321e-01 -3.8628846228e-01
232.000 -0.00000 0.00000 -0.00000 -0.00000 -0.00000 -0.00000 -3.2939e-02 9.1443e-01 -7.5415e-06 -2.5045e-04 4.0599e-01 -6.2234e-05 0.44765 0.44455 0.40547 0.01585 -0.00023 -0.00451 1.85629e-01 1.11251e-03 -5.7302974201e-01 -3.8628861781e-01
234.000 0.00000 0.00000 0.00000 -0.00000 -0.00000 -0.00000 1.2076e-02 9.1447e-01 2.9385e-02 -2.5045e-04 4.0599e-01 -6.2234e-05 0.41112 0.44451 0.44205 -0.00619 -0.01447 0.01519 1.85628e-01 1.11219e-03 -5.7302931745e-01 -3.8628876852e-01
236.000 0.00000 0.00000 -0.00000 -0.00000 -0.00000 -0.00000 2.2020e-02 9.1447e-01 -2.3589e-02 -2.5045e-04 4.0599e-01 -6.2234e-05 0.43148 0.44452 0.42167 -0.01120 0.01131 -0.02096 1.85629e-01 1.11129e-03 -5.7302918332e-01 -3.8628891944e-01
238.000 0.00000 -0.00000 0.00000 -0.00000 -0.00000 -0.00000 -3.1904e-02 9.1444e-01 -1.2419e-02 -2.5045e-04 4.0599e-01 -6.2234e-05 0.43350 0.44459 0.41958 0.01512 0.00633 0.01995 1.85631e-01 1.10961e-03 -5.7302934281e-01 -3.8628907579e-01
240.000 0.00000 -0.00000 0.00000 -0.00000 -0.00000 -0.00000 -2.4490e-04 9.1448e-01 3.5211e-02 -2.5045e-04 4.0599e-01 -6.2234e-05 0.41045 0.44461 0.44260 0.00033 -0.01711 -0.01270 1.85634e-01 1.10703e-03 -5.7302979098e-01 -3.8628924281e-01
242.000 -0.00000 -0.00000 -0.00000 -0.00000 -0.00000 -0.00000 3.4304e-02 9.1452e-01 -1.4010e-02 -2.5045e-04 4.0599e-01 -6.2234e-05 0.44599 0.44467 0.40700 -0.01697 0.00609 0.00203 1.85638e-01 1.10357e-03 -5.7303051523e-01 -3.8628942573e-01
244.000 0.00000 0.00000 -0.00000 -0.00000 -0.00000 -0.00000 -2.7420e-02 9.1450e-01 -2.9852e-02 -2.5045e-04 4.0599e-01 -6.2234e-05 0.40994 0.44479 0.44290 0.01229 0.01464 0.00819 1.85642e-01 1.09944e-03 -5.7303149376e-01 -3.8628962950e-01
246.000 0.00000 -0.00000 -0.00000 -0.00000 -0.00000 -0.00000 -2.0761e-02 9.1454e-01 3.7576e-02 -2.5045e-04 4.0599e-01 -6.2234e-05 0.43511 0.44488 0.41763 0.01020 -0.01756 -0.01449 1.85648e-01 1.09500e-03 -5.7303269188e-01 -3.8628985842e-01
248.000 -0.00000 0.00000 -0.00000 -0.00000 0.00000 -0.00000 4.4442e-02 9.1460e-01 7.0284e-03 -2.5045e-04 4.0599e-01 -6.2234e-05 0.42669 0.44495 0.42595 -0.02112 -0.00408 0.01517 1.85653e-01 1.09083e-03 -5.7303405621e-01 -3.8629011568e-01
250.000 0.00000 -0.00000 -0.00000 -0.00000 0.00000 -0.00000 -8.5928e-03 9.1459e-01 -4.7735e-02 -2.5045e-04 4.0599e-01 -6.2234e-05 0.41893 0.44510 0.43353 0.00309 0.02246 -0.01090 1.85658e-01 1.08752e-03 -5.7303550757e-01 -3.8629040277e-01
252.000 -0.00000 0.00000 0.00000 -0.00000 0.00000 -0.00000 -4.5411e-02 9.1459e-01 2.3520e-02 -2.5045e-04 4.0599e-01 -6.2234e-05 0.43600 0.44523 0.41631 0.02126 -0.01056 0.00432 1.85661e-01 1.08560e-03 -5.7303693477e-01 -3.8629071894e-01
254.000 -0.00000 -0.00000 -0.00000 -0.00000 0.00000 -0.00000 3.7227e-02 9.1465e-01 3.6650e-02 -2.5045e-04 4.0599e-01 -6.2234e-05 0.41805 0.44528 0.43419 -0.01734 -0.01752 0.00127 1.85662e-01 1.08526e-03 -5.7303819347e-01 -3.8629106090e-01
256.000 0.00000 -0.00000 -0.00000 -0.00000 0.00000 -0.00000 2.3616e-02 9.1462e-01 -4.8699e-02 -2.5045e-04 4.0599e-01 -6.2234e-05 0.43011 0.44538 0.42201 -0.01157 0.02249 -0.00357 1.85661e-01 1.08627e-03 -5.7303911518e-01 -3.8629142299e-01
258.000 -0.00000 -0.00000 -0.00000 -0.00000 0.00000 -0.00000 -5.5031e-02 9.1457e-01 -8.5970e-03 -2.5045e-04 4.0599e-01 -6.2234e-05 0.42530 0.44547 0.42672 0.02534 0.00408 0.00235 1.85660e-01 1.08793e-03 -5.7303952982e-01 -3.8629179776e-01
260.000 -0.00000 0.00000 -0.00000 -0.00000 0.00000 -0.00000 7.8745e-03 9.1461e-01 5.4516e-02 -2.5045e-04 4.0599e-01 -6.2234e-05 0.42621 0.44544 0.42584 -0.00397 -0.02546 0.00051 1.85658e-01 1.08935e-03 -5.7303929972e-01 -3.8629217691e-01
262.000 0.00000 0.00000 0.00000 -0.00000 0.00000 -0.00000 4.8514e-02 9.1462e-01 -2.4506e-02 -2.5045e-04 4.0599e-01 -6.2234e-05 0.42338 0.44541 0.42871 -0.02279 0.01154 -0.00224 1.85656e-01 1.08969e-03 -5.7303835492e-01 -3.8629255230e-01
264.000 0.00000 -0.00000 -0.00000 -0.00000 0.00000 -0.00000 -3.7894e-02 9.1456e-01 -3.8640e-02 -2.5045e-04 4.0599e-01 -6.2234e-05 0.43234 0.44540 0.41977 0.01767 0.01770 0.00080 1.85655e-01 1.08854e-03 -5.7303671628e-01 -3.8629291663e-01
266.000 0.00000 -0.00000 -0.00000 -0.00000 0.00000 -0.00000 -2.4936e-02 9.1458e-01 4.5665e-02 -2.5045e-04 4.0599e-01 -6.2234e-05 0.41793 0.44529 0.43431 0.01093 -0.02165 0.00386 1.85655e-01 1.08604e-03 -5.7303449521e-01 -3.8629326384e-01
268.000 -0.00000 0.00000 0.00000 -0.00000 0.00000 -0.00000 4.8377e-02 9.1462e-01 8.4221e-03 -2.5045e-04 4.0599e-01 -6.2234e-05 0.43236 0.44514 0.42005 -0.02305 -0.00342 -0.00973 1.85655e-01 1.08279e-03 -5.7303186985e-01 -3.8629358929e-01
270.000 -0.00000 -0.00000 -0.00000 -0.00000 0.00000 -0.00000 -7.5173e-03 9.1458e-01 -4.6782e-02 -2.5045e-04 4.0599e-01 -6.2234e-05 0.42634 0.44506 0.42617 0.00393 0.02184 0.01371 1.85656e-01 1.07960e-03 -5.7302904692e-01 -3.8629388979e-01
272.000 0.00000 -0.00000 -0.00000 -0.00000 0.00000 -0.00000 -4.0068e-02 9.1456e-01 2.0235e-02 -2.5045e-04 4.0599e-01 -6.2234e-05 0.41781 0.44494 0.43485 0.01832 -0.01026 -0.01314 1.85655e-01 1.07724e-03 -5.7302622372e-01 -3.8629416367e-01
274.000 -0.00000 -0.00000 -0.00000 -0.00000 0.00000 -0.00000 2.9733e-02 9.1460e-01 2.8517e-02 -2.5045e-04 4.0599e-01 -6.2234e-05 0.44216 0.44479 0.41067 -0.01487 -0.01311 0.00720 1.85653e-01 1.07620e-03 -5.7302356095e-01 -3.8629441077e-01
276.000 -0.00000 0.00000 -0.00000 -0.00000 0.00000 -0.00000 1.5007e-02 9.1456e-01 -3.5968e-02 -2.5045e-04 4.0599e-01 -6.2234e-05 0.40799 0.44471 0.44494 -0.00687 0.01739 0.00257 1.85650e-01 1.07667e-03 -5.7302117079e-01 -3.8629463236e-01
278.000 0.00000 0.00000 -0.00000 -0.00000 0.00000 -0.00000 -3.7190e-02 9.1452e-01 -1.9814e-03 -2.5045e-04 4.0599e-01 -6.2234e-05 0.44153 0.44465 0.41149 0.01765 0.00030 -0.01281 1.85646e-01 1.07852e-03 -5.7301911801e-01 -3.8629483091e-01
280.000 0.00000 -0.00000 -0.00000 -0.00000 0.00000 -0.00000 1.0418e-02 9.1453e-01 3.2729e-02 -2.5045e-04 4.0599e-01 -6.2234e-05 0.42051 0.44456 0.43262 -0.00577 -0.01577 0.01967 1.85641e-01 1.08141e-03 -5.7301742927e-01 -3.8629500985e-01
282.000 -0.00000 0.00000 -0.00000 -0.00000 0.00000 -0.00000 2.4619e-02 9.1450e-01 -2.1677e-02 -2.5045e-04 4.0599e-01 -6.2234e-05 0.42102 0.44452 0.43216 -0.01209 0.01072 -0.02039 1.85636e-01 1.08490e-03 -5.7301610529e-01 -3.8629517330e-01
284.000 -0.00000 -0.00000 0.00000 -0.00000 0.00000 -0.00000 -2.9311e-02 9.1445e-01 -1.4686e-02 -2.5045e-04 4.0599e-01 -6.2234e-05 0.44246 0.44453 0.41071 0.01414 0.00699 0.01444 1.85631e-01 1.08845e-03 -5.7301513253e-01 -3.8629532580e-01
286.000 -0.00000 -0.00000 0.00000 -0.00000 0.00000 -0.00000 -2.7455e-03 9.1445e-01 3.1750e-02 -2.5045e-04 4.0599e-01 -6.2234e-05 0.40536 0.44451 0.44784 0.00107 -0.01563 -0.00369 1.85627e-01 1.09158e-03 -5.7301449242e-01 -3.8629547217e-01
288.000 -0.00000 0.00000 -0.00000 -0.00000 0.00000 -0.00000 3.0076e-02 9.1445e-01 -1.0678e-02 -2.5045e-04 4.0599e-01 -6.2234e-05 0.44639 0.44452 0.40680 -0.01505 0.00495 -0.00820 1.85625e-01 1.09378e-03 -5.7301416792e-01 -3.8629561740e-01
290.000 -0.00000 0.00000 -0.00000 -0.00000 0.00000 -0.00000 -2.2766e-02 9.1441e-01 -2.5227e-02 -2.5045e-04 4.0599e-01 -6.2234e-05 0.41446 0.44459 0.43866 0.01052 0.01246 0.01720 1.85624e-01 1.09465e-03 -5.7301414745e-01 -3.8629576659e-01
292.000 0.00000 -0.00000 -0.00000 -0.00000 0.00000 -0.00000 -1.6302e-02 9.1443e-01 3.1332e-02 -2.5045e-04 4.0599e-01 -6.2234e-05 0.42750 0.44464 0.42557 0.00805 -0.01501 -0.02037 1.85625e-01 1.09384e-03 -5.7301442694e-01 -3.8629592488e-01
294.000 -0.00000 -0.00000 -0.00000 -0.00000 0.00000 -0.00000 3.6629e-02 9.1447e-01 3.3611e-03 -2.5045e-04 4.0599e-01 -6.2234e-05 0.43617 0.44468 0.41685 -0.01781 -0.00228 0.01695 1.85628e-01 1.09116e-03 -5.7301501029e-01 -3.8629609747e-01
296.000 0.00000 0.00000 -0.00000 -0.00000 0.00000 -0.00000 -1.0925e-02 9.1446e-01 -3.8654e-02 -2.5045e-04 4.0599e-01 -6.2234e-05 0.41025 0.44480 0.44264 0.00426 0.01854 -0.00861 1.85633e-01 1.08665e-03 -5.7301590838e-01 -3.8629628942e-01
298.000 0.00000 0.00000 0.00000 -0.00000 0.00000 -0.00000 -3.5570e-02 9.1449e-01 2.4180e-02 -2.5045e-04 4.0599e-01 -6.2234e-05 0.44320 0.44490 0.40957 0.01700 -0.01095 -0.00130 1.85640e-01 1.08060e-03 -5.7301713632e-01 -3.8629650548e-01
300.000 -0.00000 0.00000 -0.00000 -0.00000 0.00000 -0.00000 3.6152e-02 9.1458e-01 2.6622e-02 -2.5045e-04 4.0599e-01 -6.2234e-05 0.41425 0.44496 0.43844 -0.01691 -0.01319 0.00908 1.85648e-01 1.07368e-03 -5.7301870800e-01 -3.8629674963e-01
302.000 0.00000 -0.00000 0.00000 -0.00000 0.00000 -0.00000 1.3891e-02 9.1459e-01 -4.6076e-02 -2.5045e-04 4.0599e-01 -6.2234e-05 0.43091 0.44509 0.42163 -0.00744 0.02136 -0.01224 1.85657e-01 1.06689e-03 -5.7302062696e-01 -3.8629702452e-01
304.000 0.00000 0.00000 0.00000 -0.00000 0.00000 -0.00000 -5.1196e-02 9.1460e-01 5.2625e-04 -2.5045e-04 4.0599e-01 -6.2234e-05 0.42834 0.44522 0.42404 0.02370 0.00028 0.01052 1.85664e-01 1.06147e-03 -5.7302287321e-01 -3.8629733073e-01
306.000 -0.00000 0.00000 0.00000 -0.00000 0.00000 -0.00000 1.6321e-02 9.1467e-01 4.9803e-02 -2.5045e-04 4.0599e-01 -6.2234e-05 0.42049 0.44527 0.43181 -0.00746 -0.02348 -0.00586 1.85669e-01 1.05863e-03 -5.7302538778e-01 -3.8629766611e-01
308.000 0.00000 -0.00000 -0.00000 -0.00000 0.00000 -0.00000 4.3122e-02 9.1468e-01 -3.2349e-02 -2.5045e-04 4.0599e-01 -6.2234e-05 0.43133 0.44535 0.42088 -0.02056 0.01476 0.00129 1.85671e-01 1.05921e-03 -5.7302806005e-01 -3.8629802545e-01
310.000 0.00000 0.00000 0.00000 -0.00000 0.00000 -0.00000 -4.5222e-02 9.1462e-01 -3.2583e-02 -2.5045e-04 4.0599e-01 -6.2234e-05 0.42371 0.44545 0.42838 0.02070 0.01523 0.00070 1.85669e-01 1.06340e-03 -5.7303072578e-01 -3.8629840082e-01
312.000 -0.00000 -0.00000 0.00000 -0.00000 0.00000 -0.00000 -1.8093e-02 9.1463e-01 5.2439e-02 -2.5045e-04 4.0599e-01 -6.2234e-05 0.42578 0.44545 0.42630 0.00812 -0.02450 0.00054 1.85664e-01 1.07057e-03 -5.7303318282e-01 -3.8629878248e-01
314.000 -0.00000 -0.00000 -0.00000 -0.00000 0.00000 -0.00000 5.4371e-02 9.1463e-01 6.7122e-04 -2.5045e-04 4.0599e-01 -6.2234e-05 0.42625 0.44541 0.42587 -0.02561 -0.00017 -0.00355 1.85657e-01 1.07946e-03 -5.7303522513e-01 -3.8629916040e-01
316.000 -0.00000 0.00000 -0.00000 -0.00000 0.00000 -0.00000 -1.6151e-02 9.1454e-01 -5.1617e-02 -2.5045e-04 4.0599e-01 -6.2234e-05 0.42917 0.44541 0.42294 0.00762 0.02390 0.00562 1.85649e-01 1.08858e-03 -5.7303668616e-01 -3.8629952566e-01
318.000 -0.00000 -0.00000 -0.00000 -0.00000 0.00000 -0.00000 -4.3343e-02 9.1449e-01 2.9492e-02 -2.5045e-04 4.0599e-01 -6.2234e-05 0.41806 0.44534 0.43413 0.01968 -0.01428 -0.00440 1.85641e-01 1.09663e-03 -5.7303747570e-01 -3.8629987136e-01
320.000 0.00000 -0.00000 0.00000 -0.00000 0.00000 -0.00000 3.9129e-02 9.1451e-01 2.9968e-02 -2.5045e-04 4.0599e-01 -6.2234e-05 0.43780 0.44520 0.41455 -0.01898 -0.01362 -0.00074 1.85635e-01 1.10283e-03 -5.7303759623e-01 -3.8630019296e-01
322.000 0.00000 -0.00000 0.00000 -0.00000 0.00000 -0.00000 1.4624e-02 9.1446e-01 -4.4902e-02 -2.5045e-04 4.0599e-01 -6.2234e-05 0.41504 0.44511 0.43741 -0.00651 0.02128 0.00818 1.85630e-01 1.10702e-03 -5.7303713421e-01 -3.8630048809e-01
324.000 -0.00000 -0.00000 -0.00000 -0.00000 0.00000 -0.00000 -4.5097e-02 9.1441e-01 -5.0298e-05 -2.5045e-04 4.0599e-01 -6.2234e-05 0.43201 0.44502 0.42055 0.02103 -0.00077 -0.01473 1.85626e-01 1.10950e-03 -5.7303623280e-01 -3.8630075613e-01
326.000 0.00000 0.00000 -0.00000 -0.00000 0.00000 -0.00000 1.3373e-02 9.1444e-01 3.9230e-02 -2.5045e-04 4.0599e-01 -6.2234e-05 0.42976 0.44487 0.42297 -0.00729 -0.01846 0.01714 1.85623e-01 1.11079e-03 -5.7303505836e-01 -3.8630099792e-01
328.000 -0.00000 -0.00000 -0.00000 -0.00000 0.00000 -0.00000 2.9618e-02 9.1443e-01 -2.5015e-02 -2.5045e-04 4.0599e-01 -6.2234e-05 0.41344 0.44477 0.43941 -0.01404 0.01239 -0.01362 1.85621e-01 1.11143e-03 -5.7303377159e-01 -3.8630121537e-01
330.000 0.00000 0.00000 -0.00000 -0.00000 0.00000 -0.00000 -3.2425e-02 9.1439e-01 -1.8389e-02 -2.5045e-04 4.0599e-01 -6.2234e-05 0.44577 0.44472 0.40715 0.01563 0.00829 0.00476 1.85619e-01 1.11178e-03 -5.7303250915e-01 -3.8630141136e-01
332.000 -0.00000 -0.00000 0.00000 -0.00000 0.00000 -0.00000 -5.6092e-03 9.1440e-01 3.4204e-02 -2.5045e-04 4.0599e-01 -6.2234e-05 0.40688 0.44463 0.44615 0.00197 -0.01672 0.00661 1.85618e-01 1.11206e-03 -5.7303137613e-01 -3.8630158944e-01
334.000 0.00000 -0.00000 -0.00000 -0.00000 0.00000 -0.00000 3.1702e-02 9.1441e-01 -8.0577e-03 -2.5045e-04 4.0599e-01 -6.2234e-05 0.43994 0.44457 0.41315 -0.01567 0.00415 -0.01653 1.85616e-01 1.11227e-03 -5.7303044648e-01 -3.8630175375e-01
336.000 -0.00000 0.00000 0.00000 -0.00000 0.00000 -0.00000 -1.9792e-02 9.1437e-01 -2.6151e-02 -2.5045e-04 4.0599e-01 -6.2234e-05 0.42407 0.44457 0.42903 0.00952 0.01267 0.02143 1.85616e-01 1.11229e-03 -5.7302976777e-01 -3.8630190883e-01
338.000 -0.00000 0.00000 -0.00000 -0.00000 0.00000 -0.00000 -1.6917e-02 9.1438e-01 2.7538e-02 -2.5045e-04 4.0599e-01 -6.2234e-05 0.41713 0.44456 0.43599 0.00803 -0.01356 -0.01948 1.85615e-01 1.11193e-03 -5.7302936740e-01 -3.8630205950e-01
340.000 -0.00000 0.00000 -0.00000 -0.00000 0.00000 -0.00000 3.1787e-02 9.1441e-01 4.2314e-03 -2.5045e-04 4.0599e-01 -6.2234e-05 0.44483 0.44455 0.40830 -0.01579 -0.00235 0.01133 1.85616e-01 1.11096e-03 -5.7302925821e-01 -3.8630221084e-01
342.000 -0.00000 -0.00000 -0.00000 -0.00000 0.00000 -0.00000 -9.1918e-03 9.1439e-01 -3.2823e-02 -2.5045e-04 4.0599e-01 -6.2234e-05 0.40546 0.44461 0.44760 0.00381 0.01600 0.00020 1.85618e-01 1.10920e-03 -5.7302944267e-01 -3.8630236803e-01
344.000 -0.00000 -0.00000 0.00000 -0.00000 0.00000 -0.00000 -2.9082e-02 9.1440e-01 2.1071e-02 -2.5045e-04 4.0599e-01 -6.2234e-05 0.44361 0.44467 0.40938 0.01409 -0.00985 -0.01110 1.85621e-01 1.10654e-03 -5.7302991517e-01 -3.8630253636e-01
346.000 -0.00000 0.00000 -0.00000 -0.00000 0.00000 -0.00000 3.1362e-02 9.1446e-01 2.0004e-02 -2.5045e-04 4.0599e-01 -6.2234e-05 0.41836 0.44470 0.43458 -0.01501 -0.01018 0.01771 1.85625e-01 1.10302e-03 -5.7303066232e-01 -3.8630272104e-01
348.000 0.00000 0.00000 -0.00000 -0.00000 0.00000 -0.00000 7.7422e-03 9.1446e-01 -3.9572e-02 -2.5045e-04 4.0599e-01 -6.2234e-05 0.42394 0.44481 0.42888 -0.00465 0.01864 -0.01811 1.85630e-01 1.09884e-03 -5.7303166125e-01 -3.8630292696e-01
350.000 -0.00000 -0.00000 0.00000 -0.00000 0.00000 -0.00000 -4.3209e-02 9.1446e-01 5.6778e-03 -2.5045e-04 4.0599e-01 -6.2234e-05 0.43715 0.44493 0.41552 0.02030 -0.00204 0.01281 1.85635e-01 1.09441e-03 -5.7303287570e-01 -3.8630315835e-01
352.000 0.00000 0.00000 -0.00000 -0.00000 -0.00000 -0.00000 2.0126e-02 9.1453e-01 4.0750e-02 -2.5045e-04 4.0599e-01 -6.2234e-05 0.41200 0.44500 0.44059 -0.00914 -0.01960 -0.00446 1.85641e-01 1.09030e-03 -5.7303425007e-01 -3.8630341827e-01
354.000 -0.00000 0.00000 -0.00000 -0.00000 0.00000 -0.00000 3.3475e-02 9.1455e-01 -3.4689e-02 -2.5045e-04 4.0599e-01 -6.2234e-05 0.43868 0.44512 0.41377 -0.01646 0.01575 -0.00337 1.85645e-01 1.08711e-03 -5.7303570227e-01 -3.8630370801e-01
356.000 -0.00000 0.00000 0.00000 -0.00000 0.00000 -0.00000 -4.6176e-02 9.1452e-01 -2.2747e-02 -2.5045e-04 4.0599e-01 -6.2234e-05 0.41903 0.44528 0.43324 0.02108 0.01110 0.00776 1.85648e-01 1.08534e-03 -5.7303711785e-01 -3.8630402659e-01
358.000 -0.00000 0.00000 -0.00000 -0.00000 0.00000 -0.00000 -8.3197e-03 9.1456e-01 5.2184e-02 -2.5045e-04 4.0599e-01 -6.2234e-05 0.42745 0.44534 0.42473 0.00406 -0.02437 -0.00778 1.85649e-01 1.08514e-03 -5.7303834957e-01 -3.8630437048e-01
360.000 0.00000 0.00000 -0.00000 -0.00000 0.00000 -0.00000 5.3062e-02 9.1458e-01 -8.9365e-03 -2.5045e-04 4.0599e-01 -6.2234e-05 0.42802 0.44540 0.42409 -0.02506 0.00380 0.00472 1.85648e-01 1.08624e-03 -5.7303922762e-01 -3.8630473382e-01
362.000 -0.00000 -0.00000 -0.00000 -0.00000 -0.00000 -0.00000 -2.5563e-02 9.1452e-01 -4.9300e-02 -2.5045e-04 4.0599e-01 -6.2234e-05 0.42423 0.44549 0.42777 0.01152 0.02296 -0.00128 1.85647e-01 1.08791e-03 -5.7303958356e-01 -3.8630510904e-01
364.000 0.00000 -0.00000 -0.00000 -0.00000 0.00000 -0.00000 -3.9947e-02 9.1451e-01 3.8637e-02 -2.5045e-04 4.0599e-01 -6.2234e-05 0.42517 0.44550 0.42682 0.01830 -0.01810 0.00003 1.85645e-01 1.08924e-03 -5.7303928486e-01 -3.8630548785e-01
366.000 -0.00000 0.00000 -0.00000 -0.00000 0.00000 -0.00000 4.7811e-02 9.1456e-01 2.5378e-02 -2.5045e-04 4.0599e-01 -6.2234e-05 0.42925 0.44542 0.42282 -0.02266 -0.01170 -0.00197 1.85643e-01 1.08944e-03 -5.7303826972e-01 -3.8630586215e-01
368.000 -0.00000 0.00000 -0.00000 -0.00000 0.00000 -0.00000 8.7999e-03 9.1452e-01 -5.2781e-02 -2.5045e-04 4.0599e-01 -6.2234e-05 0.42317 0.44540 0.42895 -0.00400 0.02463 0.00593 1.85642e-01 1.08814e-03 -5.7303656812e-01 -3.8630622477e-01
370.000 0.00000 -0.00000 -0.00000 -0.00000 0.00000 -0.00000 -5.1763e-02 9.1449e-01 6.8728e-03 -2.5045e-04 4.0599e-01 -6.2234e-05 0.42503 0.44533 0.42717 0.02385 -0.00380 -0.00923 1.85642e-01 1.08553e-03 -5.7303429928e-01 -3.8630656977e-01
372.000 -0.00000 0.00000 -0.00000 -0.00000 0.00000 -0.00000 2.1047e-02 9.1454e-01 4.4325e-02 -2.5045e-04 4.0599e-01 -6.2234e-05 0.43360 0.44517 0.41879 -0.01069 -0.02058 0.00912 1.85643e-01 1.08224e-03 -5.7303164578e-01 -3.8630689267e-01
374.000 0.00000 0.00000 -0.00000 -0.00000 0.00000 -0.00000 3.2960e-02 9.1454e-01 -3.2923e-02 -2.5045e-04 4.0599e-01 -6.2234e-05 0.41306 0.44505 0.43946 -0.01532 0.01591 -0.00438 1.85643e-01 1.07911e-03 -5.7302881495e-01 -3.8630719042e-01
376.000 0.00000 -0.00000 0.00000 -0.00000 0.00000 -0.00000 -3.9996e-02 9.1449e-01 -2.0048e-02 -2.5045e-04 4.0599e-01 -6.2234e-05 0.44164 0.44497 0.41099 0.01896 0.00877 -0.00390 1.85642e-01 1.07685e-03 -5.7302600145e-01 -3.8630746151e-01
378.000 -0.00000 0.00000 -0.00000 -0.00000 0.00000 -0.00000 -5.9147e-03 9.1451e-01 4.0946e-02 -2.5045e-04 4.0599e-01 -6.2234e-05 0.41445 0.44483 0.43835 0.00184 -0.01961 0.01271 1.85640e-01 1.07596e-03 -5.7302336158e-01 -3.8630770592e-01
380.000 0.00000 -0.00000 -0.00000 -0.00000 0.00000 -0.00000 3.7321e-02 9.1452e-01 -8.5853e-03 -2.5045e-04 4.0599e-01 -6.2234e-05 0.42999 0.44471 0.42295 -0.01799 0.00466 -0.01844 1.85637e-01 1.07656e-03 -5.7302100273e-01 -3.8630792504e-01
382.000 0.00000 -0.00000 0.00000 -0.00000 -0.00000 -0.00000 -2.0556e-02 9.1446e-01 -3.0625e-02 -2.5045e-04 4.0599e-01 -6.2234e-05 0.43382 0.44467 0.41917 0.01009 0.01438 0.01841 1.85632e-01 1.07853e-03 -5.7301898555e-01 -3.8630812146e-01
384.000 -0.00000 0.00000 -0.00000 -0.00000 -0.00000 -0.00000 -2.0498e-02 9.1444e-01 2.8002e-02 -2.5045e-04 4.0599e-01 -6.2234e-05 0.40982 0.44461 0.44326 0.00928 -0.01391 -0.01208 1.85628e-01 1.08150e-03 -5.7301733371e-01 -3.8630829868e-01
386.000 0.00000 -0.00000 0.00000 -0.00000 0.00000 -0.00000 3.1593e-02 9.1445e-01 7.3905e-03 -2.5045e-04 4.0599e-01 -6.2234e-05 0.44772 0.44454 0.40544 -0.01575 -0.00339 0.00128 1.85623e-01 1.08500e-03 -5.7301604615e-01 -3.8630846087e-01
388.000 -0.00000 0.00000 -0.00000 -0.00000 0.00000 -0.00000 -5.8697e-03 9.1439e-01 -3.1876e-02 -2.5045e-04 4.0599e-01 -6.2234e-05 0.40779 0.44455 0.44537 0.00271 0.01552 0.01038 1.85618e-01 1.08853e-03 -5.7301510853e-01 -3.8630861262e-01
390.000 -0.00000 -0.00000 0.00000 -0.00000 0.00000 -0.00000 -2.7572e-02 9.1437e-01 1.7019e-02 -2.5045e-04 4.0599e-01 -6.2234e-05 0.43690 0.44456 0.41626 0.01325 -0.00839 -0.01890 1.85614e-01 1.09157e-03 -5.7301450230e-01 -3.8630875876e-01
392.000 -0.00000 0.00000 0.00000 -0.00000 0.00000 -0.00000 2.6163e-02 9.1439e-01 1.8367e-02 -2.5045e-04 4.0599e-01 -6.2234e-05 0.42797 0.44455 0.42519 -0.01295 -0.00922 0.02133 1.85612e-01 1.09365e-03 -5.7301421086e-01 -3.8630890431e-01
394.000 -0.00000 0.00000 -0.00000 -0.00000 0.00000 -0.00000 6.5682e-03 9.1437e-01 -3.3053e-02 -2.5045e-04 4.0599e-01 -6.2234e-05 0.41421 0.44461 0.43889 -0.00386 0.01592 -0.01694 1.85611e-01 1.09434e-03 -5.7301422338e-01 -3.8630905437e-01
396.000 -0.00000 -0.00000 0.00000 -0.00000 0.00000 -0.00000 -3.5488e-02 9.1435e-01 5.7796e-03 -2.5045e-04 4.0599e-01 -6.2234e-05 0.44538 0.44469 0.40764 0.01697 -0.00236 0.00745 1.85612e-01 1.09333e-03 -5.7301453661e-01 -3.8630921410e-01
398.000 0.00000 -0.00000 0.00000 -0.00000 0.00000 -0.00000 1.8666e-02 9.1441e-01 3.2213e-02 -2.5045e-04 4.0599e-01 -6.2234e-05 0.40746 0.44473 0.44551 -0.00872 -0.01584 0.00365 1.85615e-01 1.09045e-03 -5.7301515526e-01 -3.8630938869e-01
400.000 0.00000 0.00000 0.00000 -0.00000 0.00000 -0.00000 2.4687e-02 9.1443e-01 -3.1411e-02 -2.5045e-04 4.0599e-01 -6.2234e-05 0.43968 0.44482 0.41318 -0.01257 0.01446 -0.01245 1.85621e-01 1.08575e-03 -5.7301609076e-01 -3.8630958319e-01
