# t x y z vx vy vz omx omy omz llx lly llz Ixx Iyy Izz Ixy Iyz Ixz KErot PEspr PEgrav Etot
0.000 0.00000 -0.00000 -0.00000 -0.00000 -0.00000 -0.00000 2.9433e-02 9.2064e-01 -3.9330e-02 -2.5024e-04 4.0740e-01 -3.1865e-06 0.42983 0.44375 0.42735 -0.01405 0.01828 -0.00095 1.87531e-01 1.96970e-29 -5.7192735752e-01 -3.8439607474e-01
2.000 0.00000 -0.00000 -0.00000 -0.00000 -0.00000 -0.00000 -4.6963e-02 9.1533e-01 -1.6124e-02 -2.5024e-04 4.0740e-01 -3.1865e-06 0.42626 0.44632 0.42419 0.02159 0.00745 -0.00027 1.86581e-01 1.01503e-03 -5.7292653789e-01 -3.8533064589e-01
4.004 -0.00000 -0.00000 0.00000 -0.00000 -0.00000 -0.00000 -6.2990e-04 9.1412e-01 4.8678e-02 -2.5024e-04 4.0740e-01 -3.1865e-06 0.42394 0.44688 0.42585 -0.00014 -0.02268 0.00302 1.86206e-01 1.32148e-03 -5.7296661477e-01 -3.8543872737e-01
6.004 0.00000 -0.00000 0.00000 -0.00000 -0.00000 0.00000 4.4774e-02 9.1528e-01 -1.5009e-02 -2.5024e-04 4.0740e-01 -3.1865e-06 0.42329 0.44626 0.42707 -0.02106 0.00724 -0.00496 1.86439e-01 1.06776e-03 -5.7296071606e-01 -3.8545419544e-01
8.004 0.00000 -0.00000 -0.00000 0.00000 -0.00000 0.00000 -2.8480e-02 9.1537e-01 -3.7137e-02 -2.5024e-04 4.0740e-01 -3.1865e-06 0.43137 0.44618 0.41908 0.01331 0.01712 0.00405 1.86463e-01 1.03771e-03 -5.7295796605e-01 -3.8545688140e-01
10.000 -0.00000 0.00000 0.00000 -0.00000 -0.00000 0.00000 -2.5928e-02 9.1518e-01 3.7082e-02 -2.5024e-04 4.0740e-01 -3.1865e-06 0.41594 0.44620 0.43453 0.01150 -0.01761 0.00013 1.86425e-01 1.07222e-03 -5.7295538759e-01 -3.8545774015e-01
12.000 -0.00000 0.00000 0.00000 -0.00000 -0.00000 0.00000 4.1097e-02 9.1518e-01 1.1275e-02 -2.5024e-04 4.0740e-01 -3.1865e-06 0.43435 0.44610 0.41623 -0.01970 -0.00485 -0.00631 1.86417e-01 1.07703e-03 -5.7295261772e-01 -3.8545823236e-01
14.000 0.00000 0.00000 -0.00000 -0.00000 -0.00000 0.00000 -3.7667e-03 9.1516e-01 -4.1137e-02 -2.5024e-04 4.0740e-01 -3.1865e-06 0.42078 0.44605 0.42987 0.00198 0.01937 0.01170 1.86419e-01 1.07287e-03 -5.7295009285e-01 -3.8545863127e-01
16.000 -0.00000 0.00000 0.00000 -0.00000 0.00000 0.00000 -3.6350e-02 9.1513e-01 1.6313e-02 -2.5024e-04 4.0740e-01 -3.1865e-06 0.42233 0.44599 0.42839 0.01674 -0.00818 -0.01355 1.86416e-01 1.07346e-03 -5.7294804595e-01 -3.8545900467e-01
18.000 0.00000 0.00000 -0.00000 -0.00000 0.00000 0.00000 2.5998e-02 9.1515e-01 2.6472e-02 -2.5024e-04 4.0740e-01 -3.1865e-06 0.43624 0.44590 0.41459 -0.01297 -0.01229 0.01038 1.86412e-01 1.07555e-03 -5.7294656459e-01 -3.8545935133e-01
20.004 -0.00000 -0.00000 0.00000 -0.00000 0.00000 0.00000 1.3783e-02 9.1512e-01 -3.2889e-02 -2.5024e-04 4.0740e-01 -3.1865e-06 0.40982 0.44585 0.44107 -0.00654 0.01589 -0.00271 1.86409e-01 1.07708e-03 -5.7294562385e-01 -3.8545967161e-01
22.004 0.00000 0.00000 0.00000 -0.00000 0.00000 0.00000 -3.5093e-02 9.1509e-01 -1.1623e-03 -2.5024e-04 4.0740e-01 -3.1865e-06 0.44055 0.44584 0.41035 0.01661 0.00026 -0.00664 1.86407e-01 1.07837e-03 -5.7294522712e-01 -3.8545996995e-01
24.004 -0.00000 -0.00000 0.00000 0.00000 0.00000 0.00000 1.1043e-02 9.1511e-01 3.1543e-02 -2.5024e-04 4.0740e-01 -3.1865e-06 0.41632 0.44578 0.43465 -0.00579 -0.01516 0.01424 1.86406e-01 1.07956e-03 -5.7294534752e-01 -3.8546025272e-01
26.004 0.00000 0.00000 0.00000 0.00000 0.00000 0.00000 2.3824e-02 9.1511e-01 -2.2445e-02 -2.5024e-04 4.0740e-01 -3.1865e-06 0.42530 0.44576 0.42569 -0.01177 0.01088 -0.01715 1.86405e-01 1.08039e-03 -5.7294593492e-01 -3.8546052580e-01
28.004 -0.00000 0.00000 -0.00000 0.00000 0.00000 0.00000 -3.0643e-02 9.1508e-01 -1.3941e-02 -2.5024e-04 4.0740e-01 -3.1865e-06 0.43508 0.44580 0.41587 0.01451 0.00681 0.01418 1.86405e-01 1.08073e-03 -5.7294692649e-01 -3.8546079564e-01
30.004 -0.00000 0.00000 -0.00000 -0.00000 0.00000 0.00000 -1.9975e-03 9.1510e-01 3.3618e-02 -2.5024e-04 4.0740e-01 -3.1865e-06 0.40984 0.44579 0.44110 0.00086 -0.01622 -0.00644 1.86407e-01 1.08051e-03 -5.7294825029e-01 -3.8546106902e-01
32.004 -0.00000 0.00000 0.00000 0.00000 0.00000 0.00000 3.2038e-02 9.1514e-01 -1.1643e-02 -2.5024e-04 4.0740e-01 -3.1865e-06 0.44163 0.44580 0.40929 -0.01577 0.00531 -0.00316 1.86409e-01 1.07978e-03 -5.7294982646e-01 -3.8546135268e-01
34.004 0.00000 0.00000 0.00000 -0.00000 0.00000 0.00000 -2.4279e-02 9.1511e-01 -2.7039e-02 -2.5024e-04 4.0740e-01 -3.1865e-06 0.41415 0.44587 0.43669 0.01104 0.01319 0.01108 1.86411e-01 1.07865e-03 -5.7295156714e-01 -3.8546165305e-01
36.004 0.00000 -0.00000 -0.00000 0.00000 0.00000 0.00000 -1.8021e-02 9.1513e-01 3.3302e-02 -2.5024e-04 4.0740e-01 -3.1865e-06 0.42846 0.44592 0.42232 0.00869 -0.01566 -0.01458 1.86414e-01 1.07732e-03 -5.7295337576e-01 -3.8546197592e-01
38.000 0.00000 -0.00000 0.00000 0.00000 0.00000 0.00000 3.8558e-02 9.1518e-01 5.0446e-03 -2.5024e-04 4.0740e-01 -3.1865e-06 0.43038 0.44595 0.42034 -0.01848 -0.00286 0.01285 1.86417e-01 1.07609e-03 -5.7295514289e-01 -3.8546232532e-01
40.000 -0.00000 0.00000 0.00000 -0.00000 0.00000 0.00000 -9.6222e-03 9.1516e-01 -4.0376e-02 -2.5024e-04 4.0740e-01 -3.1865e-06 0.41510 0.44605 0.43551 0.00378 0.01914 -0.00715 1.86419e-01 1.07523e-03 -5.7295676069e-01 -3.8546270593e-01
42.000 -0.00000 0.00000 0.00000 -0.00000 0.00000 0.00000 -3.7184e-02 9.1512e-01 2.3043e-02 -2.5024e-04 4.0740e-01 -3.1865e-06 0.43614 0.44616 0.41438 0.01744 -0.01043 0.00021 1.86414e-01 1.07588e-03 -5.7295258895e-01 -3.8546283499e-01
44.000 -0.00000 0.00000 0.00000 -0.00000 0.00000 0.00000 3.4610e-02 9.1515e-01 2.8112e-02 -2.5024e-04 4.0740e-01 -3.1865e-06 0.41759 0.44620 0.43288 -0.01622 -0.01349 0.00500 1.86411e-01 1.07751e-03 -5.7295149120e-01 -3.8546293088e-01
46.000 0.00000 -0.00000 0.00000 0.00000 0.00000 0.00000 1.5185e-02 9.1514e-01 -4.3824e-02 -2.5024e-04 4.0740e-01 -3.1865e-06 0.42792 0.44628 0.42247 -0.00769 0.02034 -0.00668 1.86411e-01 1.07658e-03 -5.7295072526e-01 -3.8546302720e-01
48.000 0.00000 0.00000 -0.00000 0.00000 0.00000 0.00000 -4.8311e-02 9.1509e-01 -9.4076e-04 -2.5024e-04 4.0740e-01 -3.1865e-06 0.42634 0.44637 0.42395 0.02224 0.00069 0.00497 1.86410e-01 1.07662e-03 -5.7294997264e-01 -3.8546312771e-01
50.000 -0.00000 0.00000 0.00000 0.00000 0.00000 0.00000 1.3949e-02 9.1511e-01 4.6333e-02 -2.5024e-04 4.0740e-01 -3.1865e-06 0.42278 0.44638 0.42750 -0.00663 -0.02162 -0.00175 1.86407e-01 1.07899e-03 -5.7294889963e-01 -3.8546323110e-01
52.000 -0.00000 0.00000 0.00000 0.00000 0.00000 0.00000 3.9105e-02 9.1511e-01 -2.8629e-02 -2.5024e-04 4.0740e-01 -3.1865e-06 0.42593 0.44640 0.42434 -0.01849 0.01329 -0.00052 1.86404e-01 1.08045e-03 -5.7294730542e-01 -3.8546333617e-01
54.000 -0.00000 -0.00000 -0.00000 0.00000 0.00000 0.00000 -4.0153e-02 9.1506e-01 -2.8539e-02 -2.5024e-04 4.0740e-01 -3.1865e-06 0.42693 0.44644 0.42331 0.01847 0.01321 0.00022 1.86402e-01 1.07973e-03 -5.7294533470e-01 -3.8546344074e-01
56.000 -0.00000 -0.00000 0.00000 0.00000 0.00000 0.00000 -1.4923e-02 9.1507e-01 4.6035e-02 -2.5024e-04 4.0740e-01 -3.1865e-06 0.42205 0.44640 0.42825 0.00648 -0.02151 0.00253 1.86401e-01 1.07841e-03 -5.7294297643e-01 -3.8546354403e-01
58.000 0.00000 0.00000 -0.00000 0.00000 0.00000 0.00000 4.6664e-02 9.1510e-01 -1.0278e-03 -2.5024e-04 4.0740e-01 -3.1865e-06 0.42666 0.44632 0.42373 -0.02204 0.00078 -0.00594 1.86399e-01 1.07752e-03 -5.7294044783e-01 -3.8546364567e-01
60.000 -0.00000 -0.00000 -0.00000 0.00000 0.00000 0.00000 -1.6237e-02 9.1505e-01 -4.3127e-02 -2.5024e-04 4.0740e-01 -3.1865e-06 0.42818 0.44630 0.42226 0.00768 0.02003 0.00755 1.86398e-01 1.07634e-03 -5.7293796030e-01 -3.8546374317e-01
62.000 -0.00000 -0.00000 0.00000 0.00000 0.00000 0.00000 -3.4963e-02 9.1504e-01 2.7813e-02 -2.5024e-04 4.0740e-01 -3.1865e-06 0.41700 0.44624 0.43352 0.01583 -0.01339 -0.00559 1.86397e-01 1.07478e-03 -5.7293565252e-01 -3.8546383555e-01
64.000 -0.00000 0.00000 -0.00000 0.00000 0.00000 0.00000 3.5513e-02 9.1507e-01 2.2301e-02 -2.5024e-04 4.0740e-01 -3.1865e-06 0.43696 0.44612 0.41369 -0.01723 -0.01009 0.00003 1.86396e-01 1.07411e-03 -5.7293373536e-01 -3.8546392255e-01
66.000 0.00000 0.00000 0.00000 0.00000 0.00000 0.00000 7.8768e-03 9.1504e-01 -3.9618e-02 -2.5024e-04 4.0740e-01 -3.1865e-06 0.41448 0.44607 0.43624 -0.00353 0.01882 0.00724 1.86393e-01 1.07503e-03 -5.7293232872e-01 -3.8546400361e-01
68.000 0.00000 -0.00000 0.00000 0.00000 0.00000 0.00000 -3.8778e-02 9.1500e-01 5.4646e-03 -2.5024e-04 4.0740e-01 -3.1865e-06 0.43089 0.44603 0.41988 0.01807 -0.00307 -0.01321 1.86390e-01 1.07706e-03 -5.7293148784e-01 -3.8546407866e-01
70.000 -0.00000 0.00000 -0.00000 0.00000 0.00000 0.00000 1.7212e-02 9.1502e-01 3.2259e-02 -2.5024e-04 4.0740e-01 -3.1865e-06 0.42834 0.44594 0.42253 -0.00886 -0.01518 0.01506 1.86387e-01 1.07977e-03 -5.7293126650e-01 -3.8546414780e-01
72.000 -0.00000 -0.00000 0.00000 0.00000 0.00000 0.00000 2.2084e-02 9.1501e-01 -2.7091e-02 -2.5024e-04 4.0740e-01 -3.1865e-06 0.41419 0.44589 0.43674 -0.01061 0.01321 -0.01153 1.86384e-01 1.08321e-03 -5.7293163493e-01 -3.8546421180e-01
74.000 -0.00000 0.00000 -0.00000 0.00000 0.00000 0.00000 -3.2968e-02 9.1496e-01 -1.0618e-02 -2.5024e-04 4.0740e-01 -3.1865e-06 0.44178 0.44589 0.40915 0.01569 0.00487 0.00351 1.86381e-01 1.08717e-03 -5.7293256971e-01 -3.8546427175e-01
76.000 0.00000 -0.00000 -0.00000 0.00000 0.00000 0.00000 1.7983e-03 9.1497e-01 3.3213e-02 -2.5024e-04 4.0740e-01 -3.1865e-06 0.40959 0.44584 0.44138 -0.00130 -0.01604 0.00620 1.86379e-01 1.09098e-03 -5.7293401635e-01 -3.8546432858e-01
78.004 -0.00000 -0.00000 0.00000 0.00000 0.00000 0.00000 2.8887e-02 9.1498e-01 -1.4846e-02 -2.5024e-04 4.0740e-01 -3.1865e-06 0.43534 0.44582 0.41564 -0.01425 0.00719 -0.01410 1.86377e-01 1.09412e-03 -5.7293590631e-01 -3.8546438360e-01
80.004 0.00000 0.00000 0.00000 0.00000 0.00000 0.00000 -2.5667e-02 9.1495e-01 -2.1647e-02 -2.5024e-04 4.0740e-01 -3.1865e-06 0.42500 0.44586 0.42593 0.01205 0.01055 0.01711 1.86377e-01 1.09638e-03 -5.7293816467e-01 -3.8546443804e-01
82.004 0.00000 0.00000 0.00000 0.00000 0.00000 0.00000 -1.1254e-02 9.1496e-01 3.2052e-02 -2.5024e-04 4.0740e-01 -3.1865e-06 0.41657 0.44587 0.43434 0.00535 -0.01539 -0.01428 1.86379e-01 1.09761e-03 -5.7294071380e-01 -3.8546449335e-01
84.004 -0.00000 0.00000 -0.00000 -0.00000 0.00000 0.00000 3.4257e-02 9.1500e-01 -2.1393e-03 -2.5024e-04 4.0740e-01 -3.1865e-06 0.44028 0.44587 0.41061 -0.01674 0.00070 0.00683 1.86381e-01 1.09753e-03 -5.7294346203e-01 -3.8546455089e-01
86.004 0.00000 0.00000 0.00000 -0.00000 0.00000 0.00000 -1.5893e-02 9.1499e-01 -3.2953e-02 -2.5024e-04 4.0740e-01 -3.1865e-06 0.40999 0.44594 0.44081 0.00693 0.01591 0.00235 1.86386e-01 1.09602e-03 -5.7294631190e-01 -3.8546461189e-01
88.004 -0.00000 -0.00000 0.00000 -0.00000 0.00000 0.00000 -2.7073e-02 9.1501e-01 2.7306e-02 -2.5024e-04 4.0740e-01 -3.1865e-06 0.43619 0.44600 0.41453 0.01293 -0.01266 -0.00982 1.86391e-01 1.09325e-03 -5.7294914839e-01 -3.8546467754e-01
90.004 -0.00000 -0.00000 0.00000 0.00000 0.00000 0.00000 3.5996e-02 9.1508e-01 1.6115e-02 -2.5024e-04 4.0740e-01 -3.1865e-06 0.42205 0.44602 0.42863 -0.01711 -0.00806 0.01304 1.86398e-01 1.08949e-03 -5.7295185148e-01 -3.8546474885e-01
92.004 -0.00000 -0.00000 -0.00000 0.00000 0.00000 0.00000 2.3257e-03 9.1510e-01 -4.1809e-02 -2.5024e-04 4.0740e-01 -3.1865e-06 0.42128 0.44610 0.42931 -0.00186 0.01964 -0.01137 1.86404e-01 1.08509e-03 -5.7295428611e-01 -3.8546482645e-01
94.004 0.00000 -0.00000 -0.00000 0.00000 0.00000 0.00000 -4.2769e-02 9.1510e-01 1.1664e-02 -2.5024e-04 4.0740e-01 -3.1865e-06 0.43359 0.44619 0.41689 0.01991 -0.00503 0.00623 1.86411e-01 1.08047e-03 -5.7295631141e-01 -3.8546491063e-01
96.004 0.00000 -0.00000 -0.00000 0.00000 0.00000 0.00000 2.5222e-02 9.1517e-01 3.7498e-02 -2.5024e-04 4.0740e-01 -3.1865e-06 0.41663 0.44621 0.43381 -0.01174 -0.01777 -0.00036 1.86417e-01 1.07614e-03 -5.7295779768e-01 -3.8546500123e-01
98.004 -0.00000 -0.00000 -0.00000 -0.00000 0.00000 0.00000 2.7521e-02 9.1519e-01 -3.7656e-02 -2.5024e-04 4.0740e-01 -3.1865e-06 0.43079 0.44627 0.41958 -0.01337 0.01737 -0.00354 1.86421e-01 1.07256e-03 -5.7295863069e-01 -3.8546509757e-01
100.004 0.00000 0.00000 0.00000 -0.00000 0.00000 0.00000 -4.6242e-02 9.1516e-01 -1.4981e-02 -2.5024e-04 4.0740e-01 -3.1865e-06 0.42347 0.44636 0.42680 0.02119 0.00719 0.00418 1.86424e-01 1.07000e-03 -5.7295872989e-01 -3.8546519852e-01
102.004 -0.00000 -0.00000 0.00000 0.00000 0.00000 0.00000 -3.1061e-04 9.1519e-01 4.8747e-02 -2.5024e-04 4.0740e-01 -3.1865e-06 0.42434 0.44636 0.42592 -0.00001 -0.02269 -0.00216 1.86424e-01 1.06850e-03 -5.7295806535e-01 -3.8546530252e-01
104.004 0.00000 0.00000 -0.00000 -0.00000 0.00000 0.00000 4.5834e-02 9.1522e-01 -1.5697e-02 -2.5024e-04 4.0740e-01 -3.1865e-06 0.42564 0.44635 0.42465 -0.02160 0.00730 -0.00046 1.86423e-01 1.06795e-03 -5.7295666525e-01 -3.8546540783e-01
106.004 -0.00000 0.00000 0.00000 -0.00000 0.00000 0.00000 -2.9943e-02 9.1516e-01 -3.8880e-02 -2.5024e-04 4.0740e-01 -3.1865e-06 0.42712 0.44638 0.42314 0.01376 0.01802 0.00139 1.86421e-01 1.06810e-03 -5.7295462212e-01 -3.8546551266e-01
108.004 -0.00000 0.00000 0.00000 -0.00000 0.00000 0.00000 -2.7721e-02 9.1514e-01 3.9595e-02 -2.5024e-04 4.0740e-01 -3.1865e-06 0.42054 0.44636 0.42976 0.01244 -0.01858 0.00048 1.86418e-01 1.06867e-03 -5.7295208451e-01 -3.8546561532e-01
110.004 -0.00000 -0.00000 -0.00000 -0.00000 0.00000 0.00000 4.4562e-02 9.1517e-01 1.2782e-02 -2.5024e-04 4.0740e-01 -3.1865e-06 0.43022 0.44627 0.42018 -0.02116 -0.00565 -0.00449 1.86414e-01 1.06940e-03 -5.7294924061e-01 -3.8546571435e-01
112.004 0.00000 -0.00000 -0.00000 -0.00000 0.00000 0.00000 -2.9452e-03 9.1512e-01 -4.5383e-02 -2.5024e-04 4.0740e-01 -3.1865e-06 0.42322 0.44624 0.42723 0.00151 0.02121 0.00846 1.86410e-01 1.07020e-03 -5.7294629812e-01 -3.8546580862e-01
114.004 0.00000 -0.00000 0.00000 -0.00000 0.00000 0.00000 -4.1064e-02 9.1508e-01 1.6456e-02 -2.5024e-04 4.0740e-01 -3.1865e-06 0.42150 0.44620 0.42902 0.01882 -0.00816 -0.00981 1.86406e-01 1.07107e-03 -5.7294345820e-01 -3.8546589735e-01
116.004 -0.00000 0.00000 0.00000 -0.00000 0.00000 0.00000 2.7215e-02 9.1510e-01 3.1286e-02 -2.5024e-04 4.0740e-01 -3.1865e-06 0.43524 0.44609 0.41542 -0.01346 -0.01441 0.00698 1.86403e-01 1.07205e-03 -5.7294089513e-01 -3.8546598007e-01
118.004 -0.00000 0.00000 -0.00000 -0.00000 0.00000 0.00000 1.8484e-02 9.1508e-01 -3.5085e-02 -2.5024e-04 4.0740e-01 -3.1865e-06 0.41188 0.44602 0.43885 -0.00861 0.01683 -0.00033 1.86399e-01 1.07319e-03 -5.7293874315e-01 -3.8546605670e-01
120.004 0.00000 -0.00000 0.00000 -0.00000 0.00000 0.00000 -3.8230e-02 9.1503e-01 -5.3663e-03 -2.5024e-04 4.0740e-01 -3.1865e-06 0.43777 0.44599 0.41301 0.01797 0.00209 -0.00784 1.86396e-01 1.07451e-03 -5.7293709052e-01 -3.8546612747e-01
122.004 -0.00000 -0.00000 0.00000 -0.00000 0.00000 0.00000 7.5198e-03 9.1505e-01 3.5431e-02 -2.5024e-04 4.0740e-01 -3.1865e-06 0.41906 0.44591 0.43181 -0.00427 -0.01684 0.01425 1.86394e-01 1.07595e-03 -5.7293598157e-01 -3.8546619294e-01
124.004 -0.00000 0.00000 -0.00000 -0.00000 0.00000 0.00000 2.8274e-02 9.1505e-01 -1.9704e-02 -2.5024e-04 4.0740e-01 -3.1865e-06 0.42281 0.44585 0.42812 -0.01368 0.00971 -0.01611 1.86392e-01 1.07738e-03 -5.7293542280e-01 -3.8546625389e-01
126.004 -0.00000 -0.00000 0.00000 -0.00000 0.00000 0.00000 -2.8735e-02 9.1501e-01 -1.8788e-02 -2.5024e-04 4.0740e-01 -3.1865e-06 0.43690 0.44585 0.41404 0.01370 0.00888 0.01232 1.86390e-01 1.07865e-03 -5.7293539115e-01 -3.8546631136e-01
128.004 -0.00000 -0.00000 -0.00000 -0.00000 0.00000 0.00000 -7.1018e-03 9.1502e-01 3.2578e-02 -2.5024e-04 4.0740e-01 -3.1865e-06 0.40888 0.44582 0.44210 0.00304 -0.01577 -0.00403 1.86390e-01 1.07960e-03 -5.7293584244e-01 -3.8546636650e-01
130.004 -0.00000 0.00000 -0.00000 -0.00000 0.00000 0.00000 3.1906e-02 9.1504e-01 -6.4156e-03 -2.5024e-04 4.0740e-01 -3.1865e-06 0.44165 0.44579 0.40935 -0.01571 0.00307 -0.00580 1.86390e-01 1.08009e-03 -5.7293671757e-01 -3.8546642061e-01
132.004 -0.00000 0.00000 -0.00000 -0.00000 0.00000 0.00000 -1.9087e-02 9.1502e-01 -2.7858e-02 -2.5024e-04 4.0740e-01 -3.1865e-06 0.41529 0.44583 0.43566 0.00880 0.01354 0.01360 1.86391e-01 1.08004e-03 -5.7293794707e-01 -3.8546647502e-01
134.004 -0.00000 0.00000 -0.00000 -0.00000 0.00000 0.00000 -1.9812e-02 9.1503e-01 2.8349e-02 -2.5024e-04 4.0740e-01 -3.1865e-06 0.42643 0.44585 0.42449 0.00947 -0.01351 -0.01658 1.86393e-01 1.07946e-03 -5.7293945329e-01 -3.8546653109e-01
136.004 0.00000 0.00000 0.00000 -0.00000 0.00000 0.00000 3.4118e-02 9.1507e-01 7.6188e-03 -2.5024e-04 4.0740e-01 -3.1865e-06 0.43350 0.44586 0.41740 -0.01655 -0.00400 0.01386 1.86396e-01 1.07843e-03 -5.7294115079e-01 -3.8546659013e-01
138.004 0.00000 0.00000 -0.00000 -0.00000 0.00000 0.00000 -6.2597e-03 9.1506e-01 -3.6639e-02 -2.5024e-04 4.0740e-01 -3.1865e-06 0.41178 0.44593 0.43903 0.00227 0.01753 -0.00676 1.86399e-01 1.07715e-03 -5.7294294579e-01 -3.8546665336e-01
140.004 0.00000 -0.00000 0.00000 -0.00000 0.00000 0.00000 -3.4380e-02 9.1506e-01 1.9147e-02 -2.5024e-04 4.0740e-01 -3.1865e-06 0.43939 0.44601 0.41133 0.01627 -0.00868 -0.00178 1.86402e-01 1.07586e-03 -5.7294473520e-01 -3.8546672178e-01
142.004 -0.00000 -0.00000 -0.00000 -0.00000 0.00000 0.00000 3.0530e-02 9.1512e-01 2.6377e-02 -2.5024e-04 4.0740e-01 -3.1865e-06 0.41561 0.44604 0.43506 -0.01438 -0.01283 0.00844 1.86405e-01 1.07486e-03 -5.7294640651e-01 -3.8546679615e-01
144.004 -0.00000 0.00000 0.00000 -0.00000 0.00000 0.00000 1.4488e-02 9.1511e-01 -3.9965e-02 -2.5024e-04 4.0740e-01 -3.1865e-06 0.42829 0.44612 0.42229 -0.00753 0.01861 -0.01100 1.86407e-01 1.07442e-03 -5.7294783984e-01 -3.8546687688e-01
146.004 0.00000 0.00000 -0.00000 -0.00000 0.00000 0.00000 -4.5065e-02 9.1508e-01 -1.0641e-03 -2.5024e-04 4.0740e-01 -3.1865e-06 0.42834 0.44623 0.42211 0.02083 0.00094 0.00917 1.86407e-01 1.07468e-03 -5.7294891309e-01 -3.8546696394e-01
148.004 -0.00000 -0.00000 -0.00000 -0.00000 0.00000 0.00000 1.3381e-02 9.1511e-01 4.3959e-02 -2.5024e-04 4.0740e-01 -3.1865e-06 0.41895 0.44627 0.43145 -0.00618 -0.02066 -0.00465 1.86407e-01 1.07561e-03 -5.7294951149e-01 -3.8546705688e-01
150.004 -0.00000 0.00000 0.00000 -0.00000 0.00000 0.00000 3.7659e-02 9.1512e-01 -2.8092e-02 -2.5024e-04 4.0740e-01 -3.1865e-06 0.43094 0.44632 0.41941 -0.01800 0.01287 0.00013 1.86405e-01 1.07700e-03 -5.7294954154e-01 -3.8546715480e-01
152.004 0.00000 -0.00000 -0.00000 -0.00000 0.00000 0.00000 -4.0101e-02 9.1506e-01 -2.7846e-02 -2.5024e-04 4.0740e-01 -3.1865e-06 0.42221 0.44641 0.42804 0.01829 0.01312 0.00214 1.86403e-01 1.07844e-03 -5.7294894762e-01 -3.8546725649e-01
154.000 -0.00000 -0.00000 0.00000 -0.00000 0.00000 0.00000 -1.4782e-02 9.1507e-01 4.6725e-02 -2.5024e-04 4.0740e-01 -3.1865e-06 0.42519 0.44643 0.42505 0.00667 -0.02173 -0.00146 1.86401e-01 1.07949e-03 -5.7294773104e-01 -3.8546736032e-01
156.000 0.00000 0.00000 -0.00000 -0.00000 0.00000 0.00000 4.8299e-02 9.1510e-01 -1.2718e-03 -2.5024e-04 4.0740e-01 -3.1865e-06 0.42585 0.44640 0.42443 -0.02275 0.00064 -0.00101 1.86399e-01 1.07980e-03 -5.7294594907e-01 -3.8546746518e-01
158.000 -0.00000 0.00000 -0.00000 -0.00000 0.00000 0.00000 -1.7064e-02 9.1505e-01 -4.5554e-02 -2.5024e-04 4.0740e-01 -3.1865e-06 0.42641 0.44642 0.42386 0.00783 0.02115 0.00306 1.86397e-01 1.07924e-03 -5.7294372966e-01 -3.8546756934e-01
160.000 0.00000 0.00000 -0.00000 -0.00000 -0.00000 0.00000 -3.7826e-02 9.1503e-01 2.9569e-02 -2.5024e-04 4.0740e-01 -3.1865e-06 0.42036 0.44639 0.42996 0.01719 -0.01401 -0.00264 1.86396e-01 1.07796e-03 -5.7294125031e-01 -3.8546767138e-01
162.000 -0.00000 -0.00000 -0.00000 -0.00000 -0.00000 0.00000 3.8339e-02 9.1507e-01 2.5143e-02 -2.5024e-04 4.0740e-01 -3.1865e-06 0.43270 0.44630 0.41773 -0.01838 -0.01145 -0.00085 1.86395e-01 1.07636e-03 -5.7293871684e-01 -3.8546776999e-01
164.000 -0.00000 0.00000 0.00000 -0.00000 -0.00000 0.00000 1.0252e-02 9.1505e-01 -4.3443e-02 -2.5024e-04 4.0740e-01 -3.1865e-06 0.41816 0.44625 0.43234 -0.00466 0.02045 0.00619 1.86393e-01 1.07497e-03 -5.7293633565e-01 -3.8546786407e-01
166.000 0.00000 -0.00000 -0.00000 -0.00000 -0.00000 0.00000 -4.3365e-02 9.1501e-01 3.9033e-03 -2.5024e-04 4.0740e-01 -3.1865e-06 0.42810 0.44620 0.42246 0.02006 -0.00232 -0.01077 1.86392e-01 1.07428e-03 -5.7293428825e-01 -3.8546795278e-01
168.000 -0.00000 0.00000 0.00000 -0.00000 -0.00000 0.00000 1.6668e-02 9.1503e-01 3.7288e-02 -2.5024e-04 4.0740e-01 -3.1865e-06 0.42950 0.44609 0.42119 -0.00858 -0.01739 0.01197 1.86390e-01 1.07463e-03 -5.7293271367e-01 -3.8546803558e-01
170.000 0.00000 -0.00000 0.00000 0.00000 -0.00000 0.00000 2.7221e-02 9.1503e-01 -2.7619e-02 -2.5024e-04 4.0740e-01 -3.1865e-06 0.41427 0.44602 0.43651 -0.01285 0.01342 -0.00844 1.86387e-01 1.07615e-03 -5.7293170115e-01 -3.8546811232e-01
172.000 0.00000 -0.00000 0.00000 0.00000 -0.00000 0.00000 -3.4515e-02 9.1497e-01 -1.5580e-02 -2.5024e-04 4.0740e-01 -3.1865e-06 0.44041 0.44599 0.41040 0.01636 0.00702 0.00093 1.86384e-01 1.07874e-03 -5.7293129192e-01 -3.8546818319e-01
174.000 -0.00000 0.00000 -0.00000 0.00000 -0.00000 0.00000 -2.7784e-03 9.1498e-01 3.5662e-02 -2.5024e-04 4.0740e-01 -3.1865e-06 0.41167 0.44592 0.43923 0.00067 -0.01710 0.00795 1.86381e-01 1.08213e-03 -5.7293148703e-01 -3.8546824873e-01
176.000 0.00000 -0.00000 -0.00000 0.00000 -0.00000 0.00000 3.2165e-02 9.1498e-01 -1.0681e-02 -2.5024e-04 4.0740e-01 -3.1865e-06 0.43289 0.44587 0.41806 -0.01566 0.00540 -0.01480 1.86378e-01 1.08594e-03 -5.7293225757e-01 -3.8546830979e-01
178.000 -0.00000 0.00000 0.00000 0.00000 -0.00000 0.00000 -2.2159e-02 9.1494e-01 -2.5614e-02 -2.5024e-04 4.0740e-01 -3.1865e-06 0.42748 0.44587 0.42346 0.01055 0.01226 0.01684 1.86375e-01 1.08976e-03 -5.7293355430e-01 -3.8546836740e-01
180.000 -0.00000 -0.00000 -0.00000 0.00000 -0.00000 0.00000 -1.5791e-02 9.1493e-01 2.9298e-02 -2.5024e-04 4.0740e-01 -3.1865e-06 0.41439 0.44586 0.43657 0.00730 -0.01421 -0.01310 1.86374e-01 1.09316e-03 -5.7293531496e-01 -3.8546842278e-01
182.000 0.00000 0.00000 0.00000 -0.00000 -0.00000 0.00000 3.2358e-02 9.1496e-01 2.8445e-03 -2.5024e-04 4.0740e-01 -3.1865e-06 0.44196 0.44583 0.40901 -0.01592 -0.00145 0.00485 1.86373e-01 1.09578e-03 -5.7293746853e-01 -3.8546847725e-01
184.000 -0.00000 -0.00000 0.00000 -0.00000 -0.00000 0.00000 -1.0619e-02 9.1494e-01 -3.2015e-02 -2.5024e-04 4.0740e-01 -3.1865e-06 0.40926 0.44587 0.44166 0.00465 0.01551 0.00494 1.86374e-01 1.09732e-03 -5.7293993674e-01 -3.8546853214e-01
186.000 0.00000 0.00000 0.00000 -0.00000 -0.00000 0.00000 -2.7185e-02 9.1494e-01 2.1955e-02 -2.5024e-04 4.0740e-01 -3.1865e-06 0.43594 0.44591 0.41492 0.01298 -0.01034 -0.01270 1.86376e-01 1.09760e-03 -5.7294263334e-01 -3.8546858884e-01
188.000 -0.00000 0.00000 0.00000 0.00000 -0.00000 0.00000 3.0846e-02 9.1500e-01 1.7309e-02 -2.5024e-04 4.0740e-01 -3.1865e-06 0.42372 0.44591 0.42712 -0.01486 -0.00861 0.01574 1.86380e-01 1.09652e-03 -5.7294546225e-01 -3.8546864865e-01
190.000 0.00000 0.00000 -0.00000 0.00000 -0.00000 0.00000 4.5308e-03 9.1500e-01 -3.7178e-02 -2.5024e-04 4.0740e-01 -3.1865e-06 0.41853 0.44597 0.43223 -0.00289 0.01762 -0.01329 1.86385e-01 1.09415e-03 -5.7294831558e-01 -3.8546871279e-01
192.000 -0.00000 -0.00000 -0.00000 0.00000 -0.00000 0.00000 -3.8968e-02 9.1501e-01 8.6558e-03 -2.5024e-04 4.0740e-01 -3.1865e-06 0.43739 0.44605 0.41327 0.01829 -0.00363 0.00674 1.86392e-01 1.09066e-03 -5.7295107283e-01 -3.8546878229e-01
194.000 0.00000 0.00000 -0.00000 0.00000 -0.00000 0.00000 2.1758e-02 9.1508e-01 3.4756e-02 -2.5024e-04 4.0740e-01 -3.1865e-06 0.41286 0.44608 0.43775 -0.01013 -0.01665 0.00099 1.86398e-01 1.08639e-03 -5.7295360233e-01 -3.8546885791e-01
196.000 0.00000 -0.00000 -0.00000 0.00000 -0.00000 -0.00000 2.5912e-02 9.1511e-01 -3.4182e-02 -2.5024e-04 4.0740e-01 -3.1865e-06 0.43385 0.44614 0.41668 -0.01281 0.01575 -0.00678 1.86405e-01 1.08179e-03 -5.7295576609e-01 -3.8546894009e-01
198.000 -0.00000 0.00000 0.00000 -0.00000 -0.00000 -0.00000 -4.3221e-02 9.1510e-01 -1.4375e-02 -2.5024e-04 4.0740e-01 -3.1865e-06 0.42241 0.44624 0.42800 0.01981 0.00713 0.00873 1.86411e-01 1.07734e-03 -5.7295742837e-01 -3.8546902878e-01
200.000 0.00000 0.00000 0.00000 -0.00000 -0.00000 0.00000 -3.7212e-04 9.1515e-01 4.6551e-02 -2.5024e-04 4.0740e-01 -3.1865e-06 0.42308 0.44628 0.42728 0.00025 -0.02174 -0.00691 1.86416e-01 1.07350e-03 -5.7295846812e-01 -3.8546912347e-01
202.000 0.00000 0.00000 -0.00000 0.00000 -0.00000 -0.00000 4.4649e-02 9.1519e-01 -1.5449e-02 -2.5024e-04 4.0740e-01 -3.1865e-06 0.42925 0.44630 0.42108 -0.02116 0.00695 0.00313 1.86419e-01 1.07060e-03 -5.7295879389e-01 -3.8546922314e-01
204.000 -0.00000 0.00000 0.00000 -0.00000 0.00000 -0.00000 -3.0030e-02 9.1515e-01 -3.8642e-02 -2.5024e-04 4.0740e-01 -3.1865e-06 0.42215 0.44638 0.42810 0.01358 0.01807 0.00006 1.86420e-01 1.06879e-03 -5.7295835905e-01 -3.8546932637e-01
206.000 -0.00000 -0.00000 0.00000 -0.00000 0.00000 -0.00000 -2.8127e-02 9.1515e-01 4.0449e-02 -2.5024e-04 4.0740e-01 -3.1865e-06 0.42544 0.44640 0.42480 0.01284 -0.01880 -0.00082 1.86420e-01 1.06798e-03 -5.7295717397e-01 -3.8546943144e-01
208.000 -0.00000 -0.00000 0.00000 -0.00000 0.00000 -0.00000 4.6419e-02 9.1519e-01 1.3358e-02 -2.5024e-04 4.0740e-01 -3.1865e-06 0.42664 0.44635 0.42365 -0.02190 -0.00614 -0.00100 1.86418e-01 1.06795e-03 -5.7295531187e-01 -3.8546953656e-01
210.000 0.00000 0.00000 0.00000 -0.00000 0.00000 -0.00000 -2.7234e-03 9.1514e-01 -4.8231e-02 -2.5024e-04 4.0740e-01 -3.1865e-06 0.42443 0.44636 0.42586 0.00119 0.02245 0.00389 1.86415e-01 1.06842e-03 -5.7295290536e-01 -3.8546964000e-01
212.000 -0.00000 -0.00000 -0.00000 -0.00000 0.00000 -0.00000 -4.4654e-02 9.1510e-01 1.7037e-02 -2.5024e-04 4.0740e-01 -3.1865e-06 0.42243 0.44635 0.42790 0.02044 -0.00824 -0.00546 1.86411e-01 1.06912e-03 -5.7295013327e-01 -3.8546974022e-01
214.000 0.00000 0.00000 0.00000 -0.00000 0.00000 -0.00000 2.8879e-02 9.1513e-01 3.5212e-02 -2.5024e-04 4.0740e-01 -3.1865e-06 0.43237 0.44625 0.41807 -0.01407 -0.01621 0.00389 1.86407e-01 1.06991e-03 -5.7294719976e-01 -3.8546983600e-01
216.000 0.00000 -0.00000 0.00000 -0.00000 0.00000 -0.00000 2.2286e-02 9.1510e-01 -3.7905e-02 -2.5024e-04 4.0740e-01 -3.1865e-06 0.41534 0.44619 0.43518 -0.01035 0.01800 0.00100 1.86404e-01 1.07075e-03 -5.7294431016e-01 -3.8546992642e-01
218.000 -0.00000 0.00000 0.00000 -0.00000 0.00000 -0.00000 -4.2089e-02 9.1505e-01 -8.6278e-03 -2.5024e-04 4.0740e-01 -3.1865e-06 0.43422 0.44616 0.41636 0.01963 0.00358 -0.00746 1.86400e-01 1.07169e-03 -5.7294164873e-01 -3.8547001095e-01
220.000 -0.00000 -0.00000 -0.00000 0.00000 0.00000 -0.00000 5.1021e-03 9.1506e-01 4.0084e-02 -2.5024e-04 4.0740e-01 -3.1865e-06 0.42166 0.44606 0.42903 -0.00318 -0.01887 0.01258 1.86396e-01 1.07278e-03 -5.7293936269e-01 -3.8547008938e-01
222.000 0.00000 0.00000 0.00000 -0.00000 0.00000 -0.00000 3.3421e-02 9.1506e-01 -1.8298e-02 -2.5024e-04 4.0740e-01 -3.1865e-06 0.42113 0.44598 0.42966 -0.01593 0.00909 -0.01369 1.86393e-01 1.07405e-03 -5.7293755427e-01 -3.8547016185e-01
224.000 -0.00000 -0.00000 -0.00000 -0.00000 0.00000 -0.00000 -2.8389e-02 9.1501e-01 -2.4136e-02 -2.5024e-04 4.0740e-01 -3.1865e-06 0.43732 0.44596 0.41351 0.01355 0.01120 0.00966 1.86391e-01 1.07546e-03 -5.7293628050e-01 -3.8547022882e-01
226.000 0.00000 0.00000 -0.00000 -0.00000 0.00000 -0.00000 -1.2408e-02 9.1501e-01 3.3260e-02 -2.5024e-04 4.0740e-01 -3.1865e-06 0.40939 0.44590 0.44150 0.00533 -0.01607 -0.00155 1.86388e-01 1.07690e-03 -5.7293555837e-01 -3.8547029102e-01
228.000 -0.00000 0.00000 -0.00000 -0.00000 0.00000 -0.00000 3.3546e-02 9.1503e-01 -1.3418e-03 -2.5024e-04 4.0740e-01 -3.1865e-06 0.44023 0.44583 0.41073 -0.01642 0.00089 -0.00782 1.86387e-01 1.07824e-03 -5.7293537287e-01 -3.8547034941e-01
230.000 -0.00000 -0.00000 0.00000 -0.00000 0.00000 -0.00000 -1.4396e-02 9.1500e-01 -3.0378e-02 -2.5024e-04 4.0740e-01 -3.1865e-06 0.41732 0.44584 0.43363 0.00679 0.01463 0.01494 1.86386e-01 1.07930e-03 -5.7293568533e-01 -3.8547040512e-01
232.000 -0.00000 -0.00000 -0.00000 -0.00000 0.00000 -0.00000 -2.3137e-02 9.1499e-01 2.4180e-02 -2.5024e-04 4.0740e-01 -3.1865e-06 0.42403 0.44583 0.42693 0.01090 -0.01172 -0.01709 1.86386e-01 1.07994e-03 -5.7293644053e-01 -3.8547045939e-01
234.000 0.00000 -0.00000 -0.00000 -0.00000 0.00000 -0.00000 3.0619e-02 9.1503e-01 1.1665e-02 -2.5024e-04 4.0740e-01 -3.1865e-06 0.43607 0.44581 0.41491 -0.01504 -0.00574 0.01340 1.86387e-01 1.08005e-03 -5.7293757177e-01 -3.8547051357e-01
236.000 0.00000 -0.00000 0.00000 -0.00000 0.00000 -0.00000 -1.6151e-03 9.1502e-01 -3.3974e-02 -2.5024e-04 4.0740e-01 -3.1865e-06 0.40956 0.44585 0.44137 0.00025 0.01638 -0.00527 1.86389e-01 1.07963e-03 -5.7293900366e-01 -3.8547056901e-01
238.000 0.00000 0.00000 0.00000 -0.00000 0.00000 -0.00000 -3.2709e-02 9.1501e-01 1.4095e-02 -2.5024e-04 4.0740e-01 -3.1865e-06 0.44108 0.44590 0.40979 0.01556 -0.00647 -0.00424 1.86391e-01 1.07872e-03 -5.7294065311e-01 -3.8547062704e-01
240.000 0.00000 -0.00000 0.00000 -0.00000 0.00000 -0.00000 2.5345e-02 9.1506e-01 2.5818e-02 -2.5024e-04 4.0740e-01 -3.1865e-06 0.41522 0.44591 0.43563 -0.01210 -0.01262 0.01162 1.86394e-01 1.07748e-03 -5.7294242883e-01 -3.8547068890e-01
242.000 0.00000 0.00000 -0.00000 -0.00000 0.00000 -0.00000 1.5057e-02 9.1507e-01 -3.4995e-02 -2.5024e-04 4.0740e-01 -3.1865e-06 0.42734 0.44597 0.42342 -0.00785 0.01643 -0.01436 1.86397e-01 1.07617e-03 -5.7294423052e-01 -3.8547075568e-01
244.000 0.00000 0.00000 0.00000 -0.00000 0.00000 -0.00000 -4.0680e-02 9.1505e-01 -2.6364e-03 -2.5024e-04 4.0740e-01 -3.1865e-06 0.43111 0.44607 0.41954 0.01893 0.00174 0.01194 1.86400e-01 1.07506e-03 -5.7294594836e-01 -3.8547082822e-01
246.000 -0.00000 -0.00000 -0.00000 -0.00000 0.00000 -0.00000 1.1096e-02 9.1509e-01 4.0481e-02 -2.5024e-04 4.0740e-01 -3.1865e-06 0.41507 0.44611 0.43552 -0.00504 -0.01920 -0.00597 1.86402e-01 1.07443e-03 -5.7294746424e-01 -3.8547090703e-01
248.000 -0.00000 -0.00000 0.00000 -0.00000 0.00000 -0.00000 3.5273e-02 9.1511e-01 -2.5523e-02 -2.5024e-04 4.0740e-01 -3.1865e-06 0.43545 0.44617 0.41506 -0.01708 0.01160 -0.00066 1.86403e-01 1.07447e-03 -5.7294865591e-01 -3.8547099223e-01
250.000 -0.00000 0.00000 0.00000 -0.00000 0.00000 -0.00000 -3.7742e-02 9.1506e-01 -2.6532e-02 -2.5024e-04 4.0740e-01 -3.1865e-06 0.41858 0.44629 0.43180 0.01714 0.01273 0.00514 1.86403e-01 1.07523e-03 -5.7294940519e-01 -3.8547108348e-01
252.000 -0.00000 0.00000 -0.00000 -0.00000 0.00000 -0.00000 -1.4111e-02 9.1507e-01 4.5076e-02 -2.5024e-04 4.0740e-01 -3.1865e-06 0.42702 0.44634 0.42330 0.00661 -0.02095 -0.00608 1.86402e-01 1.07651e-03 -5.7294961065e-01 -3.8547118001e-01
254.000 0.00000 -0.00000 0.00000 -0.00000 0.00000 -0.00000 4.7533e-02 9.1510e-01 -1.5674e-03 -2.5024e-04 4.0740e-01 -3.1865e-06 0.42660 0.44636 0.42370 -0.02243 0.00051 0.00400 1.86400e-01 1.07798e-03 -5.7294920374e-01 -3.8547128070e-01
256.000 0.00000 -0.00000 0.00000 -0.00000 0.00000 -0.00000 -1.7492e-02 9.1505e-01 -4.5717e-02 -2.5024e-04 4.0740e-01 -3.1865e-06 0.42325 0.44643 0.42699 0.00777 0.02131 -0.00094 1.86398e-01 1.07920e-03 -5.7294816544e-01 -3.8547138417e-01
258.000 0.00000 0.00000 -0.00000 -0.00000 0.00000 -0.00000 -3.8716e-02 9.1503e-01 3.0597e-02 -2.5024e-04 4.0740e-01 -3.1865e-06 0.42494 0.44646 0.42527 0.01773 -0.01426 -0.00076 1.86395e-01 1.07975e-03 -5.7294653868e-01 -3.8547148891e-01
260.000 0.00000 -0.00000 -0.00000 -0.00000 0.00000 -0.00000 4.0277e-02 9.1507e-01 2.6360e-02 -2.5024e-04 4.0740e-01 -3.1865e-06 0.42783 0.44640 0.42245 -0.01910 -0.01216 -0.00023 1.86393e-01 1.07944e-03 -5.7294443162e-01 -3.8547159339e-01
262.000 -0.00000 -0.00000 0.00000 -0.00000 0.00000 -0.00000 1.1307e-02 9.1504e-01 -4.6378e-02 -2.5024e-04 4.0740e-01 -3.1865e-06 0.42176 0.44639 0.42855 -0.00531 0.02167 0.00345 1.86392e-01 1.07834e-03 -5.7294200868e-01 -3.8547169616e-01
264.000 0.00000 0.00000 -0.00000 -0.00000 0.00000 -0.00000 -4.7151e-02 9.1500e-01 3.4700e-03 -2.5024e-04 4.0740e-01 -3.1865e-06 0.42617 0.44637 0.42418 0.02171 -0.00197 -0.00686 1.86391e-01 1.07678e-03 -5.7293947017e-01 -3.8547179587e-01
266.000 -0.00000 0.00000 -0.00000 -0.00000 0.00000 -0.00000 1.7186e-02 9.1503e-01 4.1606e-02 -2.5024e-04 4.0740e-01 -3.1865e-06 0.42919 0.44627 0.42128 -0.00870 -0.01931 0.00797 1.86390e-01 1.07527e-03 -5.7293702516e-01 -3.8547189135e-01
268.000 -0.00000 -0.00000 0.00000 -0.00000 0.00000 -0.00000 3.1671e-02 9.1504e-01 -2.9239e-02 -2.5024e-04 4.0740e-01 -3.1865e-06 0.41601 0.44619 0.43456 -0.01484 0.01406 -0.00524 1.86389e-01 1.07433e-03 -5.7293486467e-01 -3.8547198167e-01
270.000 0.00000 -0.00000 -0.00000 -0.00000 0.00000 -0.00000 -3.7212e-02 9.1498e-01 -1.9771e-02 -2.5024e-04 4.0740e-01 -3.1865e-06 0.43750 0.44616 0.41313 0.01750 0.00888 -0.00097 1.86387e-01 1.07436e-03 -5.7293314137e-01 -3.8547206620e-01
272.000 -0.00000 -0.00000 -0.00000 -0.00000 0.00000 -0.00000 -6.3977e-03 9.1499e-01 3.9283e-02 -2.5024e-04 4.0740e-01 -3.1865e-06 0.41469 0.44607 0.43604 0.00226 -0.01866 0.00844 1.86384e-01 1.07553e-03 -5.7293195923e-01 -3.8547214469e-01
274.000 -0.00000 0.00000 -0.00000 -0.00000 0.00000 -0.00000 3.6485e-02 9.1500e-01 -7.8383e-03 -2.5024e-04 4.0740e-01 -3.1865e-06 0.43001 0.44598 0.42082 -0.01754 0.00416 -0.01402 1.86381e-01 1.07783e-03 -5.7293137289e-01 -3.8547221721e-01
276.000 -0.00000 0.00000 -0.00000 -0.00000 0.00000 -0.00000 -2.0194e-02 9.1495e-01 -3.0399e-02 -2.5024e-04 4.0740e-01 -3.1865e-06 0.42959 0.44596 0.42127 0.00971 0.01433 0.01510 1.86378e-01 1.08102e-03 -5.7293139416e-01 -3.8547228423e-01
278.000 0.00000 -0.00000 -0.00000 -0.00000 0.00000 -0.00000 -2.0837e-02 9.1494e-01 2.8239e-02 -2.5024e-04 4.0740e-01 -3.1865e-06 0.41311 0.44592 0.43779 0.00947 -0.01376 -0.01076 1.86375e-01 1.08475e-03 -5.7293200181e-01 -3.8547234648e-01
280.000 -0.00000 -0.00000 0.00000 -0.00000 0.00000 -0.00000 3.2201e-02 9.1496e-01 7.9867e-03 -2.5024e-04 4.0740e-01 -3.1865e-06 0.44220 0.44586 0.40876 -0.01586 -0.00365 0.00226 1.86372e-01 1.08860e-03 -5.7293315165e-01 -3.8547240498e-01
282.000 -0.00000 -0.00000 -0.00000 -0.00000 0.00000 -0.00000 -5.5205e-03 9.1492e-01 -3.2749e-02 -2.5024e-04 4.0740e-01 -3.1865e-06 0.41004 0.44586 0.44091 0.00247 0.01582 0.00742 1.86370e-01 1.09216e-03 -5.7293478460e-01 -3.8547246087e-01
284.000 -0.00000 -0.00000 0.00000 -0.00000 0.00000 0.00000 -2.8806e-02 9.1490e-01 1.7038e-02 -2.5024e-04 4.0740e-01 -3.1865e-06 0.43428 0.44587 0.41665 0.01367 -0.00823 -0.01473 1.86369e-01 1.09504e-03 -5.7293683190e-01 -3.8547251546e-01
286.000 0.00000 0.00000 0.00000 -0.00000 0.00000 0.00000 2.6273e-02 9.1494e-01 1.9805e-02 -2.5024e-04 4.0740e-01 -3.1865e-06 0.42621 0.44585 0.42473 -0.01288 -0.00969 0.01701 1.86370e-01 1.09692e-03 -5.7293921731e-01 -3.8547257010e-01
288.000 -0.00000 -0.00000 0.00000 -0.00000 0.00000 -0.00000 7.8561e-03 9.1494e-01 -3.3147e-02 -2.5024e-04 4.0740e-01 -3.1865e-06 0.41570 0.44589 0.43519 -0.00433 0.01588 -0.01349 1.86372e-01 1.09758e-03 -5.7294185700e-01 -3.8547262613e-01
290.000 -0.00000 -0.00000 -0.00000 -0.00000 0.00000 -0.00000 -3.5699e-02 9.1493e-01 4.6210e-03 -2.5024e-04 4.0740e-01 -3.1865e-06 0.44039 0.44595 0.41042 0.01688 -0.00185 0.00568 1.86375e-01 1.09690e-03 -5.7294465787e-01 -3.8547268491e-01
292.000 0.00000 0.00000 -0.00000 -0.00000 0.00000 -0.00000 1.7232e-02 9.1499e-01 3.2451e-02 -2.5024e-04 4.0740e-01 -3.1865e-06 0.41055 0.44596 0.44022 -0.00812 -0.01568 0.00336 1.86380e-01 1.09488e-03 -5.7294751555e-01 -3.8547274768e-01
294.000 0.00000 -0.00000 -0.00000 -0.00000 0.00000 -0.00000 2.4700e-02 9.1502e-01 -2.9485e-02 -2.5024e-04 4.0740e-01 -3.1865e-06 0.43516 0.44601 0.41555 -0.01235 0.01366 -0.01024 1.86386e-01 1.09169e-03 -5.7295031309e-01 -3.8547281553e-01
296.000 0.00000 0.00000 0.00000 -0.00000 0.00000 -0.00000 -3.8740e-02 9.1501e-01 -1.4251e-02 -2.5024e-04 4.0740e-01 -3.1865e-06 0.42301 0.44611 0.42758 0.01783 0.00719 0.01269 1.86392e-01 1.08761e-03 -5.7295292167e-01 -3.8547288932e-01
298.000 0.00000 -0.00000 -0.00000 -0.00000 0.00000 -0.00000 -1.1592e-03 9.1507e-01 4.2672e-02 -2.5024e-04 4.0740e-01 -3.1865e-06 0.42070 0.44615 0.42983 0.00075 -0.02006 -0.01043 1.86399e-01 1.08306e-03 -5.7295520439e-01 -3.8547296958e-01
300.000 0.00000 0.00000 -0.00000 -0.00000 0.00000 -0.00000 4.1666e-02 9.1513e-01 -1.4096e-02 -2.5024e-04 4.0740e-01 -3.1865e-06 0.43343 0.44619 0.41704 -0.01993 0.00618 0.00520 1.86405e-01 1.07852e-03 -5.7295702374e-01 -3.8547305641e-01
302.000 0.00000 0.00000 -0.00000 -0.00000 0.00000 -0.00000 -2.8572e-02 9.1511e-01 -3.6672e-02 -2.5024e-04 4.0740e-01 -3.1865e-06 0.41737 0.44629 0.43298 0.01277 0.01736 0.00025 1.86411e-01 1.07447e-03 -5.7295825303e-01 -3.8547314943e-01
304.000 0.00000 -0.00000 0.00000 -0.00000 0.00000 -0.00000 -2.7061e-02 9.1513e-01 3.9365e-02 -2.5024e-04 4.0740e-01 -3.1865e-06 0.42973 0.44634 0.42056 0.01258 -0.01820 -0.00345 1.86414e-01 1.07128e-03 -5.7295879074e-01 -3.8547324777e-01
306.000 0.00000 -0.00000 0.00000 -0.00000 0.00000 -0.00000 4.6088e-02 9.1518e-01 1.2870e-02 -2.5024e-04 4.0740e-01 -3.1865e-06 0.42419 0.44634 0.42610 -0.02168 -0.00617 0.00346 1.86416e-01 1.06915e-03 -5.7295857593e-01 -3.8547335011e-01
308.000 -0.00000 -0.00000 -0.00000 -0.00000 0.00000 -0.00000 -3.1059e-03 9.1515e-01 -4.8833e-02 -2.5024e-04 4.0740e-01 -3.1865e-06 0.42431 0.44639 0.42593 0.00110 0.02272 -0.00119 1.86416e-01 1.06807e-03 -5.7295760174e-01 -3.8547345480e-01
310.000 0.00000 -0.00000 0.00000 -0.00000 0.00000 -0.00000 -4.6118e-02 9.1512e-01 1.7816e-02 -2.5024e-04 4.0740e-01 -3.1865e-06 0.42492 0.44642 0.42530 0.02116 -0.00834 -0.00118 1.86415e-01 1.06785e-03 -5.7295592326e-01 -3.8547356006e-01
312.000 -0.00000 -0.00000 0.00000 -0.00000 0.00000 -0.00000 3.0461e-02 9.1515e-01 3.7242e-02 -2.5024e-04 4.0740e-01 -3.1865e-06 0.42814 0.44636 0.42215 -0.01459 -0.01723 0.00151 1.86412e-01 1.06821e-03 -5.7295365700e-01 -3.8547366411e-01
314.000 0.00000 -0.00000 -0.00000 -0.00000 0.00000 0.00000 2.4435e-02 9.1513e-01 -4.0507e-02 -2.5024e-04 4.0740e-01 -3.1865e-06 0.41978 0.44633 0.43056 -0.01143 0.01903 0.00106 1.86408e-01 1.06886e-03 -5.7295097040e-01 -3.8547376536e-01
316.000 0.00000 -0.00000 0.00000 -0.00000 0.00000 -0.00000 -4.5701e-02 9.1507e-01 -1.0417e-02 -2.5024e-04 4.0740e-01 -3.1865e-06 0.43036 0.44632 0.42000 0.02116 0.00450 -0.00550 1.86405e-01 1.06963e-03 -5.7294806276e-01 -3.8547386249e-01
318.000 0.00000 0.00000 -0.00000 -0.00000 -0.00000 -0.00000 4.0783e-03 9.1508e-01 4.4496e-02 -2.5024e-04 4.0740e-01 -3.1865e-06 0.42377 0.44623 0.42670 -0.00262 -0.02079 0.00937 1.86401e-01 1.07046e-03 -5.7294514150e-01 -3.8547395449e-01
320.000 0.00000 -0.00000 -0.00000 -0.00000 -0.00000 0.00000 3.8296e-02 9.1508e-01 -1.8298e-02 -2.5024e-04 4.0740e-01 -3.1865e-06 0.42055 0.44614 0.43004 -0.01808 0.00902 -0.01013 1.86397e-01 1.07136e-03 -5.7294239886e-01 -3.8547404071e-01
322.000 0.00000 -0.00000 -0.00000 -0.00000 -0.00000 0.00000 -2.9505e-02 9.1502e-01 -2.9100e-02 -2.5024e-04 4.0740e-01 -3.1865e-06 0.43620 0.44611 0.41443 0.01400 0.01339 0.00653 1.86393e-01 1.07240e-03 -5.7293999381e-01 -3.8547412086e-01
324.000 0.00000 -0.00000 -0.00000 -0.00000 -0.00000 0.00000 -1.7122e-02 9.1501e-01 3.5438e-02 -2.5024e-04 4.0740e-01 -3.1865e-06 0.41138 0.44603 0.43935 0.00740 -0.01701 0.00068 1.86390e-01 1.07362e-03 -5.7293804180e-01 -3.8547419498e-01
326.000 0.00000 -0.00000 0.00000 -0.00000 -0.00000 0.00000 3.6640e-02 9.1503e-01 2.8659e-03 -2.5024e-04 4.0740e-01 -3.1865e-06 0.43757 0.44594 0.41327 -0.01777 -0.00094 -0.00893 1.86387e-01 1.07499e-03 -5.7293661246e-01 -3.8547426345e-01
328.000 0.00000 0.00000 0.00000 -0.00000 -0.00000 0.00000 -1.0860e-02 9.1499e-01 -3.4205e-02 -2.5024e-04 4.0740e-01 -3.1865e-06 0.41996 0.44592 0.43091 0.00527 0.01628 0.01494 1.86385e-01 1.07644e-03 -5.7293573349e-01 -3.8547432692e-01
330.000 -0.00000 0.00000 0.00000 -0.00000 -0.00000 -0.00000 -2.7522e-02 9.1497e-01 2.1408e-02 -2.5024e-04 4.0740e-01 -3.1865e-06 0.42162 0.44589 0.42929 0.01279 -0.01053 -0.01609 1.86383e-01 1.07782e-03 -5.7293539817e-01 -3.8547438628e-01
332.000 0.00000 -0.00000 -0.00000 -0.00000 -0.00000 -0.00000 2.8665e-02 9.1500e-01 1.6455e-02 -2.5024e-04 4.0740e-01 -3.1865e-06 0.43786 0.44583 0.41311 -0.01420 -0.00780 0.01160 1.86382e-01 1.07897e-03 -5.7293557377e-01 -3.8547444262e-01
334.000 -0.00000 0.00000 0.00000 -0.00000 -0.00000 -0.00000 3.4468e-03 9.1499e-01 -3.2883e-02 -2.5024e-04 4.0740e-01 -3.1865e-06 0.40859 0.44583 0.44237 -0.00192 0.01591 -0.00290 1.86382e-01 1.07974e-03 -5.7293620919e-01 -3.8547449717e-01
336.000 -0.00000 -0.00000 -0.00000 -0.00000 -0.00000 -0.00000 -3.2531e-02 9.1497e-01 8.8999e-03 -2.5024e-04 4.0740e-01 -3.1865e-06 0.44112 0.44585 0.40982 0.01548 -0.00423 -0.00688 1.86383e-01 1.08001e-03 -5.7293724059e-01 -3.8547455124e-01
338.000 -0.00000 0.00000 -0.00000 -0.00000 -0.00000 -0.00000 2.0187e-02 9.1501e-01 2.6603e-02 -2.5024e-04 4.0740e-01 -3.1865e-06 0.41633 0.44584 0.43461 -0.00987 -0.01295 0.01417 1.86384e-01 1.07974e-03 -5.7293859486e-01 -3.8547460619e-01
340.000 -0.00000 -0.00000 0.00000 -0.00000 -0.00000 -0.00000 1.6822e-02 9.1502e-01 -3.0095e-02 -2.5024e-04 4.0740e-01 -3.1865e-06 0.42529 0.44587 0.42562 -0.00863 0.01430 -0.01640 1.86387e-01 1.07896e-03 -5.7294019102e-01 -3.8547466335e-01
342.000 -0.00000 0.00000 0.00000 -0.00000 -0.00000 -0.00000 -3.6302e-02 9.1500e-01 -5.3245e-03 -2.5024e-04 4.0740e-01 -3.1865e-06 0.43419 0.44594 0.41662 0.01703 0.00294 0.01300 1.86389e-01 1.07779e-03 -5.7294194016e-01 -3.8547472400e-01
344.000 -0.00000 -0.00000 0.00000 -0.00000 -0.00000 -0.00000 7.6506e-03 9.1504e-01 3.6895e-02 -2.5024e-04 4.0740e-01 -3.1865e-06 0.41172 0.44597 0.43905 -0.00349 -0.01766 -0.00562 1.86392e-01 1.07648e-03 -5.7294374455e-01 -3.8547478929e-01
346.000 0.00000 0.00000 0.00000 -0.00000 -0.00000 -0.00000 3.2699e-02 9.1507e-01 -2.1611e-02 -2.5024e-04 4.0740e-01 -3.1865e-06 0.43874 0.44601 0.41197 -0.01601 0.00982 -0.00266 1.86395e-01 1.07528e-03 -5.7294549700e-01 -3.8547486013e-01
348.000 -0.00000 -0.00000 0.00000 -0.00000 -0.00000 -0.00000 -3.3756e-02 9.1504e-01 -2.5065e-02 -2.5024e-04 4.0740e-01 -3.1865e-06 0.41660 0.44613 0.43398 0.01533 0.01220 0.00866 1.86398e-01 1.07449e-03 -5.7294708143e-01 -3.8547493713e-01
350.000 -0.00000 0.00000 -0.00000 -0.00000 -0.00000 -0.00000 -1.3671e-02 9.1506e-01 4.1448e-02 -2.5024e-04 4.0740e-01 -3.1865e-06 0.42731 0.44619 0.42319 0.00658 -0.01933 -0.01047 1.86399e-01 1.07434e-03 -5.7294837610e-01 -3.8547502053e-01
352.000 0.00000 -0.00000 -0.00000 -0.00000 -0.00000 -0.00000 4.4639e-02 9.1510e-01 -1.2577e-03 -2.5024e-04 4.0740e-01 -3.1865e-06 0.42873 0.44623 0.42172 -0.02118 0.00018 0.00819 1.86399e-01 1.07490e-03 -5.7294926061e-01 -3.8547511011e-01
354.000 -0.00000 0.00000 -0.00000 -0.00000 -0.00000 -0.00000 -1.6865e-02 9.1505e-01 -4.3778e-02 -2.5024e-04 4.0740e-01 -3.1865e-06 0.41928 0.44634 0.43105 0.00728 0.02055 -0.00371 1.86398e-01 1.07607e-03 -5.7294962730e-01 -3.8547520523e-01
356.000 0.00000 0.00000 -0.00000 -0.00000 -0.00000 -0.00000 -3.7726e-02 9.1503e-01 3.0153e-02 -2.5024e-04 4.0740e-01 -3.1865e-06 0.42996 0.44641 0.42030 0.01746 -0.01387 -0.00032 1.86397e-01 1.07753e-03 -5.7294939669e-01 -3.8547530485e-01
358.000 -0.00000 0.00000 -0.00000 -0.00000 -0.00000 -0.00000 4.0458e-02 9.1507e-01 2.6072e-02 -2.5024e-04 4.0740e-01 -3.1865e-06 0.42323 0.44640 0.42704 -0.01904 -0.01225 0.00188 1.86394e-01 1.07886e-03 -5.7294853434e-01 -3.8547540765e-01
360.000 -0.00000 0.00000 0.00000 -0.00000 -0.00000 -0.00000 1.1292e-02 9.1504e-01 -4.7454e-02 -2.5024e-04 4.0740e-01 -3.1865e-06 0.42464 0.44644 0.42560 -0.00555 0.02208 -0.00062 1.86392e-01 1.07962e-03 -5.7294706500e-01 -3.8547551215e-01
362.000 -0.00000 -0.00000 0.00000 -0.00000 -0.00000 -0.00000 -4.9156e-02 9.1499e-01 3.7171e-03 -2.5024e-04 4.0740e-01 -3.1865e-06 0.42560 0.44647 0.42462 0.02260 -0.00184 -0.00202 1.86390e-01 1.07956e-03 -5.7294507888e-01 -3.8547561683e-01
364.000 0.00000 0.00000 -0.00000 -0.00000 -0.00000 -0.00000 1.8118e-02 9.1503e-01 4.4330e-02 -2.5024e-04 4.0740e-01 -3.1865e-06 0.42726 0.44640 0.42303 -0.00891 -0.02057 0.00370 1.86388e-01 1.07866e-03 -5.7294272624e-01 -3.8547572018e-01
366.000 0.00000 0.00000 0.00000 -0.00000 -0.00000 -0.00000 3.4732e-02 9.1503e-01 -3.1153e-02 -2.5024e-04 4.0740e-01 -3.1865e-06 0.41936 0.44635 0.43101 -0.01628 0.01477 -0.00254 1.86387e-01 1.07718e-03 -5.7294019986e-01 -3.8547582084e-01
368.000 0.00000 0.00000 -0.00000 -0.00000 -0.00000 -0.00000 -4.0197e-02 9.1498e-01 -2.2713e-02 -2.5024e-04 4.0740e-01 -3.1865e-06 0.43337 0.44633 0.41703 0.01872 0.01027 -0.00168 1.86386e-01 1.07561e-03 -5.7293770919e-01 -3.8547591758e-01
370.000 0.00000 0.00000 -0.00000 -0.00000 -0.00000 -0.00000 -8.7980e-03 9.1499e-01 4.3228e-02 -2.5024e-04 4.0740e-01 -3.1865e-06 0.41817 0.44624 0.43235 0.00340 -0.02036 0.00732 1.86385e-01 1.07446e-03 -5.7293545269e-01 -3.8547600939e-01
372.000 -0.00000 -0.00000 0.00000 -0.00000 -0.00000 -0.00000 4.1137e-02 9.1502e-01 -6.2897e-03 -2.5024e-04 4.0740e-01 -3.1865e-06 0.42741 0.44614 0.42322 -0.01957 0.00343 -0.01163 1.86383e-01 1.07419e-03 -5.7293359526e-01 -3.8547609557e-01
374.000 -0.00000 -0.00000 -0.00000 -0.00000 -0.00000 -0.00000 -1.9664e-02 9.1497e-01 -3.5439e-02 -2.5024e-04 4.0740e-01 -3.1865e-06 0.43064 0.44610 0.42004 0.00945 0.01653 0.01212 1.86381e-01 1.07503e-03 -5.7293225496e-01 -3.8547617573e-01
376.000 -0.00000 0.00000 -0.00000 -0.00000 -0.00000 -0.00000 -2.5951e-02 9.1495e-01 2.8761e-02 -2.5024e-04 4.0740e-01 -3.1865e-06 0.41322 0.44604 0.43754 0.01169 -0.01398 -0.00780 1.86378e-01 1.07703e-03 -5.7293149986e-01 -3.8547624988e-01
378.000 0.00000 -0.00000 0.00000 -0.00000 -0.00000 -0.00000 3.3710e-02 9.1497e-01 1.2915e-02 -2.5024e-04 4.0740e-01 -3.1865e-06 0.44087 0.44595 0.40999 -0.01651 -0.00578 -0.00022 1.86375e-01 1.08000e-03 -5.7293135284e-01 -3.8547631836e-01
380.000 0.00000 -0.00000 0.00000 -0.00000 -0.00000 -0.00000 -9.6786e-04 9.1493e-01 -3.5135e-02 -2.5024e-04 4.0740e-01 -3.1865e-06 0.41207 0.44593 0.43883 0.00051 0.01686 0.00912 1.86372e-01 1.08362e-03 -5.7293180087e-01 -3.8547638184e-01
382.000 -0.00000 -0.00000 0.00000 -0.00000 -0.00000 -0.00000 -3.1952e-02 9.1490e-01 1.2991e-02 -2.5024e-04 4.0740e-01 -3.1865e-06 0.43179 0.44591 0.41912 0.01503 -0.00650 -0.01549 1.86369e-01 1.08748e-03 -5.7293280525e-01 -3.8547644127e-01
384.000 0.00000 0.00000 -0.00000 -0.00000 -0.00000 -0.00000 2.2832e-02 9.1492e-01 2.3605e-02 -2.5024e-04 4.0740e-01 -3.1865e-06 0.42878 0.44586 0.42218 -0.01141 -0.01131 0.01676 1.86367e-01 1.09116e-03 -5.7293431039e-01 -3.8547649776e-01
386.000 -0.00000 -0.00000 0.00000 -0.00000 -0.00000 -0.00000 1.2214e-02 9.1491e-01 -3.0407e-02 -2.5024e-04 4.0740e-01 -3.1865e-06 0.41343 0.44586 0.43751 -0.00620 0.01470 -0.01226 1.86365e-01 1.09426e-03 -5.7293624986e-01 -3.8547655258e-01
388.000 0.00000 0.00000 -0.00000 -0.00000 -0.00000 -0.00000 -3.3769e-02 9.1488e-01 -1.8556e-04 -2.5024e-04 4.0740e-01 -3.1865e-06 0.44214 0.44589 0.40876 0.01605 0.00021 0.00358 1.86366e-01 1.09644e-03 -5.7293854937e-01 -3.8547660707e-01
390.000 -0.00000 0.00000 0.00000 -0.00000 -0.00000 -0.00000 1.2128e-02 9.1492e-01 3.1448e-02 -2.5024e-04 4.0740e-01 -3.1865e-06 0.40983 0.44589 0.44106 -0.00592 -0.01524 0.00609 1.86367e-01 1.09745e-03 -5.7294112725e-01 -3.8547666258e-01
392.000 -0.00000 -0.00000 0.00000 -0.00000 -0.00000 -0.00000 2.4717e-02 9.1494e-01 -2.4299e-02 -2.5024e-04 4.0740e-01 -3.1865e-06 0.43481 0.44591 0.41604 -0.01237 0.01140 -0.01324 1.86370e-01 1.09715e-03 -5.7294389313e-01 -3.8547672047e-01
394.000 -0.00000 0.00000 0.00000 -0.00000 -0.00000 -0.00000 -3.3755e-02 9.1493e-01 -1.5316e-02 -2.5024e-04 4.0740e-01 -3.1865e-06 0.42486 0.44599 0.42590 0.01566 0.00770 0.01545 1.86374e-01 1.09549e-03 -5.7294674587e-01 -3.8547678202e-01
396.000 -0.00000 -0.00000 -0.00000 -0.00000 -0.00000 -0.00000 -3.1906e-03 9.1497e-01 3.8208e-02 -2.5024e-04 4.0740e-01 -3.1865e-06 0.41776 0.44602 0.43294 0.00170 -0.01813 -0.01231 1.86380e-01 1.09260e-03 -5.7294957195e-01 -3.8547684836e-01
398.000 -0.00000 0.00000 -0.00000 -0.00000 -0.00000 -0.00000 3.8022e-02 9.1503e-01 -1.1323e-02 -2.5024e-04 4.0740e-01 -3.1865e-06 0.43737 0.44605 0.41328 -0.01838 0.00488 0.00556 1.86387e-01 1.08874e-03 -5.7295224558e-01 -3.8547692043e-01
400.000 -0.00000 -0.00000 0.00000 -0.00000 -0.00000 -0.00000 -2.5416e-02 9.1502e-01 -3.4054e-02 -2.5024e-04 4.0740e-01 -3.1865e-06 0.41357 0.44615 0.43695 0.01128 0.01631 0.00182 1.86393e-01 1.08427e-03 -5.7295463147e-01 -3.8547699886e-01
