# t x y z vx vy vz omx omy omz llx lly llz Ixx Iyy Izz Ixy Iyz Ixz KErot PEspr PEgrav Etot
0.000 -0.00000 -0.00000 -0.00000 -0.00000 -0.00000 0.00000 3.6403e-02 9.2026e-01 -4.2368e-02 -2.5037e-04 4.0810e-01 -4.3931e-05 0.43078 0.44506 0.43048 -0.01738 0.01983 -0.00143 1.87776e-01 2.57538e-29 -5.7114210767e-01 -3.8336573807e-01
2.000 0.00000 -0.00000 -0.00000 0.00000 -0.00000 -0.00000 -5.2032e-02 9.1864e-01 -2.1366e-02 -2.5037e-04 4.0810e-01 -4.3931e-05 0.43210 0.44585 0.42654 0.02419 0.00984 -0.00057 1.87484e-01 3.39631e-04 -5.7156320666e-01 -3.8373991754e-01
4.004 0.00000 -0.00000 -0.00000 0.00000 -0.00000 0.00000 -3.8568e-03 9.1809e-01 5.4521e-02 -2.5037e-04 4.0810e-01 -4.3931e-05 0.42659 0.44604 0.43188 0.00123 -0.02568 0.00487 1.87339e-01 4.53073e-04 -5.7156281418e-01 -3.8377108835e-01
6.004 0.00000 -0.00000 -0.00000 0.00000 -0.00000 0.00000 5.0691e-02 9.1822e-01 -1.4330e-02 -2.5037e-04 4.0810e-01 -4.3931e-05 0.42781 0.44589 0.43081 -0.02401 0.00712 -0.00799 1.87357e-01 4.32188e-04 -5.7156411925e-01 -3.8377488381e-01
8.004 0.00000 0.00000 0.00000 0.00000 -0.00000 0.00000 -2.9721e-02 9.1826e-01 -4.2184e-02 -2.5037e-04 4.0810e-01 -4.3931e-05 0.43711 0.44579 0.42161 0.01420 0.01955 0.00715 1.87376e-01 4.13358e-04 -5.7156509693e-01 -3.8377534390e-01
10.000 -0.00000 -0.00000 -0.00000 0.00000 -0.00000 0.00000 -2.9269e-02 9.1828e-01 3.9469e-02 -2.5037e-04 4.0810e-01 -4.3931e-05 0.41679 0.44566 0.44206 0.01308 -0.01910 -0.00167 1.87379e-01 4.10882e-04 -5.7156528646e-01 -3.8377548350e-01
12.000 0.00000 -0.00000 0.00000 0.00000 -0.00000 0.00000 4.4033e-02 9.1831e-01 1.2655e-02 -2.5037e-04 4.0810e-01 -4.3931e-05 0.44251 0.44551 0.41650 -0.02140 -0.00546 -0.00673 1.87376e-01 4.13527e-04 -5.7156546369e-01 -3.8377558568e-01
14.000 0.00000 0.00000 -0.00000 0.00000 -0.00000 0.00000 -4.0695e-03 9.1827e-01 -4.3827e-02 -2.5037e-04 4.0810e-01 -4.3931e-05 0.42195 0.44543 0.43713 0.00228 0.02088 0.01435 1.87375e-01 4.15602e-04 -5.7156584853e-01 -3.8377567211e-01
16.000 0.00000 -0.00000 0.00000 0.00000 -0.00000 0.00000 -3.7939e-02 9.1825e-01 1.7933e-02 -2.5037e-04 4.0810e-01 -4.3931e-05 0.42753 0.44535 0.43164 0.01773 -0.00920 -0.01743 1.87374e-01 4.17119e-04 -5.7156645043e-01 -3.8377574804e-01
18.000 -0.00000 -0.00000 -0.00000 0.00000 -0.00000 0.00000 2.8553e-02 9.1828e-01 2.6492e-02 -2.5037e-04 4.0810e-01 -4.3931e-05 0.44186 0.44523 0.41743 -0.01442 -0.01253 0.01400 1.87373e-01 4.18744e-04 -5.7156718427e-01 -3.8377581708e-01
20.004 0.00000 -0.00000 -0.00000 -0.00000 -0.00000 0.00000 1.2176e-02 9.1826e-01 -3.5696e-02 -2.5037e-04 4.0810e-01 -4.3931e-05 0.41096 0.44518 0.44837 -0.00591 0.01744 -0.00472 1.87372e-01 4.20531e-04 -5.7156801728e-01 -3.8377588109e-01
22.004 0.00000 0.00000 0.00000 0.00000 -0.00000 -0.00000 -3.7257e-02 9.1823e-01 2.0372e-03 -2.5037e-04 4.0810e-01 -4.3931e-05 0.44819 0.44517 0.41115 0.01793 -0.00124 -0.00680 1.87371e-01 4.22299e-04 -5.7156892677e-01 -3.8377594121e-01
24.004 -0.00000 0.00000 -0.00000 0.00000 -0.00000 -0.00000 1.5754e-02 9.1826e-01 3.2387e-02 -2.5037e-04 4.0810e-01 -4.3931e-05 0.41812 0.44513 0.44127 -0.00802 -0.01589 0.01620 1.87370e-01 4.23882e-04 -5.7156989538e-01 -3.8377599932e-01
26.004 -0.00000 0.00000 0.00000 0.00000 -0.00000 -0.00000 2.2966e-02 9.1826e-01 -2.8179e-02 -2.5037e-04 4.0810e-01 -4.3931e-05 0.43015 0.44514 0.42922 -0.01164 0.01362 -0.01979 1.87370e-01 4.25117e-04 -5.7157090827e-01 -3.8377605728e-01
28.004 -0.00000 -0.00000 -0.00000 0.00000 -0.00000 -0.00000 -3.6528e-02 9.1823e-01 -1.0997e-02 -2.5037e-04 4.0810e-01 -4.3931e-05 0.44018 0.44521 0.41911 0.01743 0.00562 0.01627 1.87370e-01 4.25852e-04 -5.7157195161e-01 -3.8377611696e-01
30.004 -0.00000 0.00000 -0.00000 0.00000 -0.00000 -0.00000 3.3515e-03 9.1826e-01 3.8816e-02 -2.5037e-04 4.0810e-01 -4.3931e-05 0.41237 0.44523 0.44689 -0.00147 -0.01891 -0.00722 1.87371e-01 4.25969e-04 -5.7157301143e-01 -3.8377618011e-01
32.004 -0.00000 0.00000 -0.00000 0.00000 -0.00000 -0.00000 3.5839e-02 9.1828e-01 -1.9217e-02 -2.5037e-04 4.0810e-01 -4.3931e-05 0.44699 0.44530 0.41220 -0.01779 0.00872 -0.00359 1.87372e-01 4.25412e-04 -5.7157407146e-01 -3.8377624827e-01
34.004 0.00000 0.00000 -0.00000 0.00000 -0.00000 -0.00000 -3.3356e-02 9.1825e-01 -2.8613e-02 -2.5037e-04 4.0810e-01 -4.3931e-05 0.41809 0.44543 0.44095 0.01528 0.01412 0.01187 1.87375e-01 4.24222e-04 -5.7157511153e-01 -3.8377632271e-01
36.004 0.00000 0.00000 0.00000 0.00000 -0.00000 -0.00000 -1.6563e-02 9.1828e-01 4.2996e-02 -2.5037e-04 4.0810e-01 -4.3931e-05 0.43185 0.44552 0.42709 0.00821 -0.02031 -0.01471 1.87377e-01 4.22557e-04 -5.7157610650e-01 -3.8377640432e-01
38.000 0.00000 0.00000 0.00000 0.00000 -0.00000 -0.00000 4.7920e-02 9.1833e-01 3.3828e-04 -2.5037e-04 4.0810e-01 -4.3931e-05 0.43502 0.44560 0.42384 -0.02298 -0.00082 0.01180 1.87380e-01 4.20697e-04 -5.7157702445e-01 -3.8377649340e-01
40.000 0.00000 0.00000 0.00000 0.00000 -0.00000 -0.00000 -1.7189e-02 9.1830e-01 -4.8153e-02 -2.5037e-04 4.0810e-01 -4.3931e-05 0.41983 0.44575 0.43886 0.00731 0.02286 -0.00535 1.87382e-01 4.18994e-04 -5.7157783500e-01 -3.8377659030e-01
42.000 -0.00000 -0.00000 -0.00000 0.00000 -0.00000 -0.00000 -4.2063e-02 9.1828e-01 3.2692e-02 -2.5037e-04 4.0810e-01 -4.3931e-05 0.43773 0.44587 0.42086 0.01982 -0.01508 -0.00104 1.87380e-01 4.17557e-04 -5.7157414739e-01 -3.8377664898e-01
44.000 -0.00000 0.00000 0.00000 0.00000 -0.00000 -0.00000 4.5263e-02 9.1833e-01 2.9349e-02 -2.5037e-04 4.0810e-01 -4.3931e-05 0.42513 0.44590 0.43342 -0.02136 -0.01411 0.00425 1.87379e-01 4.17661e-04 -5.7157334032e-01 -3.8377667633e-01
46.000 0.00000 0.00000 -0.00000 0.00000 -0.00000 -0.00000 1.2797e-02 9.1830e-01 -5.3946e-02 -2.5037e-04 4.0810e-01 -4.3931e-05 0.42914 0.44598 0.42933 -0.00645 0.02522 -0.00332 1.87379e-01 4.17917e-04 -5.7157340780e-01 -3.8377670030e-01
48.000 0.00000 -0.00000 0.00000 0.00000 -0.00000 -0.00000 -5.6205e-02 9.1826e-01 4.5450e-03 -2.5037e-04 4.0810e-01 -4.3931e-05 0.43065 0.44604 0.42776 0.02609 -0.00217 -0.00016 1.87378e-01 4.18623e-04 -5.7157371657e-01 -3.8377672349e-01
50.000 -0.00000 0.00000 -0.00000 0.00000 -0.00000 -0.00000 2.1555e-02 9.1830e-01 5.0820e-02 -2.5037e-04 4.0810e-01 -4.3931e-05 0.43011 0.44597 0.42837 -0.01054 -0.02383 0.00303 1.87377e-01 4.20110e-04 -5.7157375601e-01 -3.8377674706e-01
52.000 0.00000 -0.00000 0.00000 0.00000 -0.00000 -0.00000 3.9799e-02 9.1829e-01 -3.6790e-02 -2.5037e-04 4.0810e-01 -4.3931e-05 0.42414 0.44593 0.43439 -0.01876 0.01747 -0.00260 1.87375e-01 4.22136e-04 -5.7157345403e-01 -3.8377677109e-01
54.000 0.00000 0.00000 -0.00000 0.00000 -0.00000 -0.00000 -4.7026e-02 9.1823e-01 -2.5605e-02 -2.5037e-04 4.0810e-01 -4.3931e-05 0.43742 0.44590 0.42114 0.02208 0.01161 -0.00175 1.87373e-01 4.23648e-04 -5.7157295752e-01 -3.8377679434e-01
56.000 0.00000 -0.00000 0.00000 0.00000 -0.00000 -0.00000 -9.0158e-03 9.1826e-01 5.0193e-02 -2.5037e-04 4.0810e-01 -4.3931e-05 0.42223 0.44577 0.43647 0.00343 -0.02383 0.00805 1.87371e-01 4.24357e-04 -5.7157235478e-01 -3.8377681607e-01
58.000 0.00000 0.00000 0.00000 0.00000 -0.00000 -0.00000 4.7359e-02 9.1828e-01 -8.5820e-03 -2.5037e-04 4.0810e-01 -4.3931e-05 0.43079 0.44563 0.42806 -0.02261 0.00461 -0.01282 1.87370e-01 4.24811e-04 -5.7157172777e-01 -3.8377683640e-01
60.000 0.00000 0.00000 -0.00000 0.00000 -0.00000 -0.00000 -2.3697e-02 9.1823e-01 -4.0055e-02 -2.5037e-04 4.0810e-01 -4.3931e-05 0.43661 0.44556 0.42232 0.01156 0.01871 0.01291 1.87369e-01 4.25360e-04 -5.7157111984e-01 -3.8377685527e-01
62.000 -0.00000 0.00000 -0.00000 0.00000 -0.00000 -0.00000 -2.8253e-02 9.1823e-01 3.3668e-02 -2.5037e-04 4.0810e-01 -4.3931e-05 0.41486 0.44544 0.44419 0.01276 -0.01656 -0.00725 1.87368e-01 4.25855e-04 -5.7157055529e-01 -3.8377687242e-01
64.000 -0.00000 -0.00000 -0.00000 0.00000 0.00000 -0.00000 3.8704e-02 9.1826e-01 1.2772e-02 -2.5037e-04 4.0810e-01 -4.3931e-05 0.44707 0.44531 0.41212 -0.01908 -0.00567 -0.00251 1.87367e-01 4.26255e-04 -5.7157007930e-01 -3.8377688774e-01
66.000 -0.00000 0.00000 0.00000 0.00000 0.00000 -0.00000 -3.1167e-03 9.1823e-01 -3.9305e-02 -2.5037e-04 4.0810e-01 -4.3931e-05 0.41590 0.44526 0.44334 0.00168 0.01897 0.01260 1.87366e-01 4.26904e-04 -5.7156968437e-01 -3.8377690165e-01
68.000 -0.00000 0.00000 -0.00000 0.00000 -0.00000 -0.00000 -3.4386e-02 9.1821e-01 1.6574e-02 -2.5037e-04 4.0810e-01 -4.3931e-05 0.43402 0.44522 0.42528 0.01632 -0.00843 -0.01884 1.87365e-01 4.27894e-04 -5.7156937586e-01 -3.8377691456e-01
70.000 0.00000 0.00000 0.00000 0.00000 -0.00000 -0.00000 2.7250e-02 9.1824e-01 2.3845e-02 -2.5037e-04 4.0810e-01 -4.3931e-05 0.43683 0.44515 0.42254 -0.01372 -0.01157 0.01844 1.87363e-01 4.28963e-04 -5.7156913671e-01 -3.8377692670e-01
72.000 -0.00000 -0.00000 -0.00000 0.00000 -0.00000 -0.00000 1.0298e-02 9.1822e-01 -3.4781e-02 -2.5037e-04 4.0810e-01 -4.3931e-05 0.41329 0.44515 0.44607 -0.00534 0.01698 -0.01131 1.87362e-01 4.29881e-04 -5.7156894375e-01 -3.8377693841e-01
74.000 0.00000 0.00000 -0.00000 0.00000 -0.00000 -0.00000 -3.7033e-02 9.1819e-01 3.7075e-03 -2.5037e-04 4.0810e-01 -4.3931e-05 0.44944 0.44519 0.40989 0.01785 -0.00170 0.00011 1.87361e-01 4.30553e-04 -5.7156877572e-01 -3.8377695017e-01
76.000 -0.00000 0.00000 0.00000 0.00000 -0.00000 -0.00000 1.7705e-02 9.1822e-01 3.2823e-02 -2.5037e-04 4.0810e-01 -4.3931e-05 0.41359 0.44519 0.44574 -0.00863 -0.01619 0.01082 1.87361e-01 4.30859e-04 -5.7156859011e-01 -3.8377696244e-01
78.004 0.00000 0.00000 -0.00000 0.00000 -0.00000 -0.00000 2.3685e-02 9.1822e-01 -3.0923e-02 -2.5037e-04 4.0810e-01 -4.3931e-05 0.43644 0.44526 0.42282 -0.01212 0.01464 -0.01741 1.87361e-01 4.30543e-04 -5.7156835722e-01 -3.8377697558e-01
80.004 -0.00000 -0.00000 -0.00000 0.00000 -0.00000 -0.00000 -4.0161e-02 9.1818e-01 -1.1659e-02 -2.5037e-04 4.0810e-01 -4.3931e-05 0.43355 0.44537 0.42560 0.01891 0.00611 0.01724 1.87362e-01 4.29451e-04 -5.7156804192e-01 -3.8377698983e-01
82.004 -0.00000 0.00000 -0.00000 0.00000 -0.00000 -0.00000 3.2106e-03 9.1822e-01 4.3345e-02 -2.5037e-04 4.0810e-01 -4.3931e-05 0.41743 0.44544 0.44165 -0.00121 -0.02086 -0.01108 1.87363e-01 4.27589e-04 -5.7156761286e-01 -3.8377700551e-01
84.004 -0.00000 0.00000 -0.00000 0.00000 -0.00000 -0.00000 4.1050e-02 9.1825e-01 -2.0005e-02 -2.5037e-04 4.0810e-01 -4.3931e-05 0.44420 0.44553 0.41478 -0.02009 0.00890 0.00202 1.87365e-01 4.25041e-04 -5.7156704942e-01 -3.8377702277e-01
86.004 0.00000 -0.00000 -0.00000 0.00000 -0.00000 -0.00000 -3.5326e-02 9.1821e-01 -3.4137e-02 -2.5037e-04 4.0810e-01 -4.3931e-05 0.41787 0.44568 0.44095 0.01602 0.01657 0.00588 1.87367e-01 4.21976e-04 -5.7156634150e-01 -3.8377704162e-01
88.004 -0.00000 -0.00000 0.00000 0.00000 -0.00000 -0.00000 -2.1976e-02 9.1824e-01 4.6196e-02 -2.5037e-04 4.0810e-01 -4.3931e-05 0.43434 0.44578 0.42439 0.01060 -0.02163 -0.00956 1.87370e-01 4.18686e-04 -5.7156549984e-01 -3.8377706193e-01
90.004 0.00000 0.00000 -0.00000 0.00000 -0.00000 -0.00000 5.2217e-02 9.1829e-01 5.0852e-03 -2.5037e-04 4.0810e-01 -4.3931e-05 0.43064 0.44584 0.42803 -0.02481 -0.00289 0.00828 1.87372e-01 4.15561e-04 -5.7156455116e-01 -3.8377708350e-01
92.004 0.00000 0.00000 0.00000 0.00000 -0.00000 -0.00000 -1.3160e-02 9.1825e-01 -5.3217e-02 -2.5037e-04 4.0810e-01 -4.3931e-05 0.42500 0.44596 0.43354 0.00559 0.02502 -0.00393 1.87373e-01 4.12965e-04 -5.7156354299e-01 -3.8377710603e-01
94.004 -0.00000 0.00000 0.00000 0.00000 -0.00000 -0.00000 -4.7622e-02 9.1825e-01 2.9446e-02 -2.5037e-04 4.0810e-01 -4.3931e-05 0.43237 0.44603 0.42611 0.02216 -0.01372 -0.00024 1.87374e-01 4.11140e-04 -5.7156253861e-01 -3.8377712916e-01
96.004 0.00000 -0.00000 0.00000 0.00000 -0.00000 -0.00000 4.2757e-02 9.1830e-01 3.5202e-02 -2.5037e-04 4.0810e-01 -4.3931e-05 0.42963 0.44599 0.42889 -0.02033 -0.01655 0.00141 1.87374e-01 4.10161e-04 -5.7156160550e-01 -3.8377715255e-01
98.004 0.00000 0.00000 -0.00000 0.00000 -0.00000 -0.00000 1.8852e-02 9.1828e-01 -5.2115e-02 -2.5037e-04 4.0810e-01 -4.3931e-05 0.42618 0.44599 0.43234 -0.00896 0.02447 0.00109 1.87374e-01 4.09937e-04 -5.7156080821e-01 -3.8377717583e-01
100.004 0.00000 0.00000 -0.00000 0.00000 -0.00000 -0.00000 -5.5052e-02 9.1823e-01 -1.6867e-03 -2.5037e-04 4.0810e-01 -4.3931e-05 0.43168 0.44598 0.42686 0.02560 0.00041 -0.00539 1.87373e-01 4.10275e-04 -5.7156019846e-01 -3.8377719866e-01
102.004 -0.00000 -0.00000 0.00000 0.00000 -0.00000 -0.00000 1.5183e-02 9.1827e-01 5.0434e-02 -2.5037e-04 4.0810e-01 -4.3931e-05 0.43143 0.44585 0.42724 -0.00786 -0.02365 0.00824 1.87372e-01 4.10966e-04 -5.7155980952e-01 -3.8377722070e-01
104.004 -0.00000 -0.00000 -0.00000 0.00000 -0.00000 -0.00000 4.0318e-02 9.1828e-01 -3.0405e-02 -2.5037e-04 4.0810e-01 -4.3931e-05 0.42100 0.44574 0.43778 -0.01899 0.01475 -0.00691 1.87371e-01 4.11862e-04 -5.7155965508e-01 -3.8377724166e-01
106.004 -0.00000 0.00000 -0.00000 0.00000 -0.00000 -0.00000 -4.0875e-02 9.1822e-01 -2.7128e-02 -2.5037e-04 4.0810e-01 -4.3931e-05 0.44241 0.44568 0.41645 0.01945 0.01230 0.00089 1.87370e-01 4.12901e-04 -5.7155973029e-01 -3.8377726126e-01
108.004 0.00000 -0.00000 0.00000 0.00000 -0.00000 -0.00000 -1.1520e-02 9.1824e-01 4.4600e-02 -2.5037e-04 4.0810e-01 -4.3931e-05 0.41673 0.44554 0.44227 0.00458 -0.02143 0.00767 1.87369e-01 4.14090e-04 -5.7156001646e-01 -3.8377727935e-01
110.004 0.00000 -0.00000 0.00000 -0.00000 -0.00000 -0.00000 4.2642e-02 9.1827e-01 -5.2916e-03 -2.5037e-04 4.0810e-01 -4.3931e-05 0.43636 0.44540 0.42278 -0.02062 0.00308 -0.01499 1.87368e-01 4.15458e-04 -5.7156048665e-01 -3.8377729587e-01
112.004 -0.00000 -0.00000 -0.00000 -0.00000 -0.00000 -0.00000 -1.9969e-02 9.1822e-01 -3.6421e-02 -2.5037e-04 4.0810e-01 -4.3931e-05 0.43272 0.44535 0.42647 0.00983 0.01725 0.01743 1.87367e-01 4.17018e-04 -5.7156111038e-01 -3.8377731091e-01
114.004 0.00000 -0.00000 0.00000 -0.00000 -0.00000 -0.00000 -2.5716e-02 9.1822e-01 2.9927e-02 -2.5037e-04 4.0810e-01 -4.3931e-05 0.41651 0.44526 0.44277 0.01183 -0.01485 -0.01331 1.87366e-01 4.18737e-04 -5.7156185792e-01 -3.8377732463e-01
116.004 -0.00000 0.00000 -0.00000 -0.00000 -0.00000 -0.00000 3.5342e-02 9.1825e-01 1.1141e-02 -2.5037e-04 4.0810e-01 -4.3931e-05 0.44871 0.44517 0.41066 -0.01759 -0.00517 0.00374 1.87365e-01 4.20532e-04 -5.7156270282e-01 -3.8377733732e-01
118.004 0.00000 0.00000 -0.00000 -0.00000 -0.00000 -0.00000 -4.2020e-03 9.1822e-01 -3.6576e-02 -2.5037e-04 4.0810e-01 -4.3931e-05 0.41151 0.44517 0.44786 0.00192 0.01783 0.00777 1.87364e-01 4.22277e-04 -5.7156362280e-01 -3.8377734930e-01
120.004 -0.00000 -0.00000 -0.00000 -0.00000 -0.00000 -0.00000 -3.2341e-02 9.1820e-01 1.7555e-02 -2.5037e-04 4.0810e-01 -4.3931e-05 0.44038 0.44517 0.41898 0.01556 -0.00865 -0.01677 1.87363e-01 4.23818e-04 -5.7156459985e-01 -3.8377736093e-01
122.004 -0.00000 -0.00000 -0.00000 -0.00000 -0.00000 -0.00000 2.8537e-02 9.1824e-01 2.2312e-02 -2.5037e-04 4.0810e-01 -4.3931e-05 0.43028 0.44515 0.42910 -0.01412 -0.01109 0.01975 1.87363e-01 4.24991e-04 -5.7156561898e-01 -3.8377737259e-01
124.004 0.00000 -0.00000 0.00000 -0.00000 -0.00000 -0.00000 8.9287e-03 9.1822e-01 -3.6647e-02 -2.5037e-04 4.0810e-01 -4.3931e-05 0.41833 0.44520 0.44099 -0.00496 0.01770 -0.01565 1.87364e-01 4.25644e-04 -5.7156666653e-01 -3.8377738465e-01
126.004 -0.00000 0.00000 -0.00000 -0.00000 -0.00000 -0.00000 -3.9552e-02 9.1820e-01 5.3507e-03 -2.5037e-04 4.0810e-01 -4.3931e-05 0.44711 0.44529 0.41212 0.01895 -0.00218 0.00628 1.87365e-01 4.25667e-04 -5.7156772833e-01 -3.8377739746e-01
128.004 -0.00000 0.00000 -0.00000 -0.00000 -0.00000 -0.00000 2.0040e-02 9.1825e-01 3.5844e-02 -2.5037e-04 4.0810e-01 -4.3931e-05 0.41258 0.44533 0.44660 -0.00945 -0.01758 0.00446 1.87366e-01 4.25015e-04 -5.7156878764e-01 -3.8377741132e-01
130.004 -0.00000 0.00000 -0.00000 -0.00000 -0.00000 -0.00000 2.6996e-02 9.1826e-01 -3.4144e-02 -2.5037e-04 4.0810e-01 -4.3931e-05 0.44019 0.44542 0.41888 -0.01367 0.01589 -0.01232 1.87369e-01 4.23746e-04 -5.7156982362e-01 -3.8377742648e-01
132.004 0.00000 0.00000 -0.00000 -0.00000 -0.00000 -0.00000 -4.4511e-02 9.1823e-01 -1.4752e-02 -2.5037e-04 4.0810e-01 -4.3931e-05 0.42787 0.44557 0.43105 0.02070 0.00758 0.01458 1.87371e-01 4.22034e-04 -5.7157081043e-01 -3.8377744309e-01
134.004 0.00000 0.00000 0.00000 -0.00000 -0.00000 -0.00000 7.6271e-04 9.1828e-01 4.8718e-02 -2.5037e-04 4.0810e-01 -4.3931e-05 0.42326 0.44565 0.43557 -0.00003 -0.02315 -0.01117 1.87374e-01 4.20170e-04 -5.7157171722e-01 -3.8377746125e-01
136.004 0.00000 -0.00000 -0.00000 -0.00000 -0.00000 -0.00000 4.7170e-02 9.1831e-01 -1.8513e-02 -2.5037e-04 4.0810e-01 -4.3931e-05 0.43891 0.44574 0.41982 -0.02273 0.00818 0.00458 1.87377e-01 4.18520e-04 -5.7157250946e-01 -3.8377748093e-01
138.004 -0.00000 0.00000 0.00000 -0.00000 -0.00000 -0.00000 -3.4926e-02 9.1827e-01 -4.0644e-02 -2.5037e-04 4.0810e-01 -4.3931e-05 0.42127 0.44589 0.43730 0.01582 0.01937 0.00152 1.87378e-01 4.17441e-04 -5.7157315161e-01 -3.8377750202e-01
140.004 -0.00000 -0.00000 -0.00000 -0.00000 -0.00000 -0.00000 -2.8537e-02 9.1828e-01 4.6854e-02 -2.5037e-04 4.0810e-01 -4.3931e-05 0.43282 0.44595 0.42568 0.01339 -0.02190 -0.00424 1.87379e-01 4.17180e-04 -5.7157361115e-01 -3.8377752433e-01
142.004 -0.00000 -0.00000 -0.00000 -0.00000 -0.00000 -0.00000 5.3789e-02 9.1833e-01 1.1468e-02 -2.5037e-04 4.0810e-01 -4.3931e-05 0.42970 0.44596 0.42879 -0.02548 -0.00557 0.00292 1.87379e-01 4.17780e-04 -5.7157386370e-01 -3.8377754755e-01
144.004 0.00000 -0.00000 -0.00000 -0.00000 -0.00000 -0.00000 -7.0646e-03 9.1828e-01 -5.5548e-02 -2.5037e-04 4.0810e-01 -4.3931e-05 0.42786 0.44602 0.43057 0.00306 0.02600 0.00063 1.87377e-01 4.19064e-04 -5.7157389840e-01 -3.8377757134e-01
146.004 0.00000 0.00000 0.00000 -0.00000 -0.00000 -0.00000 -5.0620e-02 9.1825e-01 2.3672e-02 -2.5037e-04 4.0810e-01 -4.3931e-05 0.42786 0.44602 0.43057 0.02340 -0.01133 -0.00323 1.87375e-01 4.20691e-04 -5.7157372210e-01 -3.8377759528e-01
148.004 -0.00000 0.00000 -0.00000 -0.00000 -0.00000 -0.00000 3.7343e-02 9.1830e-01 3.8862e-02 -2.5037e-04 4.0810e-01 -4.3931e-05 0.43495 0.44591 0.42359 -0.01806 -0.01807 0.00236 1.87373e-01 4.22291e-04 -5.7157336088e-01 -3.8377761890e-01
150.004 0.00000 -0.00000 0.00000 -0.00000 -0.00000 -0.00000 2.3208e-02 9.1827e-01 -4.7179e-02 -2.5037e-04 4.0810e-01 -4.3931e-05 0.42095 0.44585 0.43766 -0.01079 0.02238 0.00236 1.87372e-01 4.23587e-04 -5.7157285765e-01 -3.8377764176e-01
152.004 0.00000 -0.00000 0.00000 -0.00000 -0.00000 -0.00000 -5.0806e-02 9.1822e-01 -6.7323e-03 -2.5037e-04 4.0810e-01 -4.3931e-05 0.43612 0.44578 0.42256 0.02379 0.00257 -0.00873 1.87370e-01 4.24476e-04 -5.7157226602e-01 -3.8377766344e-01
154.000 0.00000 -0.00000 -0.00000 -0.00000 -0.00000 -0.00000 9.3976e-03 9.1826e-01 4.7184e-02 -2.5037e-04 4.0810e-01 -4.3931e-05 0.42875 0.44563 0.43010 -0.00534 -0.02228 0.01317 1.87369e-01 4.25023e-04 -5.7157164326e-01 -3.8377768358e-01
156.000 0.00000 0.00000 -0.00000 -0.00000 -0.00000 -0.00000 3.8288e-02 9.1826e-01 -2.4375e-02 -2.5037e-04 4.0810e-01 -4.3931e-05 0.42155 0.44551 0.43743 -0.01819 0.01209 -0.01274 1.87368e-01 4.25398e-04 -5.7157103703e-01 -3.8377770210e-01
158.000 -0.00000 -0.00000 0.00000 -0.00000 -0.00000 -0.00000 -3.5008e-02 9.1821e-01 -2.6375e-02 -2.5037e-04 4.0810e-01 -4.3931e-05 0.44472 0.44544 0.41433 0.01687 0.01210 0.00655 1.87367e-01 4.25789e-04 -5.7157048702e-01 -3.8377771890e-01
160.000 -0.00000 0.00000 -0.00000 -0.00000 -0.00000 -0.00000 -1.1895e-02 9.1823e-01 3.9317e-02 -2.5037e-04 4.0810e-01 -4.3931e-05 0.41212 0.44533 0.44706 0.00492 -0.01915 0.00346 1.87366e-01 4.26336e-04 -5.7157001689e-01 -3.8377773409e-01
162.000 -0.00000 0.00000 0.00000 -0.00000 -0.00000 0.00000 3.8263e-02 9.1825e-01 -4.1307e-03 -2.5037e-04 4.0810e-01 -4.3931e-05 0.44278 0.44523 0.41650 -0.01878 0.00238 -0.01339 1.87365e-01 4.27096e-04 -5.7156963524e-01 -3.8377774789e-01
164.000 -0.00000 -0.00000 0.00000 -0.00000 -0.00000 0.00000 -1.8486e-02 9.1820e-01 -3.3072e-02 -2.5037e-04 4.0810e-01 -4.3931e-05 0.42623 0.44521 0.43307 0.00900 0.01594 0.01910 1.87364e-01 4.28037e-04 -5.7156933733e-01 -3.8377776061e-01
166.000 0.00000 0.00000 0.00000 -0.00000 -0.00000 -0.00000 -2.3293e-02 9.1820e-01 2.8600e-02 -2.5037e-04 4.0810e-01 -4.3931e-05 0.42157 0.44518 0.43777 0.01098 -0.01414 -0.01806 1.87362e-01 4.29054e-04 -5.7156910761e-01 -3.8377777263e-01
168.000 -0.00000 0.00000 0.00000 -0.00000 -0.00000 -0.00000 3.4542e-02 9.1823e-01 9.3240e-03 -2.5037e-04 4.0810e-01 -4.3931e-05 0.44665 0.44514 0.41273 -0.01718 -0.00463 0.01044 1.87361e-01 4.29987e-04 -5.7156892230e-01 -3.8377778435e-01
170.000 0.00000 -0.00000 -0.00000 -0.00000 -0.00000 -0.00000 -5.8710e-03 9.1820e-01 -3.6483e-02 -2.5037e-04 4.0810e-01 -4.3931e-05 0.40995 0.44518 0.44939 0.00238 0.01781 0.00089 1.87360e-01 4.30648e-04 -5.7156875176e-01 -3.8377779618e-01
172.000 0.00000 -0.00000 0.00000 -0.00000 -0.00000 -0.00000 -3.2894e-02 9.1818e-01 1.9564e-02 -2.5037e-04 4.0810e-01 -4.3931e-05 0.44507 0.44523 0.41422 0.01592 -0.00929 -0.01157 1.87360e-01 4.30846e-04 -5.7156856259e-01 -3.8377780853e-01
174.000 -0.00000 0.00000 0.00000 -0.00000 -0.00000 -0.00000 3.1287e-02 9.1822e-01 2.3229e-02 -2.5037e-04 4.0810e-01 -4.3931e-05 0.42365 0.44526 0.43561 -0.01515 -0.01167 0.01758 1.87360e-01 4.30413e-04 -5.7156831988e-01 -3.8377782177e-01
176.000 -0.00000 -0.00000 -0.00000 -0.00000 -0.00000 -0.00000 9.7723e-03 9.1821e-01 -4.0359e-02 -2.5037e-04 4.0810e-01 -4.3931e-05 0.42488 0.44536 0.43428 -0.00554 0.01922 -0.01691 1.87361e-01 4.29233e-04 -5.7156798980e-01 -3.8377783623e-01
178.000 0.00000 0.00000 -0.00000 -0.00000 -0.00000 -0.00000 -4.4213e-02 9.1819e-01 5.0663e-03 -2.5037e-04 4.0810e-01 -4.3931e-05 0.44193 0.44548 0.41710 0.02095 -0.00185 0.01041 1.87362e-01 4.27278e-04 -5.7156754311e-01 -3.8377785213e-01
180.000 -0.00000 -0.00000 -0.00000 -0.00000 -0.00000 -0.00000 2.0732e-02 9.1824e-01 4.1223e-02 -2.5037e-04 4.0810e-01 -4.3931e-05 0.41496 0.44555 0.44400 -0.00958 -0.01995 -0.00132 1.87364e-01 4.24632e-04 -5.7156695951e-01 -3.8377786960e-01
182.000 -0.00000 0.00000 0.00000 -0.00000 -0.00000 -0.00000 3.2706e-02 9.1825e-01 -3.6067e-02 -2.5037e-04 4.0810e-01 -4.3931e-05 0.44043 0.44566 0.41841 -0.01621 0.01661 -0.00629 1.87367e-01 4.21506e-04 -5.7156623239e-01 -3.8377788866e-01
184.000 0.00000 -0.00000 -0.00000 -0.00000 -0.00000 -0.00000 -4.7710e-02 9.1822e-01 -2.0355e-02 -2.5037e-04 4.0810e-01 -4.3931e-05 0.42495 0.44582 0.43374 0.02202 0.01006 0.00949 1.87369e-01 4.18222e-04 -5.7156537301e-01 -3.8377790916e-01
186.000 -0.00000 -0.00000 -0.00000 -0.00000 -0.00000 -0.00000 -4.3548e-03 9.1826e-01 5.3049e-02 -2.5037e-04 4.0810e-01 -4.3931e-05 0.42767 0.44588 0.43096 0.00221 -0.02498 -0.00784 1.87371e-01 4.15157e-04 -5.7156441270e-01 -3.8377793089e-01
188.000 -0.00000 0.00000 0.00000 -0.00000 -0.00000 -0.00000 5.2374e-02 9.1830e-01 -1.4125e-02 -2.5037e-04 4.0810e-01 -4.3931e-05 0.43351 0.44593 0.42506 -0.02495 0.00630 0.00341 1.87373e-01 4.12657e-04 -5.7156340149e-01 -3.8377795352e-01
190.000 -0.00000 0.00000 -0.00000 -0.00000 -0.00000 -0.00000 -3.1363e-02 9.1824e-01 -4.6447e-02 -2.5037e-04 4.0810e-01 -4.3931e-05 0.42648 0.44603 0.43200 0.01432 0.02182 0.00050 1.87373e-01 4.10947e-04 -5.7156240286e-01 -3.8377797671e-01
192.000 0.00000 0.00000 -0.00000 -0.00000 -0.00000 -0.00000 -3.4728e-02 9.1825e-01 4.4110e-02 -2.5037e-04 4.0810e-01 -4.3931e-05 0.42842 0.44604 0.43006 0.01599 -0.02075 -0.00127 1.87373e-01 4.10082e-04 -5.7156148507e-01 -3.8377800010e-01
194.000 -0.00000 -0.00000 -0.00000 -0.00000 -0.00000 -0.00000 5.1840e-02 9.1830e-01 1.7926e-02 -2.5037e-04 4.0810e-01 -4.3931e-05 0.43259 0.44596 0.42596 -0.02466 -0.00828 -0.00152 1.87373e-01 4.09951e-04 -5.7156071125e-01 -3.8377802334e-01
196.000 0.00000 -0.00000 0.00000 -0.00000 -0.00000 -0.00000 -4.0913e-04 9.1825e-01 -5.4420e-02 -2.5037e-04 4.0810e-01 -4.3931e-05 0.42705 0.44595 0.43152 0.00026 0.02553 0.00585 1.87372e-01 4.10351e-04 -5.7156013092e-01 -3.8377804608e-01
198.000 -0.00000 0.00000 -0.00000 -0.00000 -0.00000 -0.00000 -5.0407e-02 9.1823e-01 1.6913e-02 -2.5037e-04 4.0810e-01 -4.3931e-05 0.42670 0.44588 0.43194 0.02331 -0.00847 -0.00844 1.87371e-01 4.11078e-04 -5.7155977473e-01 -3.8377806799e-01
200.000 0.00000 -0.00000 -0.00000 -0.00000 -0.00000 -0.00000 3.0666e-02 9.1827e-01 3.9680e-02 -2.5037e-04 4.0810e-01 -4.3931e-05 0.43839 0.44573 0.42042 -0.01520 -0.01844 0.00670 1.87370e-01 4.11996e-04 -5.7155965327e-01 -3.8377808876e-01
202.000 -0.00000 -0.00000 0.00000 -0.00000 -0.00000 -0.00000 2.5113e-02 9.1826e-01 -4.0874e-02 -2.5037e-04 4.0810e-01 -4.3931e-05 0.41617 0.44563 0.44274 -0.01167 0.01967 -0.00032 1.87369e-01 4.13054e-04 -5.7155975951e-01 -3.8377810816e-01
204.000 -0.00000 -0.00000 0.00000 -0.00000 -0.00000 -0.00000 -4.5221e-02 9.1821e-01 -9.6378e-03 -2.5037e-04 4.0810e-01 -4.3931e-05 0.44208 0.44555 0.41691 0.02141 0.00392 -0.00837 1.87368e-01 4.14266e-04 -5.7156007333e-01 -3.8377812603e-01
206.000 -0.00000 0.00000 -0.00000 -0.00000 -0.00000 -0.00000 5.9332e-03 9.1824e-01 4.2584e-02 -2.5037e-04 4.0810e-01 -4.3931e-05 0.42339 0.44541 0.43574 -0.00373 -0.02036 0.01547 1.87367e-01 4.15661e-04 -5.7156056693e-01 -3.8377814234e-01
208.000 -0.00000 0.00000 -0.00000 -0.00000 -0.00000 -0.00000 3.4832e-02 9.1825e-01 -2.0542e-02 -2.5037e-04 4.0810e-01 -4.3931e-05 0.42570 0.44530 0.43354 -0.01681 0.01031 -0.01744 1.87366e-01 4.17246e-04 -5.7156120981e-01 -3.8377815717e-01
210.000 -0.00000 -0.00000 -0.00000 -0.00000 -0.00000 -0.00000 -3.1248e-02 9.1820e-01 -2.4042e-02 -2.5037e-04 4.0810e-01 -4.3931e-05 0.44341 0.44527 0.41587 0.01515 0.01128 0.01279 1.87365e-01 4.18982e-04 -5.7156197258e-01 -3.8377817073e-01
212.000 -0.00000 0.00000 0.00000 -0.00000 -0.00000 -0.00000 -1.0453e-02 9.1822e-01 3.6023e-02 -2.5037e-04 4.0810e-01 -4.3931e-05 0.41044 0.44519 0.44891 0.00451 -0.01769 -0.00289 1.87364e-01 4.20779e-04 -5.7156282931e-01 -3.8377818330e-01
214.000 -0.00000 0.00000 -0.00000 -0.00000 -0.00000 -0.00000 3.5672e-02 9.1824e-01 -5.0766e-03 -2.5037e-04 4.0810e-01 -4.3931e-05 0.44756 0.44514 0.41184 -0.01771 0.00256 -0.00859 1.87363e-01 4.22505e-04 -5.7156375839e-01 -3.8377819520e-01
216.000 -0.00000 -0.00000 -0.00000 -0.00000 -0.00000 -0.00000 -1.9399e-02 9.1820e-01 -3.1205e-02 -2.5037e-04 4.0810e-01 -4.3931e-05 0.41971 0.44517 0.43965 0.00918 0.01526 0.01721 1.87363e-01 4.24004e-04 -5.7156474228e-01 -3.8377820682e-01
218.000 0.00000 -0.00000 -0.00000 -0.00000 -0.00000 -0.00000 -2.1947e-02 9.1820e-01 2.9897e-02 -2.5037e-04 4.0810e-01 -4.3931e-05 0.42822 0.44518 0.43112 0.01060 -0.01455 -0.01964 1.87362e-01 4.25111e-04 -5.7156576627e-01 -3.8377821851e-01
220.000 -0.00000 -0.00000 -0.00000 -0.00000 -0.00000 -0.00000 3.6492e-02 9.1824e-01 8.1197e-03 -2.5037e-04 4.0810e-01 -4.3931e-05 0.44164 0.44519 0.41769 -0.01796 -0.00434 0.01506 1.87363e-01 4.25681e-04 -5.7156681678e-01 -3.8377823066e-01
222.000 -0.00000 0.00000 -0.00000 -0.00000 -0.00000 -0.00000 -7.3938e-03 9.1821e-01 -3.9140e-02 -2.5037e-04 4.0810e-01 -4.3931e-05 0.41197 0.44528 0.44726 0.00281 0.01897 -0.00548 1.87364e-01 4.25609e-04 -5.7156787935e-01 -3.8377824360e-01
224.000 -0.00000 -0.00000 -0.00000 -0.00000 -0.00000 -0.00000 -3.6087e-02 9.1821e-01 2.1835e-02 -2.5037e-04 4.0810e-01 -4.3931e-05 0.44620 0.44538 0.41293 0.01739 -0.01007 -0.00514 1.87366e-01 4.24865e-04 -5.7156893677e-01 -3.8377825763e-01
226.000 -0.00000 0.00000 -0.00000 -0.00000 -0.00000 -0.00000 3.4600e-02 9.1827e-01 2.6604e-02 -2.5037e-04 4.0810e-01 -4.3931e-05 0.41958 0.44543 0.43948 -0.01645 -0.01326 0.01262 1.87368e-01 4.23520e-04 -5.7156996752e-01 -3.8377827299e-01
228.000 -0.00000 0.00000 0.00000 -0.00000 -0.00000 -0.00000 1.2888e-02 9.1826e-01 -4.4804e-02 -2.5037e-04 4.0810e-01 -4.3931e-05 0.43037 0.44556 0.42856 -0.00702 0.02106 -0.01440 1.87371e-01 4.21766e-04 -5.7157094502e-01 -3.8377828981e-01
230.000 -0.00000 0.00000 -0.00000 -0.00000 -0.00000 -0.00000 -4.9666e-02 9.1824e-01 2.6282e-03 -2.5037e-04 4.0810e-01 -4.3931e-05 0.43588 0.44570 0.42289 0.02327 -0.00068 0.01063 1.87374e-01 4.19910e-04 -5.7157183779e-01 -3.8377830819e-01
232.000 -0.00000 -0.00000 0.00000 -0.00000 -0.00000 -0.00000 1.9267e-02 9.1830e-01 4.7394e-02 -2.5037e-04 4.0810e-01 -4.3931e-05 0.41992 0.44576 0.43878 -0.00888 -0.02261 -0.00398 1.87376e-01 4.18320e-04 -5.7157261096e-01 -3.8377832808e-01
234.000 -0.00000 -0.00000 -0.00000 -0.00000 -0.00000 -0.00000 3.9235e-02 9.1831e-01 -3.5691e-02 -2.5037e-04 4.0810e-01 -4.3931e-05 0.43688 0.44586 0.42172 -0.01901 0.01642 -0.00187 1.87378e-01 4.17346e-04 -5.7157322914e-01 -3.8377834936e-01
236.000 -0.00000 -0.00000 0.00000 -0.00000 -0.00000 -0.00000 -4.8376e-02 9.1826e-01 -2.6918e-02 -2.5037e-04 4.0810e-01 -4.3931e-05 0.42615 0.44598 0.43232 0.02230 0.01284 0.00416 1.87378e-01 4.17209e-04 -5.7157366063e-01 -3.8377837181e-01
238.000 0.00000 0.00000 0.00000 -0.00000 -0.00000 -0.00000 -1.0735e-02 9.1829e-01 5.4610e-02 -2.5037e-04 4.0810e-01 -4.3931e-05 0.42852 0.44600 0.42993 0.00488 -0.02564 -0.00249 1.87378e-01 4.17922e-04 -5.7157388267e-01 -3.8377839514e-01
240.000 -0.00000 0.00000 -0.00000 -0.00000 -0.00000 -0.00000 5.4681e-02 9.1831e-01 -8.0256e-03 -2.5037e-04 4.0810e-01 -4.3931e-05 0.43047 0.44598 0.42800 -0.02591 0.00376 -0.00109 1.87376e-01 4.19277e-04 -5.7157388667e-01 -3.8377841897e-01
242.000 0.00000 0.00000 -0.00000 -0.00000 -0.00000 -0.00000 -2.5574e-02 9.1825e-01 -4.9422e-02 -2.5037e-04 4.0810e-01 -4.3931e-05 0.43100 0.44601 0.42744 0.01191 0.02305 0.00342 1.87374e-01 4.20922e-04 -5.7157368221e-01 -3.8377844289e-01
244.000 -0.00000 0.00000 -0.00000 -0.00000 -0.00000 -0.00000 -3.8375e-02 9.1824e-01 3.8677e-02 -2.5037e-04 4.0810e-01 -4.3931e-05 0.42310 0.44595 0.43541 0.01750 -0.01848 -0.00212 1.87372e-01 4.22492e-04 -5.7157329798e-01 -3.8377846643e-01
246.000 -0.00000 -0.00000 0.00000 -0.00000 -0.00000 -0.00000 4.6895e-02 9.1829e-01 2.2284e-02 -2.5037e-04 4.0810e-01 -4.3931e-05 0.43790 0.44581 0.42075 -0.02257 -0.01011 -0.00289 1.87371e-01 4.23732e-04 -5.7157277887e-01 -3.8377848914e-01
248.000 -0.00000 0.00000 -0.00000 -0.00000 -0.00000 -0.00000 4.6429e-03 9.1824e-01 -5.0187e-02 -2.5037e-04 4.0810e-01 -4.3931e-05 0.42281 0.44574 0.43591 -0.00190 0.02373 0.00928 1.87369e-01 4.24566e-04 -5.7157217934e-01 -3.8377851063e-01
250.000 -0.00000 -0.00000 0.00000 -0.00000 -0.00000 -0.00000 -4.7151e-02 9.1821e-01 1.1313e-02 -2.5037e-04 4.0810e-01 -4.3931e-05 0.42937 0.44565 0.42946 0.02194 -0.00603 -0.01345 1.87368e-01 4.25078e-04 -5.7157155505e-01 -3.8377853058e-01
252.000 -0.00000 0.00000 -0.00000 -0.00000 -0.00000 -0.00000 2.4813e-02 9.1826e-01 3.7607e-02 -2.5037e-04 4.0810e-01 -4.3931e-05 0.43825 0.44549 0.42074 -0.01263 -0.01762 0.01250 1.87367e-01 4.25444e-04 -5.7157095488e-01 -3.8377854885e-01
254.000 0.00000 -0.00000 -0.00000 -0.00000 -0.00000 -0.00000 2.4276e-02 9.1824e-01 -3.5169e-02 -2.5037e-04 4.0810e-01 -4.3931e-05 0.41385 0.44540 0.44525 -0.01144 0.01716 -0.00583 1.87366e-01 4.25850e-04 -5.7157041528e-01 -3.8377856541e-01
256.000 -0.00000 0.00000 -0.00000 -0.00000 -0.00000 -0.00000 -4.0073e-02 9.1820e-01 -9.8869e-03 -2.5037e-04 4.0810e-01 -4.3931e-05 0.44698 0.44534 0.41218 0.01919 0.00420 -0.00439 1.87365e-01 4.26426e-04 -5.7156995767e-01 -3.8377858038e-01
258.000 -0.00000 0.00000 -0.00000 -0.00000 -0.00000 -0.00000 4.9346e-03 9.1823e-01 3.8297e-02 -2.5037e-04 4.0810e-01 -4.3931e-05 0.41714 0.44524 0.44214 -0.00310 -0.01856 0.01414 1.87364e-01 4.27216e-04 -5.7156958861e-01 -3.8377859401e-01
260.000 0.00000 -0.00000 -0.00000 -0.00000 -0.00000 -0.00000 3.1517e-02 9.1823e-01 -1.9245e-02 -2.5037e-04 4.0810e-01 -4.3931e-05 0.43212 0.44518 0.42722 -0.01551 0.00957 -0.01934 1.87363e-01 4.28177e-04 -5.7156930166e-01 -3.8377860660e-01
262.000 0.00000 0.00000 -0.00000 -0.00000 -0.00000 -0.00000 -3.0109e-02 9.1819e-01 -2.1583e-02 -2.5037e-04 4.0810e-01 -4.3931e-05 0.43868 0.44519 0.42065 0.01453 0.01042 0.01765 1.87361e-01 4.29192e-04 -5.7156907991e-01 -3.8377861855e-01
264.000 -0.00000 0.00000 -0.00000 -0.00000 -0.00000 -0.00000 -8.5301e-03 9.1820e-01 3.5386e-02 -2.5037e-04 4.0810e-01 -4.3931e-05 0.41222 0.44516 0.44714 0.00392 -0.01737 -0.00954 1.87360e-01 4.30098e-04 -5.7156889860e-01 -3.8377863026e-01
266.000 0.00000 -0.00000 0.00000 -0.00000 -0.00000 -0.00000 3.5688e-02 9.1822e-01 -6.9104e-03 -2.5037e-04 4.0810e-01 -4.3931e-05 0.44929 0.44516 0.41007 -0.01775 0.00311 -0.00191 1.87359e-01 4.30704e-04 -5.7156872743e-01 -3.8377864214e-01
268.000 -0.00000 -0.00000 -0.00000 -0.00000 -0.00000 -0.00000 -2.1608e-02 9.1818e-01 -3.1793e-02 -2.5037e-04 4.0810e-01 -4.3931e-05 0.41488 0.44524 0.44439 0.00992 0.01563 0.01229 1.87359e-01 4.30820e-04 -5.7156853263e-01 -3.8377865460e-01
270.000 -0.00000 -0.00000 -0.00000 -0.00000 -0.00000 -0.00000 -2.2814e-02 9.1819e-01 3.2848e-02 -2.5037e-04 4.0810e-01 -4.3931e-05 0.43464 0.44530 0.42458 0.01116 -0.01568 -0.01772 1.87359e-01 4.30284e-04 -5.7156827927e-01 -3.8377866800e-01
272.000 -0.00000 0.00000 0.00000 -0.00000 -0.00000 -0.00000 4.0369e-02 9.1823e-01 8.8327e-03 -2.5037e-04 4.0810e-01 -4.3931e-05 0.43511 0.44535 0.42405 -0.01956 -0.00485 0.01647 1.87360e-01 4.28992e-04 -5.7156793393e-01 -3.8377868265e-01
274.000 -0.00000 -0.00000 0.00000 -0.00000 -0.00000 -0.00000 -7.2991e-03 9.1820e-01 -4.3899e-02 -2.5037e-04 4.0810e-01 -4.3931e-05 0.41673 0.44548 0.44230 0.00258 0.02102 -0.00963 1.87362e-01 4.26929e-04 -5.7156746841e-01 -3.8377869878e-01
276.000 -0.00000 -0.00000 -0.00000 -0.00000 -0.00000 -0.00000 -4.1474e-02 9.1820e-01 2.2741e-02 -2.5037e-04 4.0810e-01 -4.3931e-05 0.44376 0.44561 0.41515 0.01976 -0.01030 0.00057 1.87364e-01 4.24198e-04 -5.7156686406e-01 -3.8377871648e-01
278.000 -0.00000 0.00000 0.00000 -0.00000 -0.00000 -0.00000 3.6718e-02 9.1826e-01 3.2229e-02 -2.5037e-04 4.0810e-01 -4.3931e-05 0.41903 0.44567 0.43980 -0.01726 -0.01575 0.00671 1.87366e-01 4.21027e-04 -5.7156611665e-01 -3.8377873576e-01
280.000 -0.00000 -0.00000 -0.00000 -0.00000 -0.00000 -0.00000 1.8330e-02 9.1825e-01 -4.8140e-02 -2.5037e-04 4.0810e-01 -4.3931e-05 0.43309 0.44580 0.42562 -0.00941 0.02245 -0.00943 1.87369e-01 4.17752e-04 -5.7156524027e-01 -3.8377875645e-01
282.000 -0.00000 -0.00000 -0.00000 -0.00000 -0.00000 -0.00000 -5.4048e-02 9.1822e-01 -2.2851e-03 -2.5037e-04 4.0810e-01 -4.3931e-05 0.43128 0.44593 0.42730 0.02513 0.00145 0.00738 1.87371e-01 4.14749e-04 -5.7156426911e-01 -3.8377877833e-01
284.000 0.00000 0.00000 -0.00000 -0.00000 -0.00000 -0.00000 1.5085e-02 9.1828e-01 5.2555e-02 -2.5037e-04 4.0810e-01 -4.3931e-05 0.42515 0.44596 0.43340 -0.00709 -0.02481 -0.00286 1.87372e-01 4.12353e-04 -5.7156325560e-01 -3.8377880107e-01
286.000 -0.00000 0.00000 -0.00000 -0.00000 -0.00000 -0.00000 4.4912e-02 9.1829e-01 -3.2300e-02 -2.5037e-04 4.0810e-01 -4.3931e-05 0.43160 0.44599 0.42692 -0.02141 0.01501 -0.00079 1.87373e-01 4.10767e-04 -5.7156226448e-01 -3.8377882430e-01
288.000 -0.00000 0.00000 -0.00000 -0.00000 -0.00000 -0.00000 -4.5742e-02 9.1823e-01 -3.2927e-02 -2.5037e-04 4.0810e-01 -4.3931e-05 0.43049 0.44605 0.42797 0.02121 0.01535 0.00110 1.87372e-01 4.10018e-04 -5.7156136388e-01 -3.8377884769e-01
290.000 -0.00000 0.00000 -0.00000 -0.00000 -0.00000 -0.00000 -1.6986e-02 9.1826e-01 5.2702e-02 -2.5037e-04 4.0810e-01 -4.3931e-05 0.42578 0.44600 0.43274 0.00749 -0.02485 0.00203 1.87372e-01 4.09977e-04 -5.7156061543e-01 -3.8377887088e-01
292.000 -0.00000 -0.00000 -0.00000 -0.00000 -0.00000 -0.00000 5.3529e-02 9.1829e-01 -1.5746e-03 -2.5037e-04 4.0810e-01 -4.3931e-05 0.43129 0.44590 0.42733 -0.02542 0.00106 -0.00636 1.87371e-01 4.10436e-04 -5.7156006615e-01 -3.8377889351e-01
294.000 -0.00000 -0.00000 -0.00000 -0.00000 -0.00000 -0.00000 -1.9000e-02 9.1823e-01 -4.9134e-02 -2.5037e-04 4.0810e-01 -4.3931e-05 0.43254 0.44586 0.42612 0.00914 0.02293 0.00860 1.87370e-01 4.11197e-04 -5.7155974375e-01 -3.8377891528e-01
296.000 -0.00000 0.00000 0.00000 -0.00000 -0.00000 -0.00000 -3.9082e-02 9.1822e-01 3.2158e-02 -2.5037e-04 4.0810e-01 -4.3931e-05 0.41978 0.44575 0.43900 0.01782 -0.01569 -0.00636 1.87369e-01 4.12136e-04 -5.7155965607e-01 -3.8377893586e-01
298.000 -0.00000 -0.00000 -0.00000 -0.00000 -0.00000 -0.00000 4.0717e-02 9.1827e-01 2.4050e-02 -2.5037e-04 4.0810e-01 -4.3931e-05 0.44306 0.44559 0.41588 -0.01991 -0.01092 -0.00040 1.87368e-01 4.13215e-04 -5.7155979386e-01 -3.8377895504e-01
300.000 0.00000 0.00000 0.00000 -0.00000 -0.00000 -0.00000 7.3869e-03 9.1823e-01 -4.4694e-02 -2.5037e-04 4.0810e-01 -4.3931e-05 0.41718 0.44551 0.44185 -0.00318 0.02139 0.00914 1.87367e-01 4.14451e-04 -5.7156013557e-01 -3.8377897269e-01
302.000 -0.00000 0.00000 0.00000 -0.00000 -0.00000 -0.00000 -4.2645e-02 9.1821e-01 7.8471e-03 -2.5037e-04 4.0810e-01 -4.3931e-05 0.43497 0.44543 0.42414 0.02007 -0.00441 -0.01594 1.87366e-01 4.15875e-04 -5.7156065270e-01 -3.8377898877e-01
304.000 -0.00000 -0.00000 0.00000 -0.00000 -0.00000 -0.00000 2.1021e-02 9.1824e-01 3.4249e-02 -2.5037e-04 4.0810e-01 -4.3931e-05 0.43450 0.44529 0.42475 -0.01087 -0.01629 0.01737 1.87365e-01 4.17485e-04 -5.7156131474e-01 -3.8377900341e-01
306.000 -0.00000 0.00000 -0.00000 -0.00000 -0.00000 -0.00000 2.2023e-02 9.1823e-01 -3.1493e-02 -2.5037e-04 4.0810e-01 -4.3931e-05 0.41516 0.44523 0.44415 -0.01065 0.01548 -0.01215 1.87364e-01 4.19236e-04 -5.7156209267e-01 -3.8377901681e-01
308.000 0.00000 -0.00000 -0.00000 -0.00000 -0.00000 -0.00000 -3.6893e-02 9.1819e-01 -8.4856e-03 -2.5037e-04 4.0810e-01 -4.3931e-05 0.44907 0.44521 0.41025 0.01779 0.00382 0.00191 1.87363e-01 4.21032e-04 -5.7156296116e-01 -3.8377902926e-01
310.000 -0.00000 0.00000 0.00000 -0.00000 -0.00000 -0.00000 5.8925e-03 9.1822e-01 3.5829e-02 -2.5037e-04 4.0810e-01 -4.3931e-05 0.41228 0.44515 0.44710 -0.00329 -0.01755 0.00951 1.87362e-01 4.22735e-04 -5.7156389924e-01 -3.8377904110e-01
312.000 0.00000 -0.00000 0.00000 -0.00000 -0.00000 -0.00000 2.9758e-02 9.1823e-01 -2.0223e-02 -2.5037e-04 4.0810e-01 -4.3931e-05 0.43877 0.44514 0.42062 -0.01488 0.00979 -0.01770 1.87362e-01 4.24187e-04 -5.7156488985e-01 -3.8377905270e-01
314.000 0.00000 0.00000 -0.00000 -0.00000 -0.00000 -0.00000 -3.1512e-02 9.1819e-01 -2.0306e-02 -2.5037e-04 4.0810e-01 -4.3931e-05 0.43209 0.44520 0.42723 0.01499 0.01007 0.01949 1.87362e-01 4.25225e-04 -5.7156591858e-01 -3.8377906444e-01
316.000 -0.00000 0.00000 0.00000 -0.00000 -0.00000 -0.00000 -7.3432e-03 9.1821e-01 3.7463e-02 -2.5037e-04 4.0810e-01 -4.3931e-05 0.41699 0.44522 0.44231 0.00365 -0.01821 -0.01434 1.87362e-01 4.25706e-04 -5.7156697183e-01 -3.8377907668e-01
318.000 -0.00000 0.00000 -0.00000 -0.00000 -0.00000 -0.00000 3.8468e-02 9.1824e-01 -8.4704e-03 -2.5037e-04 4.0810e-01 -4.3931e-05 0.44741 0.44527 0.41184 -0.01897 0.00356 0.00452 1.87363e-01 4.25536e-04 -5.7156803485e-01 -3.8377908977e-01
320.000 0.00000 0.00000 -0.00000 -0.00000 -0.00000 -0.00000 -2.3960e-02 9.1821e-01 -3.5081e-02 -2.5037e-04 4.0810e-01 -4.3931e-05 0.41337 0.44539 0.44575 0.01074 0.01714 0.00593 1.87365e-01 4.24697e-04 -5.7156908988e-01 -3.8377910398e-01
322.000 0.00000 0.00000 -0.00000 -0.00000 -0.00000 -0.00000 -2.6241e-02 9.1823e-01 3.6267e-02 -2.5037e-04 4.0810e-01 -4.3931e-05 0.43866 0.44548 0.42036 0.01277 -0.01702 -0.01292 1.87368e-01 4.23278e-04 -5.7157011468e-01 -3.8377911953e-01
324.000 0.00000 0.00000 -0.00000 -0.00000 -0.00000 -0.00000 4.4921e-02 9.1828e-01 1.1956e-02 -2.5037e-04 4.0810e-01 -4.3931e-05 0.42934 0.44555 0.42959 -0.02146 -0.00633 0.01416 1.87370e-01 4.21488e-04 -5.7157108192e-01 -3.8377913659e-01
326.000 0.00000 -0.00000 0.00000 -0.00000 -0.00000 -0.00000 -4.8894e-03 9.1826e-01 -4.9438e-02 -2.5037e-04 4.0810e-01 -4.3931e-05 0.42249 0.44570 0.43628 0.00144 0.02339 -0.01003 1.87373e-01 4.19647e-04 -5.7157195951e-01 -3.8377915519e-01
328.000 -0.00000 0.00000 -0.00000 -0.00000 -0.00000 -0.00000 -4.7697e-02 9.1825e-01 2.1321e-02 -2.5037e-04 4.0810e-01 -4.3931e-05 0.43863 0.44582 0.42002 0.02243 -0.00963 0.00335 1.87375e-01 4.18128e-04 -5.7157271228e-01 -3.8377917529e-01
330.000 -0.00000 0.00000 -0.00000 -0.00000 -0.00000 -0.00000 3.6384e-02 9.1831e-01 3.8779e-02 -2.5037e-04 4.0810e-01 -4.3931e-05 0.42222 0.44587 0.43637 -0.01709 -0.01856 0.00222 1.87377e-01 4.17267e-04 -5.7157330508e-01 -3.8377919675e-01
332.000 -0.00000 0.00000 0.00000 -0.00000 -0.00000 -0.00000 2.4892e-02 9.1830e-01 -4.8830e-02 -2.5037e-04 4.0810e-01 -4.3931e-05 0.43181 0.44595 0.42669 -0.01219 0.02275 -0.00407 1.87377e-01 4.17258e-04 -5.7157370719e-01 -3.8377921935e-01
334.000 0.00000 -0.00000 -0.00000 -0.00000 -0.00000 -0.00000 -5.5613e-02 9.1825e-01 -8.6584e-03 -2.5037e-04 4.0810e-01 -4.3931e-05 0.43013 0.44604 0.42828 0.02580 0.00412 0.00206 1.87377e-01 4.18082e-04 -5.7157389759e-01 -3.8377924277e-01
336.000 0.00000 0.00000 -0.00000 -0.00000 -0.00000 -0.00000 8.9861e-03 9.1829e-01 5.4854e-02 -2.5037e-04 4.0810e-01 -4.3931e-05 0.42820 0.44600 0.43025 -0.00456 -0.02576 0.00157 1.87375e-01 4.19503e-04 -5.7157387016e-01 -3.8377926665e-01
338.000 -0.00000 -0.00000 0.00000 -0.00000 -0.00000 -0.00000 4.7880e-02 9.1829e-01 -2.6503e-02 -2.5037e-04 4.0810e-01 -4.3931e-05 0.42698 0.44596 0.43151 -0.02264 0.01259 -0.00359 1.87373e-01 4.21158e-04 -5.7157363729e-01 -3.8377929054e-01
340.000 -0.00000 0.00000 -0.00000 -0.00000 -0.00000 -0.00000 -4.0302e-02 9.1823e-01 -3.6579e-02 -2.5037e-04 4.0810e-01 -4.3931e-05 0.43588 0.44595 0.42263 0.01893 0.01687 0.00183 1.87371e-01 4.22692e-04 -5.7157323032e-01 -3.8377931398e-01
342.000 0.00000 0.00000 -0.00000 -0.00000 -0.00000 -0.00000 -2.1361e-02 9.1824e-01 4.7764e-02 -2.5037e-04 4.0810e-01 -4.3931e-05 0.42059 0.44584 0.43803 0.00933 -0.02275 0.00353 1.87369e-01 4.23873e-04 -5.7157269599e-01 -3.8377933654e-01
344.000 0.00000 -0.00000 -0.00000 -0.00000 -0.00000 -0.00000 4.9329e-02 9.1827e-01 3.4963e-03 -2.5037e-04 4.0810e-01 -4.3931e-05 0.43561 0.44570 0.42316 -0.02364 -0.00113 -0.00991 1.87368e-01 4.24651e-04 -5.7157208949e-01 -3.8377935781e-01
346.000 0.00000 0.00000 -0.00000 -0.00000 -0.00000 -0.00000 -1.3396e-02 9.1822e-01 -4.5937e-02 -2.5037e-04 4.0810e-01 -4.3931e-05 0.43018 0.44563 0.42867 0.00669 0.02160 0.01370 1.87367e-01 4.25130e-04 -5.7157146596e-01 -3.8377937753e-01
348.000 0.00000 0.00000 -0.00000 -0.00000 -0.00000 -0.00000 -3.7083e-02 9.1821e-01 2.6333e-02 -2.5037e-04 4.0810e-01 -4.3931e-05 0.41994 0.44552 0.43903 0.01704 -0.01313 -0.01220 1.87366e-01 4.25492e-04 -5.7157087273e-01 -3.8377939555e-01
350.000 -0.00000 -0.00000 -0.00000 -0.00000 -0.00000 -0.00000 3.5080e-02 9.1825e-01 2.3282e-02 -2.5037e-04 4.0810e-01 -4.3931e-05 0.44574 0.44537 0.41338 -0.01743 -0.01072 0.00507 1.87365e-01 4.25916e-04 -5.7157034413e-01 -3.8377941186e-01
352.000 -0.00000 -0.00000 -0.00000 -0.00000 -0.00000 -0.00000 7.6780e-03 9.1822e-01 -3.9648e-02 -2.5037e-04 4.0810e-01 -4.3931e-05 0.41230 0.44531 0.44690 -0.00349 0.01920 0.00531 1.87364e-01 4.26523e-04 -5.7156989937e-01 -3.8377942662e-01
354.000 0.00000 0.00000 -0.00000 -0.00000 -0.00000 -0.00000 -3.8477e-02 9.1819e-01 6.8514e-03 -2.5037e-04 4.0810e-01 -4.3931e-05 0.44144 0.44526 0.41781 0.01834 -0.00379 -0.01484 1.87363e-01 4.27343e-04 -5.7156954297e-01 -3.8377944007e-01
356.000 0.00000 -0.00000 -0.00000 -0.00000 -0.00000 -0.00000 1.9778e-02 9.1823e-01 3.1047e-02 -2.5037e-04 4.0810e-01 -4.3931e-05 0.42822 0.44517 0.43112 -0.01016 -0.01505 0.01951 1.87361e-01 4.28320e-04 -5.7156926679e-01 -3.8377945255e-01
358.000 -0.00000 0.00000 0.00000 -0.00000 -0.00000 -0.00000 1.9645e-02 9.1821e-01 -3.0452e-02 -2.5037e-04 4.0810e-01 -4.3931e-05 0.41976 0.44516 0.43960 -0.00982 0.01490 -0.01721 1.87360e-01 4.29330e-04 -5.7156905260e-01 -3.8377946444e-01
360.000 -0.00000 0.00000 -0.00000 -0.00000 -0.00000 -0.00000 -3.6382e-02 9.1818e-01 -6.5932e-03 -2.5037e-04 4.0810e-01 -4.3931e-05 0.44756 0.44519 0.41177 0.01752 0.00325 0.00864 1.87359e-01 4.30204e-04 -5.7156887471e-01 -3.8377947615e-01
362.000 -0.00000 0.00000 -0.00000 -0.00000 -0.00000 -0.00000 7.7532e-03 9.1820e-01 3.5973e-02 -2.5037e-04 4.0810e-01 -4.3931e-05 0.41025 0.44518 0.44909 -0.00385 -0.01767 0.00291 1.87358e-01 4.30749e-04 -5.7156870217e-01 -3.8377948809e-01
364.000 -0.00000 0.00000 -0.00000 -0.00000 -0.00000 -0.00000 3.0451e-02 9.1821e-01 -2.2511e-02 -2.5037e-04 4.0810e-01 -4.3931e-05 0.44369 0.44522 0.41561 -0.01530 0.01057 -0.01298 1.87358e-01 4.30779e-04 -5.7156850091e-01 -3.8377950066e-01
366.000 0.00000 0.00000 -0.00000 -0.00000 -0.00000 -0.00000 -3.4578e-02 9.1817e-01 -2.1235e-02 -2.5037e-04 4.0810e-01 -4.3931e-05 0.42549 0.44533 0.43370 0.01616 0.01065 0.01782 1.87359e-01 4.30137e-04 -5.7156823600e-01 -3.8377951423e-01
368.000 0.00000 -0.00000 -0.00000 -0.00000 -0.00000 -0.00000 -8.0655e-03 9.1820e-01 4.1466e-02 -2.5037e-04 4.0810e-01 -4.3931e-05 0.42327 0.44539 0.43586 0.00417 -0.01987 -0.01598 1.87360e-01 4.28730e-04 -5.7156787457e-01 -3.8377952909e-01
370.000 -0.00000 -0.00000 -0.00000 -0.00000 -0.00000 -0.00000 4.3340e-02 9.1823e-01 -8.4145e-03 -2.5037e-04 4.0810e-01 -4.3931e-05 0.44261 0.44547 0.41643 -0.02108 0.00335 0.00882 1.87361e-01 4.26560e-04 -5.7156738950e-01 -3.8377954544e-01
372.000 0.00000 0.00000 -0.00000 -0.00000 -0.00000 -0.00000 -2.4938e-02 9.1820e-01 -4.0550e-02 -2.5037e-04 4.0810e-01 -4.3931e-05 0.41539 0.44562 0.44351 0.01102 0.01954 0.00017 1.87363e-01 4.23747e-04 -5.7156676399e-01 -3.8377956338e-01
374.000 0.00000 -0.00000 -0.00000 -0.00000 -0.00000 -0.00000 -3.1907e-02 9.1822e-01 3.8467e-02 -2.5037e-04 4.0810e-01 -4.3931e-05 0.43914 0.44573 0.41964 0.01528 -0.01787 -0.00705 1.87366e-01 4.20539e-04 -5.7156599626e-01 -3.8377958287e-01
376.000 0.00000 0.00000 0.00000 -0.00000 -0.00000 -0.00000 4.8328e-02 9.1827e-01 1.7403e-02 -2.5037e-04 4.0810e-01 -4.3931e-05 0.42628 0.44579 0.43243 -0.02288 -0.00873 0.00928 1.87368e-01 4.17280e-04 -5.7156510334e-01 -3.8377960376e-01
378.000 0.00000 -0.00000 -0.00000 -0.00000 -0.00000 -0.00000 7.7058e-06 9.1825e-01 -5.3865e-02 -2.5037e-04 4.0810e-01 -4.3931e-05 0.42697 0.44592 0.43162 -0.00068 0.02527 -0.00691 1.87370e-01 4.14348e-04 -5.7156412231e-01 -3.8377962578e-01
380.000 -0.00000 -0.00000 -0.00000 -0.00000 -0.00000 -0.00000 -5.2876e-02 9.1823e-01 1.7159e-02 -2.5037e-04 4.0810e-01 -4.3931e-05 0.43323 0.44601 0.42527 0.02463 -0.00786 0.00236 1.87371e-01 4.12062e-04 -5.7156310786e-01 -3.8377964861e-01
382.000 0.00000 -0.00000 -0.00000 -0.00000 -0.00000 -0.00000 3.3002e-02 9.1829e-01 4.4454e-02 -2.5037e-04 4.0810e-01 -4.3931e-05 0.42739 0.44600 0.43112 -0.01568 -0.02095 0.00102 1.87372e-01 4.10602e-04 -5.7156212585e-01 -3.8377967189e-01
384.000 -0.00000 -0.00000 -0.00000 -0.00000 -0.00000 -0.00000 3.0894e-02 9.1827e-01 -4.6194e-02 -2.5037e-04 4.0810e-01 -4.3931e-05 0.42754 0.44601 0.43097 -0.01470 0.02166 -0.00092 1.87372e-01 4.09968e-04 -5.7156124405e-01 -3.8377969527e-01
386.000 0.00000 -0.00000 -0.00000 -0.00000 -0.00000 -0.00000 -5.3697e-02 9.1822e-01 -1.4909e-02 -2.5037e-04 4.0810e-01 -4.3931e-05 0.43284 0.44602 0.42565 0.02500 0.00672 -0.00253 1.87371e-01 4.10014e-04 -5.7156052239e-01 -3.8377971840e-01
388.000 -0.00000 -0.00000 -0.00000 -0.00000 -0.00000 -0.00000 2.5293e-03 9.1826e-01 5.3702e-02 -2.5037e-04 4.0810e-01 -4.3931e-05 0.42765 0.44591 0.43096 -0.00185 -0.02527 0.00686 1.87370e-01 4.10528e-04 -5.7156000523e-01 -3.8377974092e-01
390.000 -0.00000 -0.00000 0.00000 -0.00000 -0.00000 -0.00000 4.7610e-02 9.1827e-01 -1.9925e-02 -2.5037e-04 4.0810e-01 -4.3931e-05 0.42554 0.44580 0.43318 -0.02253 0.00981 -0.00875 1.87369e-01 4.11321e-04 -5.7155971733e-01 -3.8377976253e-01
392.000 -0.00000 -0.00000 -0.00000 -0.00000 -0.00000 -0.00000 -3.3796e-02 9.1821e-01 -3.7321e-02 -2.5037e-04 4.0810e-01 -4.3931e-05 0.43959 0.44575 0.41920 0.01615 0.01721 0.00598 1.87368e-01 4.12281e-04 -5.7155966376e-01 -3.8377978292e-01
394.000 0.00000 0.00000 0.00000 -0.00000 -0.00000 -0.00000 -2.3168e-02 9.1823e-01 4.1628e-02 -2.5037e-04 4.0810e-01 -4.3931e-05 0.41564 0.44561 0.44328 0.01016 -0.02011 0.00116 1.87367e-01 4.13381e-04 -5.7155983314e-01 -3.8377980188e-01
396.000 0.00000 0.00000 -0.00000 -0.00000 -0.00000 -0.00000 4.3910e-02 9.1826e-01 6.2670e-03 -2.5037e-04 4.0810e-01 -4.3931e-05 0.44157 0.44547 0.41750 -0.02132 -0.00242 -0.00993 1.87366e-01 4.14644e-04 -5.7156020255e-01 -3.8377981929e-01
398.000 -0.00000 0.00000 -0.00000 -0.00000 -0.00000 -0.00000 -9.9359e-03 9.1822e-01 -4.1527e-02 -2.5037e-04 4.0810e-01 -4.3931e-05 0.42492 0.44540 0.43422 0.00507 0.01977 0.01638 1.87365e-01 4.16096e-04 -5.7156074294e-01 -3.8377983516e-01
400.000 0.00000 0.00000 0.00000 -0.00000 -0.00000 -0.00000 -3.3824e-02 9.1820e-01 2.2589e-02 -2.5037e-04 4.0810e-01 -4.3931e-05 0.42380 0.44532 0.43543 0.01576 -0.01139 -0.01722 1.87364e-01 4.17731e-04 -5.7156142381e-01 -3.8377984960e-01
