# t x y z vx vy vz omx omy omz llx lly llz Ixx Iyy Izz Ixy Iyz Ixz KErot PEspr PEgrav Etot
0.000 0.00000 -0.00000 -0.00000 0.00000 -0.00000 0.00000 3.2844e-02 9.2069e-01 -3.5500e-02 -2.4538e-04 4.0954e-01 -5.0150e-05 0.43263 0.44603 0.43006 -0.01577 0.01659 -0.00185 1.88527e-01 2.89385e-29 -5.7041034166e-01 -3.8188300428e-01
2.000 -0.00000 0.00000 0.00000 -0.00000 0.00000 0.00000 -4.4721e-02 9.1875e-01 -2.0076e-02 -2.4538e-04 4.0954e-01 -5.0150e-05 0.43158 0.44698 0.42834 0.02076 0.00935 0.00093 1.88140e-01 4.03270e-04 -5.7083062828e-01 -3.8228727910e-01
4.004 -0.00000 -0.00000 0.00000 -0.00000 0.00000 0.00000 -4.8084e-03 9.1877e-01 4.7828e-02 -2.4538e-04 4.0954e-01 -5.0150e-05 0.42757 0.44694 0.43240 0.00185 -0.02255 0.00223 1.88137e-01 4.05643e-04 -5.7083041739e-01 -3.8228791321e-01
6.004 0.00000 0.00000 0.00000 -0.00000 0.00000 -0.00000 4.5418e-02 9.1879e-01 -1.1611e-02 -2.4538e-04 4.0954e-01 -5.0150e-05 0.43007 0.44688 0.42996 -0.02159 0.00563 -0.00512 1.88137e-01 4.04558e-04 -5.7083009332e-01 -3.8228815112e-01
8.004 -0.00000 -0.00000 -0.00000 -0.00000 0.00000 -0.00000 -2.5973e-02 9.1875e-01 -3.8795e-02 -2.4538e-04 4.0954e-01 -5.0150e-05 0.43446 0.44687 0.42558 0.01224 0.01807 0.00536 1.88138e-01 4.03383e-04 -5.7082942280e-01 -3.8228837457e-01
10.000 -0.00000 -0.00000 0.00000 0.00000 0.00000 0.00000 -2.7839e-02 9.1876e-01 3.5555e-02 -2.4538e-04 4.0954e-01 -5.0150e-05 0.42156 0.44680 0.43856 0.01258 -0.01709 -0.00199 1.88138e-01 4.02030e-04 -5.7082844572e-01 -3.8228858646e-01
12.000 -0.00000 -0.00000 -0.00000 0.00000 0.00000 0.00000 4.0733e-02 9.1879e-01 1.3023e-02 -2.4538e-04 4.0954e-01 -5.0150e-05 0.43963 0.44670 0.42060 -0.01970 -0.00584 -0.00405 1.88138e-01 4.00763e-04 -5.7082720858e-01 -3.8228878699e-01
14.000 0.00000 -0.00000 -0.00000 -0.00000 0.00000 0.00000 -2.3456e-03 9.1876e-01 -4.1697e-02 -2.4538e-04 4.0954e-01 -5.0150e-05 0.42406 0.44666 0.43622 0.00127 0.01977 0.01006 1.88137e-01 3.99766e-04 -5.7082577426e-01 -3.8228897534e-01
16.000 0.00000 0.00000 -0.00000 -0.00000 -0.00000 0.00000 -3.7288e-02 9.1874e-01 1.5485e-02 -2.4538e-04 4.0954e-01 -5.0150e-05 0.42920 0.44661 0.43115 0.01737 -0.00785 -0.01296 1.88136e-01 3.99152e-04 -5.7082420704e-01 -3.8228915167e-01
18.000 -0.00000 -0.00000 -0.00000 0.00000 -0.00000 0.00000 2.6044e-02 9.1877e-01 2.7430e-02 -2.4538e-04 4.0954e-01 -5.0150e-05 0.43913 0.44651 0.42132 -0.01304 -0.01294 0.01085 1.88134e-01 3.98942e-04 -5.7082256786e-01 -3.8228931660e-01
20.004 -0.00000 -0.00000 -0.00000 -0.00000 0.00000 -0.00000 1.4618e-02 9.1875e-01 -3.3691e-02 -2.4538e-04 4.0954e-01 -5.0150e-05 0.41592 0.44647 0.44457 -0.00703 0.01631 -0.00391 1.88132e-01 3.99071e-04 -5.7082090773e-01 -3.8228947150e-01
22.004 -0.00000 0.00000 0.00000 -0.00000 0.00000 0.00000 -3.6203e-02 9.1871e-01 -1.5965e-03 -2.4538e-04 4.0954e-01 -5.0150e-05 0.44481 0.44646 0.41571 0.01725 0.00046 -0.00520 1.88130e-01 3.99416e-04 -5.7081927975e-01 -3.8228961728e-01
24.004 -0.00000 -0.00000 0.00000 -0.00000 -0.00000 0.00000 1.1334e-02 9.1873e-01 3.2675e-02 -2.4538e-04 4.0954e-01 -5.0150e-05 0.42106 0.44641 0.43952 -0.00592 -0.01585 0.01291 1.88128e-01 3.99820e-04 -5.7081771973e-01 -3.8228975611e-01
26.004 0.00000 0.00000 0.00000 -0.00000 -0.00000 0.00000 2.4876e-02 9.1872e-01 -2.3397e-02 -2.4538e-04 4.0954e-01 -5.0150e-05 0.43054 0.44640 0.43006 -0.01233 0.01133 -0.01606 1.88126e-01 4.00128e-04 -5.7081626122e-01 -3.8228989020e-01
28.004 -0.00000 0.00000 -0.00000 0.00000 -0.00000 -0.00000 -3.1866e-02 9.1868e-01 -1.4636e-02 -2.4538e-04 4.0954e-01 -5.0150e-05 0.43923 0.44643 0.42134 0.01518 0.00712 0.01330 1.88125e-01 4.00205e-04 -5.7081493444e-01 -3.8229002203e-01
30.004 0.00000 -0.00000 -0.00000 0.00000 -0.00000 -0.00000 -1.9860e-03 9.1870e-01 3.4857e-02 -2.4538e-04 4.0954e-01 -5.0150e-05 0.41556 0.44643 0.44502 0.00085 -0.01695 -0.00574 1.88124e-01 3.99958e-04 -5.7081376832e-01 -3.8229015425e-01
32.004 -0.00000 -0.00000 -0.00000 -0.00000 -0.00000 -0.00000 3.3189e-02 9.1871e-01 -1.2328e-02 -2.4538e-04 4.0954e-01 -5.0150e-05 0.44525 0.44645 0.41532 -0.01640 0.00565 -0.00358 1.88123e-01 3.99349e-04 -5.7081279209e-01 -3.8229028967e-01
34.004 -0.00000 -0.00000 -0.00000 -0.00000 -0.00000 -0.00000 -2.5265e-02 9.1868e-01 -2.7797e-02 -2.4538e-04 4.0954e-01 -5.0150e-05 0.42044 0.44653 0.44004 0.01163 0.01356 0.01098 1.88123e-01 3.98403e-04 -5.7081203582e-01 -3.8229043111e-01
36.004 0.00000 -0.00000 0.00000 0.00000 0.00000 -0.00000 -1.7991e-02 9.1869e-01 3.4326e-02 -2.4538e-04 4.0954e-01 -5.0150e-05 0.43184 0.44657 0.42860 0.00870 -0.01634 -0.01376 1.88124e-01 3.97212e-04 -5.7081152970e-01 -3.8229058130e-01
38.000 0.00000 0.00000 -0.00000 0.00000 -0.00000 -0.00000 3.9476e-02 9.1873e-01 4.2193e-03 -2.4538e-04 4.0954e-01 -5.0150e-05 0.43621 0.44660 0.42420 -0.01906 -0.00249 0.01130 1.88125e-01 3.95927e-04 -5.7081130206e-01 -3.8229074230e-01
40.000 0.00000 0.00000 -0.00000 0.00000 0.00000 -0.00000 -1.0900e-02 9.1870e-01 -4.0807e-02 -2.4538e-04 4.0954e-01 -5.0150e-05 0.41986 0.44670 0.44044 0.00448 0.01945 -0.00518 1.88126e-01 3.94728e-04 -5.7081137429e-01 -3.8229091657e-01
42.000 0.00000 0.00000 0.00000 0.00000 0.00000 -0.00000 -3.6637e-02 9.1866e-01 2.4504e-02 -2.4538e-04 4.0954e-01 -5.0150e-05 0.44002 0.44680 0.42022 0.01732 -0.01133 -0.00159 1.88120e-01 3.93373e-04 -5.7080494530e-01 -3.8229109382e-01
44.000 -0.00000 0.00000 0.00000 0.00000 0.00000 -0.00000 3.6047e-02 9.1871e-01 2.6488e-02 -2.4538e-04 4.0954e-01 -5.0150e-05 0.42425 0.44682 0.43596 -0.01709 -0.01286 0.00601 1.88121e-01 3.93137e-04 -5.7080564927e-01 -3.8229119612e-01
46.000 0.00000 0.00000 0.00000 0.00000 0.00000 -0.00000 1.2753e-02 9.1869e-01 -4.4749e-02 -2.4538e-04 4.0954e-01 -5.0150e-05 0.43082 0.44690 0.42930 -0.00657 0.02095 -0.00656 1.88122e-01 3.93225e-04 -5.7080662698e-01 -3.8229130367e-01
48.000 -0.00000 -0.00000 0.00000 0.00000 0.00000 -0.00000 -4.8103e-02 9.1866e-01 2.0594e-03 -2.4538e-04 4.0954e-01 -5.0150e-05 0.43266 0.44698 0.42737 0.02238 -0.00081 0.00390 1.88123e-01 3.93841e-04 -5.7080784022e-01 -3.8229141603e-01
50.000 0.00000 -0.00000 0.00000 0.00000 0.00000 -0.00000 1.7286e-02 9.1871e-01 4.4729e-02 -2.4538e-04 4.0954e-01 -5.0150e-05 0.42714 0.44697 0.43290 -0.00829 -0.02113 -0.00029 1.88123e-01 3.94892e-04 -5.7080922022e-01 -3.8229153148e-01
52.000 0.00000 0.00000 -0.00000 0.00000 0.00000 -0.00000 3.6224e-02 9.1871e-01 -3.1742e-02 -2.4538e-04 4.0954e-01 -5.0150e-05 0.43047 0.44698 0.42955 -0.01730 0.01485 -0.00170 1.88123e-01 3.96210e-04 -5.7081068192e-01 -3.8229164809e-01
54.000 0.00000 0.00000 0.00000 0.00000 0.00000 -0.00000 -4.2279e-02 9.1867e-01 -2.4495e-02 -2.4538e-04 4.0954e-01 -5.0150e-05 0.43247 0.44701 0.42751 0.01965 0.01138 0.00070 1.88123e-01 3.97602e-04 -5.7081213473e-01 -3.8229176398e-01
56.000 0.00000 -0.00000 0.00000 0.00000 -0.00000 -0.00000 -9.8513e-03 9.1869e-01 4.6714e-02 -2.4538e-04 4.0954e-01 -5.0150e-05 0.42654 0.44696 0.43348 0.00417 -0.02207 0.00265 1.88123e-01 3.98916e-04 -5.7081349249e-01 -3.8229187756e-01
58.000 -0.00000 -0.00000 0.00000 0.00000 -0.00000 -0.00000 4.5778e-02 9.1872e-01 -6.5861e-03 -2.4538e-04 4.0954e-01 -5.0150e-05 0.43123 0.44689 0.42886 -0.02180 0.00332 -0.00612 1.88123e-01 4.00065e-04 -5.7081468380e-01 -3.8229198763e-01
60.000 0.00000 -0.00000 -0.00000 0.00000 -0.00000 -0.00000 -2.1443e-02 9.1867e-01 -4.0533e-02 -2.4538e-04 4.0954e-01 -5.0150e-05 0.43375 0.44687 0.42636 0.01017 0.01892 0.00712 1.88123e-01 4.01044e-04 -5.7081565924e-01 -3.8229209340e-01
62.000 0.00000 -0.00000 0.00000 0.00000 -0.00000 -0.00000 -3.0563e-02 9.1868e-01 3.2039e-02 -2.4538e-04 4.0954e-01 -5.0150e-05 0.42134 0.44680 0.43884 0.01390 -0.01550 -0.00423 1.88122e-01 4.01909e-04 -5.7081639449e-01 -3.8229219439e-01
64.000 0.00000 0.00000 -0.00000 0.00000 -0.00000 -0.00000 3.8381e-02 9.1871e-01 1.6466e-02 -2.4538e-04 4.0954e-01 -5.0150e-05 0.44120 0.44669 0.41908 -0.01866 -0.00748 -0.00195 1.88122e-01 4.02737e-04 -5.7081688938e-01 -3.8229229040e-01
66.000 -0.00000 0.00000 0.00000 0.00000 -0.00000 -0.00000 1.3715e-03 9.1868e-01 -4.0660e-02 -2.4538e-04 4.0954e-01 -5.0150e-05 0.42138 0.44665 0.43895 -0.00050 0.01936 0.00893 1.88121e-01 4.03593e-04 -5.7081716396e-01 -3.8229238143e-01
68.000 -0.00000 0.00000 0.00000 0.00000 -0.00000 -0.00000 -3.7547e-02 9.1866e-01 1.1966e-02 -2.4538e-04 4.0954e-01 -5.0150e-05 0.43239 0.44660 0.42799 0.01758 -0.00618 -0.01347 1.88120e-01 4.04506e-04 -5.7081725312e-01 -3.8229246768e-01
70.000 -0.00000 0.00000 -0.00000 0.00000 -0.00000 -0.00000 2.3157e-02 9.1869e-01 2.8802e-02 -2.4538e-04 4.0954e-01 -5.0150e-05 0.43655 0.44651 0.42392 -0.01168 -0.01368 0.01313 1.88119e-01 4.05458e-04 -5.7081720091e-01 -3.8229254950e-01
72.000 0.00000 0.00000 -0.00000 0.00000 -0.00000 -0.00000 1.6905e-02 9.1868e-01 -3.1717e-02 -2.4538e-04 4.0954e-01 -5.0150e-05 0.41698 0.44648 0.44353 -0.00820 0.01540 -0.00751 1.88118e-01 4.06392e-04 -5.7081705571e-01 -3.8229262744e-01
74.000 -0.00000 0.00000 -0.00000 0.00000 -0.00000 -0.00000 -3.5449e-02 9.1864e-01 -4.2466e-03 -2.4538e-04 4.0954e-01 -5.0150e-05 0.44592 0.44648 0.41460 0.01693 0.00181 -0.00147 1.88117e-01 4.07223e-04 -5.7081686657e-01 -3.8229270224e-01
76.000 0.00000 0.00000 0.00000 0.00000 -0.00000 -0.00000 8.8100e-03 9.1867e-01 3.3167e-02 -2.4538e-04 4.0954e-01 -5.0150e-05 0.41803 0.44643 0.44254 -0.00465 -0.01613 0.01032 1.88116e-01 4.07861e-04 -5.7081668063e-01 -3.8229277482e-01
78.004 0.00000 -0.00000 0.00000 0.00000 -0.00000 -0.00000 2.6374e-02 9.1867e-01 -2.1570e-02 -2.4538e-04 4.0954e-01 -5.0150e-05 0.43440 0.44642 0.42618 -0.01310 0.01040 -0.01556 1.88115e-01 4.08228e-04 -5.7081654129e-01 -3.8229284639e-01
80.004 0.00000 -0.00000 -0.00000 0.00000 -0.00000 -0.00000 -3.0966e-02 9.1864e-01 -1.6877e-02 -2.4538e-04 4.0954e-01 -5.0150e-05 0.43570 0.44646 0.42483 0.01469 0.00826 0.01498 1.88115e-01 4.08273e-04 -5.7081648807e-01 -3.8229291788e-01
82.004 0.00000 0.00000 0.00000 0.00000 0.00000 -0.00000 -4.5566e-03 9.1866e-01 3.5111e-02 -2.4538e-04 4.0954e-01 -5.0150e-05 0.41753 0.44647 0.44299 0.00215 -0.01703 -0.00900 1.88116e-01 4.07988e-04 -5.7081655374e-01 -3.8229299075e-01
84.004 -0.00000 0.00000 0.00000 0.00000 -0.00000 -0.00000 3.4658e-02 9.1868e-01 -9.8963e-03 -2.4538e-04 4.0954e-01 -5.0150e-05 0.44530 0.44649 0.41521 -0.01706 0.00441 0.00013 1.88116e-01 4.07413e-04 -5.7081676430e-01 -3.8229306637e-01
86.004 0.00000 0.00000 -0.00000 0.00000 0.00000 -0.00000 -2.3433e-02 9.1865e-01 -3.0365e-02 -2.4538e-04 4.0954e-01 -5.0150e-05 0.41843 0.44657 0.44198 0.01067 0.01476 0.00805 1.88117e-01 4.06640e-04 -5.7081713677e-01 -3.8229314608e-01
88.004 0.00000 -0.00000 -0.00000 0.00000 0.00000 -0.00000 -2.1384e-02 9.1867e-01 3.3483e-02 -2.4538e-04 4.0954e-01 -5.0150e-05 0.43484 0.44662 0.42552 0.01031 -0.01585 -0.01243 1.88119e-01 4.05801e-04 -5.7081767678e-01 -3.8229323110e-01
90.004 -0.00000 -0.00000 -0.00000 -0.00000 0.00000 -0.00000 3.9907e-02 9.1871e-01 7.8843e-03 -2.4538e-04 4.0954e-01 -5.0150e-05 0.43324 0.44665 0.42709 -0.01919 -0.00423 0.01170 1.88120e-01 4.05047e-04 -5.7081837587e-01 -3.8229332242e-01
92.004 0.00000 0.00000 0.00000 -0.00000 0.00000 -0.00000 -7.2805e-03 9.1868e-01 -4.2541e-02 -2.4538e-04 4.0954e-01 -5.0150e-05 0.42188 0.44675 0.43833 0.00276 0.02019 -0.00685 1.88121e-01 4.04524e-04 -5.7081920883e-01 -3.8229342063e-01
94.004 -0.00000 0.00000 -0.00000 -0.00000 0.00000 -0.00000 -3.9605e-02 9.1867e-01 2.1392e-02 -2.4538e-04 4.0954e-01 -5.0150e-05 0.43916 0.44683 0.42097 0.01865 -0.00983 0.00057 1.88122e-01 4.04325e-04 -5.7082013219e-01 -3.8229352580e-01
96.004 -0.00000 0.00000 0.00000 0.00000 0.00000 -0.00000 3.3843e-02 9.1872e-01 3.0465e-02 -2.4538e-04 4.0954e-01 -5.0150e-05 0.42390 0.44685 0.43620 -0.01602 -0.01467 0.00410 1.88123e-01 4.04464e-04 -5.7082108470e-01 -3.8229363741e-01
98.004 0.00000 0.00000 0.00000 -0.00000 0.00000 -0.00000 1.7388e-02 9.1870e-01 -4.3753e-02 -2.4538e-04 4.0954e-01 -5.0150e-05 0.43166 0.44692 0.42837 -0.00869 0.02045 -0.00531 1.88123e-01 4.04851e-04 -5.7082199068e-01 -3.8229375428e-01
100.004 -0.00000 -0.00000 0.00000 -0.00000 0.00000 -0.00000 -4.8478e-02 9.1867e-01 -2.8036e-03 -2.4538e-04 4.0954e-01 -5.0150e-05 0.43165 0.44699 0.42829 0.02252 0.00142 0.00326 1.88124e-01 4.05312e-04 -5.7082276686e-01 -3.8229387476e-01
102.004 -0.00000 0.00000 0.00000 -0.00000 0.00000 -0.00000 1.2654e-02 9.1871e-01 4.6481e-02 -2.4538e-04 4.0954e-01 -5.0150e-05 0.42789 0.44697 0.43207 -0.00616 -0.02192 0.00004 1.88124e-01 4.05627e-04 -5.7082333192e-01 -3.8229399689e-01
104.004 -0.00000 0.00000 0.00000 -0.00000 0.00000 -0.00000 3.9209e-02 9.1872e-01 -2.7775e-02 -2.4538e-04 4.0954e-01 -5.0150e-05 0.42974 0.44697 0.43023 -0.01867 0.01304 -0.00201 1.88124e-01 4.05596e-04 -5.7082361707e-01 -3.8229411865e-01
106.004 -0.00000 0.00000 -0.00000 -0.00000 0.00000 -0.00000 -3.9338e-02 9.1867e-01 -2.8431e-02 -2.4538e-04 4.0954e-01 -5.0150e-05 0.43336 0.44699 0.42659 0.01832 0.01319 0.00104 1.88124e-01 4.05110e-04 -5.7082357552e-01 -3.8229423822e-01
108.004 0.00000 0.00000 0.00000 -0.00000 0.00000 -0.00000 -1.4355e-02 9.1870e-01 4.5046e-02 -2.4538e-04 4.0954e-01 -5.0150e-05 0.42522 0.44693 0.43478 0.00625 -0.02133 0.00256 1.88125e-01 4.04178e-04 -5.7082318830e-01 -3.8229435409e-01
110.004 -0.00000 0.00000 0.00000 -0.00000 0.00000 -0.00000 4.5488e-02 9.1873e-01 -1.9597e-03 -2.4538e-04 4.0954e-01 -5.0150e-05 0.43283 0.44685 0.42726 -0.02171 0.00119 -0.00670 1.88125e-01 4.02934e-04 -5.7082246522e-01 -3.8229446515e-01
112.004 -0.00000 -0.00000 -0.00000 -0.00000 -0.00000 -0.00000 -1.7149e-02 9.1869e-01 -4.1568e-02 -2.4538e-04 4.0954e-01 -5.0150e-05 0.43236 0.44682 0.42776 0.00820 0.01946 0.00868 1.88125e-01 4.01583e-04 -5.7082144106e-01 -3.8229457066e-01
114.004 -0.00000 0.00000 0.00000 -0.00000 -0.00000 -0.00000 -3.2719e-02 9.1869e-01 2.8488e-02 -2.4538e-04 4.0954e-01 -5.0150e-05 0.42187 0.44675 0.43834 0.01496 -0.01388 -0.00663 1.88125e-01 4.00349e-04 -5.7082016843e-01 -3.8229467019e-01
116.004 0.00000 -0.00000 0.00000 -0.00000 -0.00000 -0.00000 3.5888e-02 9.1873e-01 1.9409e-02 -2.4538e-04 4.0954e-01 -5.0150e-05 0.44212 0.44665 0.41820 -0.01755 -0.00892 0.00069 1.88125e-01 3.99411e-04 -5.7081870939e-01 -3.8229476361e-01
118.004 0.00000 0.00000 -0.00000 -0.00000 -0.00000 -0.00000 4.6761e-03 9.1870e-01 -3.9400e-02 -2.4538e-04 4.0954e-01 -5.0150e-05 0.41903 0.44661 0.44135 -0.00210 0.01884 0.00698 1.88123e-01 3.98867e-04 -5.7081712777e-01 -3.8229485103e-01
120.004 -0.00000 -0.00000 0.00000 -0.00000 -0.00000 -0.00000 -3.7535e-02 9.1867e-01 8.7583e-03 -2.4538e-04 4.0954e-01 -5.0150e-05 0.43570 0.44657 0.42472 0.01766 -0.00464 -0.01306 1.88122e-01 3.98720e-04 -5.7081548354e-01 -3.8229493280e-01
122.004 -0.00000 0.00000 0.00000 -0.00000 -0.00000 -0.00000 2.0478e-02 9.1870e-01 2.9885e-02 -2.4538e-04 4.0954e-01 -5.0150e-05 0.43340 0.44648 0.42712 -0.01040 -0.01428 0.01464 1.88120e-01 3.98896e-04 -5.7081382969e-01 -3.8229500951e-01
124.004 -0.00000 0.00000 -0.00000 -0.00000 -0.00000 0.00000 1.8787e-02 9.1868e-01 -2.9914e-02 -2.4538e-04 4.0954e-01 -5.0150e-05 0.41894 0.44646 0.44162 -0.00918 0.01454 -0.01062 1.88118e-01 3.99262e-04 -5.7081221133e-01 -3.8229508195e-01
126.004 -0.00000 0.00000 -0.00000 -0.00000 -0.00000 0.00000 -3.4735e-02 9.1864e-01 -6.5253e-03 -2.4538e-04 4.0954e-01 -5.0150e-05 0.44600 0.44647 0.41455 0.01661 0.00298 0.00229 1.88116e-01 3.99662e-04 -5.7081066654e-01 -3.8229515109e-01
128.004 0.00000 -0.00000 -0.00000 -0.00000 -0.00000 0.00000 6.5864e-03 9.1866e-01 3.3594e-02 -2.4538e-04 4.0954e-01 -5.0150e-05 0.41592 0.44643 0.44468 -0.00351 -0.01637 0.00716 1.88114e-01 3.99941e-04 -5.7080922823e-01 -3.8229521805e-01
130.004 -0.00000 0.00000 0.00000 0.00000 -0.00000 0.00000 2.7909e-02 9.1866e-01 -1.9733e-02 -2.4538e-04 4.0954e-01 -5.0150e-05 0.43804 0.44643 0.42257 -0.01388 0.00945 -0.01403 1.88113e-01 3.99969e-04 -5.7080792635e-01 -3.8229528410e-01
132.004 0.00000 0.00000 -0.00000 0.00000 -0.00000 0.00000 -3.0026e-02 9.1862e-01 -1.9200e-02 -2.4538e-04 4.0954e-01 -5.0150e-05 0.43189 0.44649 0.42867 0.01418 0.00942 0.01566 1.88112e-01 3.99662e-04 -5.7080678988e-01 -3.8229535059e-01
134.004 0.00000 0.00000 0.00000 -0.00000 -0.00000 0.00000 -7.2673e-03 9.1864e-01 3.5317e-02 -2.4538e-04 4.0954e-01 -5.0150e-05 0.42031 0.44650 0.44023 0.00350 -0.01707 -0.01158 1.88111e-01 3.98992e-04 -5.7080584830e-01 -3.8229541893e-01
136.004 0.00000 0.00000 -0.00000 -0.00000 -0.00000 0.00000 3.6095e-02 9.1866e-01 -7.2630e-03 -2.4538e-04 4.0954e-01 -5.0150e-05 0.44440 0.44653 0.41612 -0.01770 0.00309 0.00365 1.88112e-01 3.97996e-04 -5.7080513187e-01 -3.8229549053e-01
138.004 -0.00000 0.00000 -0.00000 -0.00000 -0.00000 0.00000 -2.1342e-02 9.1863e-01 -3.2945e-02 -2.4538e-04 4.0954e-01 -5.0150e-05 0.41738 0.44662 0.44305 0.00960 0.01595 0.00478 1.88112e-01 3.96775e-04 -5.7080467075e-01 -3.8229556674e-01
140.004 -0.00000 -0.00000 -0.00000 0.00000 -0.00000 0.00000 -2.4855e-02 9.1864e-01 3.2336e-02 -2.4538e-04 4.0954e-01 -5.0150e-05 0.43728 0.44668 0.42309 0.01193 -0.01523 -0.01038 1.88113e-01 3.95487e-04 -5.7080449249e-01 -3.8229564872e-01
142.004 -0.00000 0.00000 -0.00000 0.00000 -0.00000 0.00000 3.9988e-02 9.1868e-01 1.1867e-02 -2.4538e-04 4.0954e-01 -5.0150e-05 0.43039 0.44671 0.42994 -0.01915 -0.00610 0.01128 1.88115e-01 3.94323e-04 -5.7080461807e-01 -3.8229573732e-01
144.004 -0.00000 -0.00000 -0.00000 -0.00000 -0.00000 0.00000 -3.2401e-03 9.1865e-01 -4.3981e-02 -2.4538e-04 4.0954e-01 -5.0150e-05 0.42424 0.44681 0.43598 0.00085 0.02079 -0.00782 1.88116e-01 3.93476e-04 -5.7080505680e-01 -3.8229583292e-01
146.004 -0.00000 -0.00000 -0.00000 0.00000 -0.00000 0.00000 -4.2368e-02 9.1864e-01 1.7765e-02 -2.4538e-04 4.0954e-01 -5.0150e-05 0.43782 0.44689 0.42232 0.01988 -0.00812 0.00229 1.88117e-01 3.93099e-04 -5.7080580107e-01 -3.8229593533e-01
148.004 -0.00000 -0.00000 -0.00000 0.00000 0.00000 0.00000 3.1058e-02 9.1869e-01 3.4354e-02 -2.4538e-04 4.0954e-01 -5.0150e-05 0.42423 0.44690 0.43589 -0.01470 -0.01643 0.00234 1.88118e-01 3.93271e-04 -5.7080682208e-01 -3.8229604371e-01
150.004 -0.00000 0.00000 -0.00000 0.00000 0.00000 0.00000 2.2074e-02 9.1868e-01 -4.2144e-02 -2.4538e-04 4.0954e-01 -5.0150e-05 0.43200 0.44696 0.42805 -0.01083 0.01968 -0.00395 1.88118e-01 3.93969e-04 -5.7080806830e-01 -3.8229615668e-01
152.004 -0.00000 0.00000 -0.00000 0.00000 0.00000 0.00000 -4.8247e-02 9.1864e-01 -7.8653e-03 -2.4538e-04 4.0954e-01 -5.0150e-05 0.43113 0.44702 0.42885 0.02240 0.00374 0.00235 1.88118e-01 3.95078e-04 -5.7080946762e-01 -3.8229627243e-01
154.000 0.00000 0.00000 -0.00000 0.00000 0.00000 0.00000 7.4978e-03 9.1868e-01 4.7715e-02 -2.4538e-04 4.0954e-01 -5.0150e-05 0.42841 0.44699 0.43159 -0.00380 -0.02248 0.00072 1.88118e-01 3.96417e-04 -5.7081093085e-01 -3.8229638876e-01
156.000 0.00000 -0.00000 0.00000 0.00000 -0.00000 0.00000 4.1831e-02 9.1869e-01 -2.3182e-02 -2.4538e-04 4.0954e-01 -5.0150e-05 0.42923 0.44697 0.43078 -0.01988 0.01094 -0.00275 1.88118e-01 3.97805e-04 -5.7081237323e-01 -3.8229650433e-01
158.000 -0.00000 0.00000 0.00000 0.00000 -0.00000 0.00000 -3.5724e-02 9.1865e-01 -3.2184e-02 -2.4538e-04 4.0954e-01 -5.0150e-05 0.43426 0.44698 0.42574 0.01669 0.01493 0.00188 1.88118e-01 3.99094e-04 -5.7081370752e-01 -3.8229661736e-01
160.000 0.00000 0.00000 -0.00000 0.00000 -0.00000 0.00000 -1.8858e-02 9.1866e-01 4.2720e-02 -2.4538e-04 4.0954e-01 -5.0150e-05 0.42378 0.44692 0.43628 0.00834 -0.02030 0.00193 1.88118e-01 4.00213e-04 -5.7081486559e-01 -3.8229672672e-01
162.000 0.00000 -0.00000 0.00000 0.00000 0.00000 0.00000 4.4611e-02 9.1870e-01 2.8280e-03 -2.4538e-04 4.0954e-01 -5.0150e-05 0.43486 0.44683 0.42529 -0.02136 -0.00103 -0.00682 1.88118e-01 4.01168e-04 -5.7081580209e-01 -3.8229683168e-01
164.000 -0.00000 0.00000 -0.00000 0.00000 0.00000 0.00000 -1.2570e-02 9.1866e-01 -4.2135e-02 -2.4538e-04 4.0954e-01 -5.0150e-05 0.43035 0.44680 0.42982 0.00608 0.01980 0.00996 1.88118e-01 4.02021e-04 -5.7081649686e-01 -3.8229693182e-01
166.000 -0.00000 -0.00000 -0.00000 0.00000 -0.00000 0.00000 -3.4555e-02 9.1865e-01 2.4580e-02 -2.4538e-04 4.0954e-01 -5.0150e-05 0.42317 0.44673 0.43708 0.01589 -0.01209 -0.00910 1.88117e-01 4.02850e-04 -5.7081695341e-01 -3.8229702697e-01
168.000 0.00000 0.00000 0.00000 0.00000 -0.00000 0.00000 3.3023e-02 9.1869e-01 2.2186e-02 -2.4538e-04 4.0954e-01 -5.0150e-05 0.44235 0.44663 0.41801 -0.01626 -0.01029 0.00378 1.88116e-01 4.03714e-04 -5.7081719467e-01 -3.8229711716e-01
170.000 0.00000 0.00000 -0.00000 0.00000 0.00000 0.00000 7.9581e-03 9.1866e-01 -3.7813e-02 -2.4538e-04 4.0954e-01 -5.0150e-05 0.41706 0.44659 0.44334 -0.00371 0.01816 0.00424 1.88115e-01 4.04636e-04 -5.7081725740e-01 -3.8229720262e-01
172.000 -0.00000 -0.00000 0.00000 0.00000 0.00000 0.00000 -3.7285e-02 9.1863e-01 5.4635e-03 -2.4538e-04 4.0954e-01 -5.0150e-05 0.43907 0.44655 0.42136 0.01762 -0.00304 -0.01171 1.88114e-01 4.05590e-04 -5.7081718668e-01 -3.8229728373e-01
174.000 -0.00000 0.00000 -0.00000 0.00000 0.00000 0.00000 1.7650e-02 9.1866e-01 3.0853e-02 -2.4538e-04 4.0954e-01 -5.0150e-05 0.42965 0.44648 0.43086 -0.00904 -0.01482 0.01534 1.88113e-01 4.06512e-04 -5.7081703124e-01 -3.8229736108e-01
176.000 -0.00000 0.00000 -0.00000 0.00000 0.00000 0.00000 2.0688e-02 9.1865e-01 -2.7955e-02 -2.4538e-04 4.0954e-01 -5.0150e-05 0.42179 0.44645 0.43875 -0.01017 0.01360 -0.01333 1.88112e-01 4.07316e-04 -5.7081683995e-01 -3.8229743544e-01
178.000 0.00000 -0.00000 0.00000 -0.00000 0.00000 0.00000 -3.3917e-02 9.1862e-01 -8.9494e-03 -2.4538e-04 4.0954e-01 -5.0150e-05 0.44504 0.44647 0.41549 0.01623 0.00422 0.00620 1.88111e-01 4.07913e-04 -5.7081665947e-01 -3.8229750774e-01
180.000 -0.00000 -0.00000 -0.00000 0.00000 0.00000 0.00000 4.1200e-03 9.1864e-01 3.4019e-02 -2.4538e-04 4.0954e-01 -5.0150e-05 0.41455 0.44644 0.44600 -0.00225 -0.01659 0.00334 1.88111e-01 4.08228e-04 -5.7081653268e-01 -3.8229757908e-01
182.000 0.00000 0.00000 -0.00000 0.00000 0.00000 0.00000 2.9499e-02 9.1865e-01 -1.7710e-02 -2.4538e-04 4.0954e-01 -5.0150e-05 0.44120 0.44644 0.41936 -0.01466 0.00840 -0.01156 1.88111e-01 4.08217e-04 -5.7081649762e-01 -3.8229765071e-01
184.000 -0.00000 0.00000 -0.00000 0.00000 0.00000 0.00000 -2.8868e-02 9.1862e-01 -2.1704e-02 -2.4538e-04 4.0954e-01 -5.0150e-05 0.42792 0.44650 0.43257 0.01354 0.01065 0.01533 1.88111e-01 4.07880e-04 -5.7081658631e-01 -3.8229772395e-01
186.000 -0.00000 -0.00000 -0.00000 -0.00000 0.00000 0.00000 -1.0296e-02 9.1864e-01 3.5329e-02 -2.4538e-04 4.0954e-01 -5.0150e-05 0.42364 0.44653 0.43683 0.00500 -0.01700 -0.01337 1.88112e-01 4.07265e-04 -5.7081682337e-01 -3.8229780016e-01
188.000 -0.00000 0.00000 0.00000 -0.00000 0.00000 0.00000 3.7421e-02 9.1867e-01 -4.1828e-03 -2.4538e-04 4.0954e-01 -5.0150e-05 0.44258 0.44655 0.41785 -0.01826 0.00157 0.00681 1.88113e-01 4.06472e-04 -5.7081722410e-01 -3.8229788067e-01
190.000 -0.00000 -0.00000 -0.00000 0.00000 0.00000 0.00000 -1.8706e-02 9.1864e-01 -3.5544e-02 -2.4538e-04 4.0954e-01 -5.0150e-05 0.41715 0.44665 0.44318 0.00828 0.01712 0.00140 1.88114e-01 4.05637e-04 -5.7081779194e-01 -3.8229796668e-01
192.000 -0.00000 -0.00000 -0.00000 -0.00000 0.00000 0.00000 -2.8513e-02 9.1865e-01 3.0594e-02 -2.4538e-04 4.0954e-01 -5.0150e-05 0.43901 0.44671 0.42126 0.01362 -0.01433 -0.00785 1.88116e-01 4.04914e-04 -5.7081851573e-01 -3.8229805912e-01
194.000 0.00000 0.00000 -0.00000 -0.00000 0.00000 0.00000 3.9485e-02 9.1869e-01 1.6221e-02 -2.4538e-04 4.0954e-01 -5.0150e-05 0.42780 0.44674 0.43242 -0.01883 -0.00813 0.01019 1.88117e-01 4.04442e-04 -5.7081936726e-01 -3.8229815849e-01
196.000 0.00000 0.00000 -0.00000 0.00000 0.00000 0.00000 1.3471e-03 9.1866e-01 -4.4911e-02 -2.4538e-04 4.0954e-01 -5.0150e-05 0.42655 0.44684 0.43357 -0.00129 0.02115 -0.00812 1.88118e-01 4.04302e-04 -5.7082029992e-01 -3.8229826479e-01
198.000 0.00000 -0.00000 -0.00000 0.00000 0.00000 0.00000 -4.4752e-02 9.1865e-01 1.3447e-02 -2.4538e-04 4.0954e-01 -5.0150e-05 0.43618 0.44692 0.42385 0.02093 -0.00609 0.00345 1.88118e-01 4.04492e-04 -5.7082124967e-01 -3.8229837735e-01
200.000 0.00000 0.00000 -0.00000 0.00000 0.00000 0.00000 2.7487e-02 9.1870e-01 3.8035e-02 -2.4538e-04 4.0954e-01 -5.0150e-05 0.42488 0.44693 0.43514 -0.01302 -0.01810 0.00098 1.88119e-01 4.04906e-04 -5.7082213899e-01 -3.8229849492e-01
202.000 0.00000 0.00000 0.00000 0.00000 0.00000 0.00000 2.6744e-02 9.1869e-01 -3.9716e-02 -2.4538e-04 4.0954e-01 -5.0150e-05 0.43183 0.44697 0.42813 -0.01296 0.01854 -0.00283 1.88119e-01 4.05357e-04 -5.7082288424e-01 -3.8229861579e-01
204.000 -0.00000 -0.00000 0.00000 0.00000 0.00000 0.00000 -4.7231e-02 9.1865e-01 -1.3100e-02 -2.4538e-04 4.0954e-01 -5.0150e-05 0.43108 0.44703 0.42883 0.02192 0.00614 0.00154 1.88119e-01 4.05625e-04 -5.7082340548e-01 -3.8229873795e-01
206.000 -0.00000 -0.00000 0.00000 0.00000 0.00000 0.00000 2.3693e-03 9.1868e-01 4.8188e-02 -2.4538e-04 4.0954e-01 -5.0150e-05 0.42833 0.44699 0.43161 -0.00145 -0.02270 0.00150 1.88119e-01 4.05521e-04 -5.7082363711e-01 -3.8229885941e-01
208.000 0.00000 -0.00000 0.00000 0.00000 0.00000 0.00000 4.3708e-02 9.1870e-01 -1.8454e-02 -2.4538e-04 4.0954e-01 -5.0150e-05 0.42919 0.44695 0.43079 -0.02076 0.00878 -0.00378 1.88120e-01 4.04954e-04 -5.7082353679e-01 -3.8229897840e-01
210.000 0.00000 -0.00000 0.00000 0.00000 0.00000 0.00000 -3.1825e-02 9.1866e-01 -3.5254e-02 -2.4538e-04 4.0954e-01 -5.0150e-05 0.43473 0.44695 0.42526 0.01492 0.01638 0.00320 1.88120e-01 4.03957e-04 -5.7082309054e-01 -3.8229909348e-01
212.000 0.00000 -0.00000 0.00000 0.00000 0.00000 0.00000 -2.2778e-02 9.1867e-01 3.9983e-02 -2.4538e-04 4.0954e-01 -5.0150e-05 0.42249 0.44688 0.43757 0.01018 -0.01908 0.00065 1.88120e-01 4.02679e-04 -5.7082231281e-01 -3.8229920360e-01
214.000 0.00000 0.00000 0.00000 0.00000 0.00000 0.00000 4.3235e-02 9.1871e-01 7.1618e-03 -2.4538e-04 4.0954e-01 -5.0150e-05 0.43700 0.44678 0.42317 -0.02078 -0.00306 -0.00618 1.88121e-01 4.01333e-04 -5.7082124198e-01 -3.8229930807e-01
216.000 0.00000 0.00000 0.00000 0.00000 0.00000 0.00000 -8.3003e-03 9.1867e-01 -4.2156e-02 -2.4538e-04 4.0954e-01 -5.0150e-05 0.42785 0.44675 0.43236 0.00408 0.01988 0.01057 1.88120e-01 4.00139e-04 -5.7081993288e-01 -3.8229940653e-01
218.000 -0.00000 0.00000 0.00000 0.00000 0.00000 0.00000 -3.5840e-02 9.1866e-01 2.0836e-02 -2.4538e-04 4.0954e-01 -5.0150e-05 0.42526 0.44669 0.43503 0.01658 -0.01036 -0.01117 1.88120e-01 3.99265e-04 -5.7081844835e-01 -3.8229949888e-01
220.000 -0.00000 -0.00000 -0.00000 -0.00000 0.00000 0.00000 3.0188e-02 9.1869e-01 2.4450e-02 -2.4538e-04 4.0954e-01 -5.0150e-05 0.44164 0.44658 0.41876 -0.01496 -0.01143 0.00692 1.88118e-01 3.98790e-04 -5.7081685190e-01 -3.8229958528e-01
222.000 0.00000 -0.00000 0.00000 -0.00000 0.00000 0.00000 1.0796e-02 9.1867e-01 -3.6143e-02 -2.4538e-04 4.0954e-01 -5.0150e-05 0.41594 0.44655 0.44450 -0.00512 0.01742 0.00096 1.88117e-01 3.98706e-04 -5.7081520248e-01 -3.8229966612e-01
224.000 0.00000 0.00000 0.00000 -0.00000 0.00000 0.00000 -3.6875e-02 9.1863e-01 2.5199e-03 -2.4538e-04 4.0954e-01 -5.0150e-05 0.44197 0.44653 0.41851 0.01750 -0.00158 -0.00944 1.88115e-01 3.98924e-04 -5.7081355174e-01 -3.8229974202e-01
226.000 0.00000 0.00000 -0.00000 -0.00000 0.00000 0.00000 1.5069e-02 9.1866e-01 3.1622e-02 -2.4538e-04 4.0954e-01 -5.0150e-05 0.42588 0.44646 0.43468 -0.00777 -0.01526 0.01499 1.88113e-01 3.99307e-04 -5.7081194351e-01 -3.8229981381e-01
228.000 -0.00000 -0.00000 0.00000 0.00000 0.00000 0.00000 2.2389e-02 9.1865e-01 -2.6142e-02 -2.4538e-04 4.0954e-01 -5.0150e-05 0.42527 0.44644 0.43531 -0.01106 0.01270 -0.01513 1.88111e-01 3.99696e-04 -5.7081041487e-01 -3.8229988248e-01
230.000 0.00000 -0.00000 0.00000 0.00000 0.00000 0.00000 -3.3158e-02 9.1861e-01 -1.1205e-02 -2.4538e-04 4.0954e-01 -5.0150e-05 0.44312 0.44647 0.41745 0.01585 0.00539 0.00964 1.88109e-01 3.99938e-04 -5.7080899810e-01 -3.8229994919e-01
232.000 0.00000 0.00000 -0.00000 0.00000 0.00000 0.00000 1.7629e-03 9.1863e-01 3.4444e-02 -2.4538e-04 4.0954e-01 -5.0150e-05 0.41433 0.44645 0.44626 -0.00104 -0.01679 -0.00060 1.88108e-01 3.99912e-04 -5.7080772287e-01 -3.8230001521e-01
234.000 0.00000 -0.00000 -0.00000 0.00000 0.00000 0.00000 3.1061e-02 9.1863e-01 -1.5721e-02 -2.4538e-04 4.0954e-01 -5.0150e-05 0.44351 0.44647 0.41707 -0.01541 0.00737 -0.00844 1.88107e-01 3.99542e-04 -5.7080661821e-01 -3.8230008191e-01
236.000 -0.00000 0.00000 0.00000 -0.00000 0.00000 0.00000 -2.7669e-02 9.1860e-01 -2.4186e-02 -2.4538e-04 4.0954e-01 -5.0150e-05 0.42441 0.44654 0.43610 0.01288 0.01185 0.01399 1.88107e-01 3.98811e-04 -5.7080571376e-01 -3.8230015072e-01
238.000 -0.00000 -0.00000 -0.00000 -0.00000 0.00000 0.00000 -1.3344e-02 9.1861e-01 3.5231e-02 -2.4538e-04 4.0954e-01 -5.0150e-05 0.42717 0.44657 0.43330 0.00648 -0.01688 -0.01411 1.88107e-01 3.97768e-04 -5.7080503989e-01 -3.8230022302e-01
240.000 -0.00000 -0.00000 -0.00000 0.00000 0.00000 0.00000 3.8587e-02 9.1864e-01 -1.0136e-03 -2.4538e-04 4.0954e-01 -5.0150e-05 0.44015 0.44660 0.42029 -0.01875 0.00002 0.00918 1.88108e-01 3.96524e-04 -5.7080462651e-01 -3.8230030016e-01
242.000 -0.00000 -0.00000 -0.00000 0.00000 0.00000 0.00000 -1.5889e-02 9.1861e-01 -3.7965e-02 -2.4538e-04 4.0954e-01 -5.0150e-05 0.41791 0.44670 0.44243 0.00689 0.01820 -0.00165 1.88109e-01 3.95245e-04 -5.7080450035e-01 -3.8230038323e-01
244.000 -0.00000 -0.00000 0.00000 0.00000 0.00000 0.00000 -3.2009e-02 9.1862e-01 2.8569e-02 -2.4538e-04 4.0954e-01 -5.0150e-05 0.43986 0.44677 0.42041 0.01522 -0.01331 -0.00515 1.88110e-01 3.94124e-04 -5.7080468068e-01 -3.8230047303e-01
246.000 -0.00000 -0.00000 -0.00000 0.00000 0.00000 0.00000 3.8597e-02 9.1866e-01 2.0472e-02 -2.4538e-04 4.0954e-01 -5.0150e-05 0.42595 0.44680 0.43428 -0.01835 -0.01009 0.00852 1.88111e-01 3.93352e-04 -5.7080517422e-01 -3.8230056983e-01
248.000 0.00000 -0.00000 0.00000 0.00000 0.00000 0.00000 5.9300e-03 9.1864e-01 -4.5372e-02 -2.4538e-04 4.0954e-01 -5.0150e-05 0.42863 0.44689 0.43151 -0.00341 0.02131 -0.00765 1.88112e-01 3.93069e-04 -5.7080596982e-01 -3.8230067334e-01
250.000 -0.00000 -0.00000 0.00000 0.00000 0.00000 0.00000 -4.6614e-02 9.1862e-01 8.9991e-03 -2.4538e-04 4.0954e-01 -5.0150e-05 0.43452 0.44697 0.42553 0.02174 -0.00403 0.00388 1.88113e-01 3.93338e-04 -5.7080703468e-01 -3.8230078262e-01
252.000 0.00000 0.00000 0.00000 0.00000 0.00000 0.00000 2.3630e-02 9.1867e-01 4.1190e-02 -2.4538e-04 4.0954e-01 -5.0150e-05 0.42596 0.44697 0.43408 -0.01123 -0.01952 0.00016 1.88113e-01 3.94119e-04 -5.7080831336e-01 -3.8230089617e-01
254.000 -0.00000 -0.00000 -0.00000 0.00000 0.00000 0.00000 3.0939e-02 9.1866e-01 -3.6840e-02 -2.4538e-04 4.0954e-01 -5.0150e-05 0.43123 0.44700 0.42877 -0.01487 0.01721 -0.00202 1.88113e-01 3.95282e-04 -5.7080973065e-01 -3.8230101216e-01
256.000 -0.00000 -0.00000 0.00000 0.00000 0.00000 0.00000 -4.5623e-02 9.1862e-01 -1.7967e-02 -2.4538e-04 4.0954e-01 -5.0150e-05 0.43158 0.44704 0.42838 0.02118 0.00836 0.00081 1.88113e-01 3.96645e-04 -5.7081119876e-01 -3.8230112864e-01
258.000 -0.00000 0.00000 0.00000 0.00000 0.00000 0.00000 -2.7290e-03 9.1865e-01 4.7997e-02 -2.4538e-04 4.0954e-01 -5.0150e-05 0.42785 0.44699 0.43214 0.00088 -0.02263 0.00233 1.88113e-01 3.98023e-04 -5.7081262728e-01 -3.8230124380e-01
260.000 -0.00000 0.00000 -0.00000 0.00000 0.00000 0.00000 4.4931e-02 9.1867e-01 -1.3591e-02 -2.4538e-04 4.0954e-01 -5.0150e-05 0.42962 0.44694 0.43043 -0.02135 0.00656 -0.00498 1.88113e-01 3.99284e-04 -5.7081393412e-01 -3.8230135621e-01
262.000 0.00000 0.00000 -0.00000 0.00000 0.00000 0.00000 -2.7638e-02 9.1863e-01 -3.7733e-02 -2.4538e-04 4.0954e-01 -5.0150e-05 0.43487 0.44693 0.42518 0.01302 0.01756 0.00484 1.88113e-01 4.00370e-04 -5.7081505488e-01 -3.8230146478e-01
264.000 0.00000 -0.00000 -0.00000 0.00000 0.00000 0.00000 -2.6215e-02 9.1864e-01 3.6836e-02 -2.4538e-04 4.0954e-01 -5.0150e-05 0.42149 0.44686 0.43862 0.01181 -0.01767 -0.00112 1.88113e-01 4.01301e-04 -5.7081594868e-01 -3.8230156886e-01
266.000 0.00000 -0.00000 0.00000 0.00000 0.00000 0.00000 4.1370e-02 9.1867e-01 1.1153e-02 -2.4538e-04 4.0954e-01 -5.0150e-05 0.43909 0.44676 0.42112 -0.01998 -0.00494 -0.00494 1.88113e-01 4.02144e-04 -5.7081659983e-01 -3.8230166808e-01
268.000 0.00000 -0.00000 -0.00000 0.00000 0.00000 0.00000 -4.2223e-03 9.1864e-01 -4.1661e-02 -2.4538e-04 4.0954e-01 -5.0150e-05 0.42511 0.44672 0.43514 0.00217 0.01973 0.01055 1.88112e-01 4.02975e-04 -5.7081701568e-01 -3.8230176230e-01
270.000 -0.00000 -0.00000 0.00000 0.00000 0.00000 0.00000 -3.6634e-02 9.1862e-01 1.7139e-02 -2.4538e-04 4.0954e-01 -5.0150e-05 0.42791 0.44667 0.43240 0.01704 -0.00863 -0.01274 1.88112e-01 4.03850e-04 -5.7081722207e-01 -3.8230185160e-01
272.000 0.00000 -0.00000 0.00000 0.00000 0.00000 0.00000 2.7281e-02 9.1865e-01 2.6289e-02 -2.4538e-04 4.0954e-01 -5.0150e-05 0.44011 0.44657 0.42031 -0.01362 -0.01238 0.00989 1.88111e-01 4.04780e-04 -5.7081725763e-01 -3.8230193622e-01
274.000 -0.00000 0.00000 -0.00000 0.00000 0.00000 0.00000 1.3308e-02 9.1863e-01 -3.4321e-02 -2.4538e-04 4.0954e-01 -5.0150e-05 0.41565 0.44653 0.44481 -0.00639 0.01660 -0.00259 1.88109e-01 4.05733e-04 -5.7081716843e-01 -3.8230201659e-01
276.000 -0.00000 -0.00000 0.00000 0.00000 0.00000 0.00000 -3.6279e-02 9.1860e-01 -2.1208e-04 -2.4538e-04 4.0954e-01 -5.0150e-05 0.44424 0.44652 0.41624 0.01728 -0.00021 -0.00648 1.88108e-01 4.06640e-04 -5.7081700343e-01 -3.8230209333e-01
278.000 -0.00000 -0.00000 0.00000 0.00000 0.00000 0.00000 1.2590e-02 9.1863e-01 3.2216e-02 -2.4538e-04 4.0954e-01 -5.0150e-05 0.42224 0.44646 0.43829 -0.00653 -0.01561 0.01368 1.88107e-01 4.07413e-04 -5.7081681125e-01 -3.8230216723e-01
280.000 0.00000 -0.00000 0.00000 0.00000 0.00000 0.00000 2.3970e-02 9.1863e-01 -2.4343e-02 -2.4538e-04 4.0954e-01 -5.0150e-05 0.42908 0.44645 0.43147 -0.01189 0.01180 -0.01601 1.88106e-01 4.07963e-04 -5.7081663798e-01 -3.8230223927e-01
282.000 0.00000 0.00000 -0.00000 0.00000 0.00000 -0.00000 -3.2363e-02 9.1859e-01 -1.3428e-02 -2.4538e-04 4.0954e-01 -5.0150e-05 0.44035 0.44648 0.42017 0.01543 0.00653 0.01247 1.88106e-01 4.08220e-04 -5.7081652571e-01 -3.8230231057e-01
284.000 -0.00000 0.00000 0.00000 0.00000 0.00000 -0.00000 -6.6180e-04 9.1862e-01 3.4826e-02 -2.4538e-04 4.0954e-01 -5.0150e-05 0.41506 0.44647 0.44547 0.00020 -0.01695 -0.00443 1.88106e-01 4.08149e-04 -5.7081651147e-01 -3.8230238239e-01
286.000 0.00000 0.00000 -0.00000 0.00000 0.00000 -0.00000 3.2621e-02 9.1863e-01 -1.3569e-02 -2.4538e-04 4.0954e-01 -5.0150e-05 0.44488 0.44648 0.41563 -0.01614 0.00626 -0.00489 1.88106e-01 4.07756e-04 -5.7081662605e-01 -3.8230245606e-01
288.000 0.00000 -0.00000 -0.00000 0.00000 0.00000 -0.00000 -2.6231e-02 9.1860e-01 -2.6752e-02 -2.4538e-04 4.0954e-01 -5.0150e-05 0.42138 0.44656 0.43905 0.01211 0.01307 0.01184 1.88107e-01 4.07101e-04 -5.7081689252e-01 -3.8230253296e-01
290.000 0.00000 -0.00000 -0.00000 0.00000 0.00000 0.00000 -1.6594e-02 9.1862e-01 3.4858e-02 -2.4538e-04 4.0954e-01 -5.0150e-05 0.43061 0.44660 0.42977 0.00804 -0.01661 -0.01392 1.88108e-01 4.06290e-04 -5.7081732420e-01 -3.8230261439e-01
292.000 0.00000 0.00000 0.00000 0.00000 0.00000 0.00000 3.9489e-02 9.1865e-01 2.4903e-03 -2.4538e-04 4.0954e-01 -5.0150e-05 0.43726 0.44663 0.42309 -0.01909 -0.00166 0.01076 1.88110e-01 4.05465e-04 -5.7081792203e-01 -3.8230270151e-01
294.000 -0.00000 -0.00000 -0.00000 0.00000 0.00000 0.00000 -1.2608e-02 9.1862e-01 -4.0184e-02 -2.4538e-04 4.0954e-01 -5.0150e-05 0.41930 0.44673 0.44094 0.00530 0.01918 -0.00423 1.88111e-01 4.04780e-04 -5.7081867187e-01 -3.8230279519e-01
296.000 -0.00000 0.00000 0.00000 0.00000 0.00000 0.00000 -3.5415e-02 9.1862e-01 2.5972e-02 -2.4538e-04 4.0954e-01 -5.0150e-05 0.43990 0.44681 0.42026 0.01676 -0.01203 -0.00253 1.88112e-01 4.04366e-04 -5.7081954213e-01 -3.8230289584e-01
298.000 0.00000 -0.00000 0.00000 0.00000 0.00000 0.00000 3.7073e-02 9.1867e-01 2.4777e-02 -2.4538e-04 4.0954e-01 -5.0150e-05 0.42469 0.44683 0.43543 -0.01758 -0.01207 0.00661 1.88113e-01 4.04291e-04 -5.7082048282e-01 -3.8230300333e-01
300.000 0.00000 -0.00000 -0.00000 0.00000 0.00000 0.00000 1.0730e-02 9.1865e-01 -4.5180e-02 -2.4538e-04 4.0954e-01 -5.0150e-05 0.43019 0.44692 0.42984 -0.00562 0.02116 -0.00675 1.88114e-01 4.04533e-04 -5.7082142701e-01 -3.8230311690e-01
302.000 0.00000 0.00000 -0.00000 0.00000 0.00000 0.00000 -4.7862e-02 9.1862e-01 4.1730e-03 -2.4538e-04 4.0954e-01 -5.0150e-05 0.43303 0.44699 0.42692 0.02228 -0.00180 0.00378 1.88114e-01 4.04969e-04 -5.7082229541e-01 -3.8230323519e-01
304.000 -0.00000 0.00000 -0.00000 0.00000 0.00000 0.00000 1.9254e-02 9.1867e-01 4.3819e-02 -2.4538e-04 4.0954e-01 -5.0150e-05 0.42694 0.44698 0.43301 -0.00921 -0.02071 -0.00011 1.88114e-01 4.05402e-04 -5.7082300428e-01 -3.8230335640e-01
306.000 0.00000 0.00000 -0.00000 0.00000 0.00000 0.00000 3.4732e-02 9.1867e-01 -3.3342e-02 -2.4538e-04 4.0954e-01 -5.0150e-05 0.43045 0.44699 0.42949 -0.01660 0.01560 -0.00173 1.88114e-01 4.05612e-04 -5.7082347558e-01 -3.8230347853e-01
308.000 0.00000 -0.00000 -0.00000 0.00000 0.00000 -0.00000 -4.3334e-02 9.1863e-01 -2.2580e-02 -2.4538e-04 4.0954e-01 -5.0150e-05 0.43234 0.44703 0.42756 0.02014 0.01048 0.00057 1.88115e-01 4.05425e-04 -5.7082364745e-01 -3.8230359962e-01
310.000 -0.00000 -0.00000 0.00000 0.00000 0.00000 -0.00000 -7.7264e-03 9.1866e-01 4.7114e-02 -2.4538e-04 4.0954e-01 -5.0150e-05 0.42683 0.44697 0.43313 0.00318 -0.02224 0.00280 1.88115e-01 4.04772e-04 -5.7082348260e-01 -3.8230371794e-01
312.000 0.00000 -0.00000 -0.00000 0.00000 0.00000 -0.00000 4.5495e-02 9.1868e-01 -8.6841e-03 -2.4538e-04 4.0954e-01 -5.0150e-05 0.43067 0.44691 0.42937 -0.02165 0.00430 -0.00604 1.88115e-01 4.03709e-04 -5.7082297249e-01 -3.8230383212e-01
314.000 0.00000 0.00000 -0.00000 0.00000 0.00000 0.00000 -2.3284e-02 9.1864e-01 -3.9623e-02 -2.4538e-04 4.0954e-01 -5.0150e-05 0.43425 0.44689 0.42580 0.01103 0.01848 0.00664 1.88116e-01 4.02401e-04 -5.7082213648e-01 -3.8230394119e-01
316.000 0.00000 0.00000 -0.00000 0.00000 0.00000 -0.00000 -2.9161e-02 9.1865e-01 3.3430e-02 -2.4538e-04 4.0954e-01 -5.0150e-05 0.42111 0.44682 0.43903 0.01322 -0.01614 -0.00338 1.88116e-01 4.01068e-04 -5.7082101663e-01 -3.8230404453e-01
318.000 -0.00000 0.00000 0.00000 0.00000 0.00000 -0.00000 3.9188e-02 9.1868e-01 1.4762e-02 -2.4538e-04 4.0954e-01 -5.0150e-05 0.44083 0.44671 0.41942 -0.01902 -0.00667 -0.00291 1.88116e-01 3.99924e-04 -5.7081966988e-01 -3.8230414181e-01
320.000 0.00000 -0.00000 -0.00000 0.00000 0.00000 -0.00000 -4.1176e-04 9.1865e-01 -4.0827e-02 -2.4538e-04 4.0954e-01 -5.0150e-05 0.42230 0.44667 0.43800 0.00035 0.01942 0.00961 1.88115e-01 3.99120e-04 -5.7081815969e-01 -3.8230423301e-01
322.000 -0.00000 0.00000 0.00000 0.00000 0.00000 -0.00000 -3.7099e-02 9.1863e-01 1.3604e-02 -2.4538e-04 4.0954e-01 -5.0150e-05 0.43112 0.44662 0.42924 0.01734 -0.00696 -0.01351 1.88114e-01 3.98722e-04 -5.7081654905e-01 -3.8230431831e-01
324.000 0.00000 -0.00000 0.00000 0.00000 0.00000 -0.00000 2.4449e-02 9.1866e-01 2.7839e-02 -2.4538e-04 4.0954e-01 -5.0150e-05 0.43769 0.44653 0.42278 -0.01229 -0.01320 0.01241 1.88112e-01 3.98702e-04 -5.7081489569e-01 -3.8230439816e-01
326.000 -0.00000 0.00000 0.00000 0.00000 0.00000 -0.00000 1.5589e-02 9.1864e-01 -3.2512e-02 -2.4538e-04 4.0954e-01 -5.0150e-05 0.41640 0.44650 0.44410 -0.00755 0.01577 -0.00622 1.88110e-01 3.98962e-04 -5.7081324981e-01 -3.8230447321e-01
328.000 0.00000 -0.00000 0.00000 0.00000 0.00000 -0.00000 -3.5662e-02 9.1860e-01 -2.7802e-03 -2.4538e-04 4.0954e-01 -5.0150e-05 0.44566 0.44650 0.41486 0.01703 0.00109 -0.00291 1.88108e-01 3.99358e-04 -5.7081165388e-01 -3.8230454432e-01
330.000 0.00000 0.00000 0.00000 0.00000 0.00000 -0.00000 1.0209e-02 9.1862e-01 3.2788e-02 -2.4538e-04 4.0954e-01 -5.0150e-05 0.41907 0.44645 0.44150 -0.00533 -0.01594 0.01139 1.88106e-01 3.99729e-04 -5.7081014396e-01 -3.8230461252e-01
332.000 -0.00000 -0.00000 -0.00000 0.00000 0.00000 -0.00000 2.5554e-02 9.1862e-01 -2.2588e-02 -2.4538e-04 4.0954e-01 -5.0150e-05 0.43305 0.44645 0.42753 -0.01270 0.01090 -0.01582 1.88104e-01 3.99928e-04 -5.7080875168e-01 -3.8230467899e-01
334.000 0.00000 0.00000 0.00000 0.00000 0.00000 -0.00000 -3.1577e-02 9.1858e-01 -1.5698e-02 -2.4538e-04 4.0954e-01 -5.0150e-05 0.43696 0.44649 0.42359 0.01500 0.00768 0.01445 1.88103e-01 3.99841e-04 -5.7080750651e-01 -3.8230474504e-01
336.000 0.00000 0.00000 0.00000 0.00000 0.00000 -0.00000 -3.1898e-03 9.1860e-01 3.5208e-02 -2.4538e-04 4.0954e-01 -5.0150e-05 0.41682 0.44650 0.44372 0.00148 -0.01709 -0.00788 1.88102e-01 3.99402e-04 -5.7080643755e-01 -3.8230481203e-01
338.000 0.00000 -0.00000 -0.00000 0.00000 0.00000 -0.00000 3.4200e-02 9.1861e-01 -1.1254e-02 -2.4538e-04 4.0954e-01 -5.0150e-05 0.44527 0.44652 0.41526 -0.01686 0.00508 -0.00115 1.88102e-01 3.98607e-04 -5.7080557462e-01 -3.8230488138e-01
340.000 -0.00000 0.00000 0.00000 0.00000 0.00000 -0.00000 -2.4580e-02 9.1858e-01 -2.9382e-02 -2.4538e-04 4.0954e-01 -5.0150e-05 0.41916 0.44660 0.44128 0.01124 0.01430 0.00903 1.88102e-01 3.97516e-04 -5.7080494815e-01 -3.8230495451e-01
342.000 0.00000 0.00000 0.00000 0.00000 0.00000 -0.00000 -1.9976e-02 9.1859e-01 3.4237e-02 -2.4538e-04 4.0954e-01 -5.0150e-05 0.43379 0.44665 0.42660 0.00964 -0.01623 -0.01280 1.88103e-01 3.96252e-04 -5.7080458771e-01 -3.8230503269e-01
344.000 -0.00000 -0.00000 -0.00000 0.00000 0.00000 -0.00000 4.0132e-02 9.1863e-01 6.2128e-03 -2.4538e-04 4.0954e-01 -5.0150e-05 0.43424 0.44669 0.42611 -0.01931 -0.00344 0.01143 1.88104e-01 3.94989e-04 -5.7080451895e-01 -3.8230511698e-01
346.000 0.00000 0.00000 -0.00000 0.00000 0.00000 -0.00000 -9.0139e-03 9.1860e-01 -4.2163e-02 -2.4538e-04 4.0954e-01 -5.0150e-05 0.42132 0.44679 0.43893 0.00358 0.02003 -0.00615 1.88106e-01 3.93923e-04 -5.7080475914e-01 -3.8230520809e-01
348.000 0.00000 -0.00000 -0.00000 0.00000 0.00000 -0.00000 -3.8629e-02 9.1860e-01 2.2968e-02 -2.4538e-04 4.0954e-01 -5.0150e-05 0.43923 0.44687 0.42093 0.01821 -0.01059 -0.00019 1.88107e-01 3.93236e-04 -5.7080531192e-01 -3.8230530620e-01
350.000 0.00000 -0.00000 0.00000 0.00000 0.00000 -0.00000 3.5056e-02 9.1864e-01 2.8973e-02 -2.4538e-04 4.0954e-01 -5.0150e-05 0.42424 0.44689 0.43590 -0.01660 -0.01398 0.00461 1.88108e-01 3.93058e-04 -5.7080616221e-01 -3.8230541087e-01
352.000 -0.00000 0.00000 -0.00000 0.00000 0.00000 -0.00000 1.5535e-02 9.1863e-01 -4.4436e-02 -2.4538e-04 4.0954e-01 -5.0150e-05 0.43126 0.44696 0.42880 -0.00782 0.02078 -0.00546 1.88108e-01 3.93431e-04 -5.7080727282e-01 -3.8230552106e-01
354.000 0.00000 0.00000 -0.00000 0.00000 0.00000 -0.00000 -4.8531e-02 9.1860e-01 -7.9573e-04 -2.4538e-04 4.0954e-01 -5.0150e-05 0.43192 0.44703 0.42806 0.02255 0.00048 0.00316 1.88109e-01 3.94298e-04 -5.7080858413e-01 -3.8230563519e-01
356.000 0.00000 -0.00000 0.00000 0.00000 0.00000 -0.00000 1.4587e-02 9.1864e-01 4.5885e-02 -2.4538e-04 4.0954e-01 -5.0150e-05 0.42791 0.44701 0.43208 -0.00707 -0.02164 0.00016 1.88109e-01 3.95514e-04 -5.7081001786e-01 -3.8230575138e-01
358.000 -0.00000 0.00000 0.00000 0.00000 0.00000 -0.00000 3.8030e-02 9.1864e-01 -2.9410e-02 -2.4538e-04 4.0954e-01 -5.0150e-05 0.42961 0.44701 0.43037 -0.01811 0.01380 -0.00193 1.88109e-01 3.96891e-04 -5.7081148488e-01 -3.8230586769e-01
360.000 -0.00000 -0.00000 -0.00000 0.00000 0.00000 -0.00000 -4.0493e-02 9.1860e-01 -2.6810e-02 -2.4538e-04 4.0954e-01 -5.0150e-05 0.43339 0.44703 0.42657 0.01886 0.01243 0.00072 1.88109e-01 3.98254e-04 -5.7081289556e-01 -3.8230598238e-01
362.000 -0.00000 0.00000 -0.00000 0.00000 0.00000 -0.00000 -1.2489e-02 9.1862e-01 4.5603e-02 -2.4538e-04 4.0954e-01 -5.0150e-05 0.42552 0.44697 0.43450 0.00537 -0.02158 0.00295 1.88109e-01 3.99483e-04 -5.7081417061e-01 -3.8230609407e-01
364.000 0.00000 0.00000 -0.00000 0.00000 0.00000 -0.00000 4.5406e-02 9.1865e-01 -3.8484e-03 -2.4538e-04 4.0954e-01 -5.0150e-05 0.43220 0.44689 0.42789 -0.02166 0.00208 -0.00688 1.88109e-01 4.00535e-04 -5.7081524983e-01 -3.8230620179e-01
366.000 0.00000 -0.00000 -0.00000 0.00000 0.00000 -0.00000 -1.8840e-02 9.1861e-01 -4.0889e-02 -2.4538e-04 4.0954e-01 -5.0150e-05 0.43310 0.44687 0.42701 0.00899 0.01912 0.00840 1.88108e-01 4.01443e-04 -5.7081609721e-01 -3.8230630491e-01
368.000 -0.00000 -0.00000 -0.00000 0.00000 0.00000 -0.00000 -3.1559e-02 9.1861e-01 2.9795e-02 -2.4538e-04 4.0954e-01 -5.0150e-05 0.42133 0.44680 0.43885 0.01440 -0.01449 -0.00587 1.88108e-01 4.02277e-04 -5.7081670177e-01 -3.8230640314e-01
370.000 0.00000 0.00000 -0.00000 0.00000 0.00000 -0.00000 3.6677e-02 9.1864e-01 1.7939e-02 -2.4538e-04 4.0954e-01 -5.0150e-05 0.44209 0.44669 0.41820 -0.01791 -0.00821 -0.00036 1.88107e-01 4.03114e-04 -5.7081707483e-01 -3.8230649637e-01
372.000 -0.00000 -0.00000 0.00000 0.00000 0.00000 -0.00000 3.1006e-03 9.1861e-01 -3.9610e-02 -2.4538e-04 4.0954e-01 -5.0150e-05 0.41967 0.44665 0.44066 -0.00134 0.01892 0.00791 1.88107e-01 4.04000e-04 -5.7081724514e-01 -3.8230658472e-01
374.000 -0.00000 -0.00000 0.00000 0.00000 0.00000 -0.00000 -3.7179e-02 9.1859e-01 1.0232e-02 -2.4538e-04 4.0954e-01 -5.0150e-05 0.43453 0.44661 0.42585 0.01747 -0.00534 -0.01347 1.88106e-01 4.04938e-04 -5.7081725318e-01 -3.8230666846e-01
376.000 0.00000 -0.00000 -0.00000 0.00000 0.00000 -0.00000 2.1661e-02 9.1862e-01 2.9046e-02 -2.4538e-04 4.0954e-01 -5.0150e-05 0.43461 0.44652 0.42585 -0.01097 -0.01386 0.01430 1.88105e-01 4.05888e-04 -5.7081714587e-01 -3.8230674806e-01
378.000 0.00000 -0.00000 0.00000 0.00000 0.00000 -0.00000 1.7606e-02 9.1861e-01 -3.0661e-02 -2.4538e-04 4.0954e-01 -5.0150e-05 0.41805 0.44649 0.44245 -0.00860 0.01490 -0.00960 1.88103e-01 4.06775e-04 -5.7081697234e-01 -3.8230682416e-01
380.000 0.00000 -0.00000 0.00000 0.00000 0.00000 -0.00000 -3.4961e-02 9.1857e-01 -5.1829e-03 -2.4538e-04 4.0954e-01 -5.0150e-05 0.44611 0.44650 0.41439 0.01672 0.00232 0.00095 1.88102e-01 4.07510e-04 -5.7081678087e-01 -3.8230689761e-01
382.000 -0.00000 0.00000 -0.00000 0.00000 0.00000 -0.00000 7.8919e-03 9.1860e-01 3.3279e-02 -2.4538e-04 4.0954e-01 -5.0150e-05 0.41654 0.44646 0.44399 -0.00415 -0.01621 0.00835 1.88102e-01 4.08008e-04 -5.7081661686e-01 -3.8230696941e-01
384.000 0.00000 -0.00000 0.00000 0.00000 0.00000 -0.00000 2.7105e-02 9.1860e-01 -2.0810e-02 -2.4538e-04 4.0954e-01 -5.0150e-05 0.43679 0.44646 0.42374 -0.01349 0.00998 -0.01464 1.88101e-01 4.08202e-04 -5.7081652152e-01 -3.8230704071e-01
386.000 0.00000 -0.00000 -0.00000 0.00000 0.00000 -0.00000 -3.0713e-02 9.1857e-01 -1.8020e-02 -2.4538e-04 4.0954e-01 -5.0150e-05 0.43317 0.44651 0.42732 0.01452 0.00885 0.01548 1.88101e-01 4.08065e-04 -5.7081653073e-01 -3.8230711278e-01
388.000 0.00000 0.00000 -0.00000 0.00000 0.00000 -0.00000 -5.8755e-03 9.1859e-01 3.5501e-02 -2.4538e-04 4.0954e-01 -5.0150e-05 0.41932 0.44652 0.44115 0.00283 -0.01717 -0.01072 1.88102e-01 4.07615e-04 -5.7081667394e-01 -3.8230718698e-01
390.000 -0.00000 -0.00000 0.00000 0.00000 0.00000 -0.00000 3.5727e-02 9.1862e-01 -8.6734e-03 -2.4538e-04 4.0954e-01 -5.0150e-05 0.44465 0.44654 0.41580 -0.01754 0.00378 0.00246 1.88103e-01 4.06921e-04 -5.7081697246e-01 -3.8230726466e-01
392.000 -0.00000 0.00000 -0.00000 0.00000 0.00000 -0.00000 -2.2570e-02 9.1858e-01 -3.2045e-02 -2.4538e-04 4.0954e-01 -5.0150e-05 0.41775 0.44663 0.44260 0.01020 0.01553 0.00585 1.88104e-01 4.06096e-04 -5.7081743736e-01 -3.8230734713e-01
394.000 0.00000 0.00000 -0.00000 0.00000 0.00000 -0.00000 -2.3513e-02 9.1860e-01 3.3200e-02 -2.4538e-04 4.0954e-01 -5.0150e-05 0.43637 0.44669 0.42391 0.01130 -0.01566 -0.01098 1.88105e-01 4.05288e-04 -5.7081806683e-01 -3.8230743548e-01
396.000 0.00000 -0.00000 -0.00000 0.00000 0.00000 -0.00000 4.0346e-02 9.1864e-01 1.0235e-02 -2.4538e-04 4.0954e-01 -5.0150e-05 0.43128 0.44672 0.42896 -0.01933 -0.00533 0.01128 1.88107e-01 4.04649e-04 -5.7081884339e-01 -3.8230753050e-01
398.000 -0.00000 -0.00000 0.00000 0.00000 0.00000 -0.00000 -4.9710e-03 9.1861e-01 -4.3752e-02 -2.4538e-04 4.0954e-01 -5.0150e-05 0.42353 0.44682 0.43661 0.00167 0.02070 -0.00736 1.88108e-01 4.04300e-04 -5.7081973182e-01 -3.8230763251e-01
400.000 0.00000 0.00000 0.00000 0.00000 0.00000 -0.00000 -4.1544e-02 9.1860e-01 1.9383e-02 -2.4538e-04 4.0954e-01 -5.0150e-05 0.43801 0.44690 0.42204 0.01951 -0.00888 0.00166 1.88109e-01 4.04293e-04 -5.7082067857e-01 -3.8230774126e-01
