# t x y z vx vy vz omx omy omz llx lly llz Ixx Iyy Izz Ixy Iyz Ixz KErot PEspr PEgrav Etot
0.000 0.00000 -0.00000 -0.00000 -0.00000 -0.00000 -0.00000 3.4294e-02 9.2064e-01 -3.5288e-02 -2.4861e-04 4.0847e-01 3.7426e-05 0.42930 0.44492 0.43155 -0.01627 0.01659 -0.00027 1.88020e-01 3.75347e-29 -5.7104143227e-01 -3.8302138154e-01
2.000 0.00000 -0.00000 -0.00000 -0.00000 -0.00000 -0.00000 -4.4620e-02 9.1951e-01 -2.1283e-02 -2.4861e-04 4.0847e-01 3.7426e-05 0.43259 0.44545 0.42663 0.02068 0.00983 -0.00167 1.87799e-01 2.35686e-04 -5.7129134310e-01 -3.8325681833e-01
4.004 -0.00000 -0.00000 -0.00000 -0.00000 -0.00000 0.00000 -6.2715e-03 9.1952e-01 4.7755e-02 -2.4861e-04 4.0847e-01 3.7426e-05 0.42730 0.44539 0.43197 0.00238 -0.02236 0.00512 1.87798e-01 2.35967e-04 -5.7129147666e-01 -3.8325701889e-01
6.004 0.00000 0.00000 -0.00000 -0.00000 -0.00000 0.00000 4.5062e-02 9.1956e-01 -9.7346e-03 -2.4861e-04 4.0847e-01 3.7426e-05 0.42832 0.44530 0.43106 -0.02134 0.00497 -0.00757 1.87798e-01 2.35761e-04 -5.7129112567e-01 -3.8325709850e-01
8.004 0.00000 -0.00000 -0.00000 -0.00000 -0.00000 0.00000 -2.3982e-02 9.1952e-01 -3.8339e-02 -2.4861e-04 4.0847e-01 3.7426e-05 0.43648 0.44526 0.42294 0.01140 0.01785 0.00678 1.87798e-01 2.35727e-04 -5.7129084145e-01 -3.8325717418e-01
10.000 -0.00000 -0.00000 0.00000 -0.00000 -0.00000 0.00000 -2.7875e-02 9.1951e-01 3.3438e-02 -2.4861e-04 4.0847e-01 3.7426e-05 0.41864 0.44519 0.44086 0.01250 -0.01606 -0.00216 1.87798e-01 2.35798e-04 -5.7129063201e-01 -3.8325724577e-01
12.000 -0.00000 -0.00000 0.00000 -0.00000 -0.00000 0.00000 3.8210e-02 9.1955e-01 1.3724e-02 -2.4861e-04 4.0847e-01 3.7426e-05 0.44161 0.44506 0.41801 -0.01854 -0.00599 -0.00507 1.87797e-01 2.36010e-04 -5.7129049133e-01 -3.8325731315e-01
14.000 0.00000 0.00000 0.00000 -0.00000 0.00000 0.00000 -1.2571e-03 9.1953e-01 -3.8987e-02 -2.4861e-04 4.0847e-01 3.7426e-05 0.42226 0.44500 0.43743 0.00081 0.01860 0.01192 1.87797e-01 2.36366e-04 -5.7129041020e-01 -3.8325737600e-01
16.000 0.00000 0.00000 0.00000 -0.00000 -0.00000 0.00000 -3.5020e-02 9.1950e-01 1.3983e-02 -2.4861e-04 4.0847e-01 3.7426e-05 0.42938 0.44496 0.43035 0.01631 -0.00708 -0.01520 1.87796e-01 2.36845e-04 -5.7129037663e-01 -3.8325743441e-01
18.000 -0.00000 0.00000 0.00000 -0.00000 -0.00000 0.00000 2.3833e-02 9.1953e-01 2.5806e-02 -2.4861e-04 4.0847e-01 3.7426e-05 0.43936 0.44486 0.42046 -0.01202 -0.01210 0.01301 1.87795e-01 2.37407e-04 -5.7129037786e-01 -3.8325748874e-01
20.004 -0.00000 0.00000 -0.00000 -0.00000 -0.00000 0.00000 1.3405e-02 9.1952e-01 -3.0971e-02 -2.4861e-04 4.0847e-01 3.7426e-05 0.41418 0.44482 0.44570 -0.00650 0.01513 -0.00556 1.87795e-01 2.37998e-04 -5.7129040184e-01 -3.8325753972e-01
22.004 0.00000 0.00000 -0.00000 -0.00000 -0.00000 0.00000 -3.3604e-02 9.1949e-01 -8.6222e-04 -2.4861e-04 4.0847e-01 3.7426e-05 0.44650 0.44482 0.41338 0.01604 0.00027 -0.00436 1.87794e-01 2.38560e-04 -5.7129043800e-01 -3.8325758794e-01
24.004 -0.00000 -0.00000 -0.00000 -0.00000 -0.00000 0.00000 1.1243e-02 9.1951e-01 3.0401e-02 -2.4861e-04 4.0847e-01 3.7426e-05 0.41856 0.44478 0.44136 -0.00582 -0.01471 0.01309 1.87794e-01 2.39041e-04 -5.7129047824e-01 -3.8325763444e-01
26.004 0.00000 -0.00000 0.00000 -0.00000 -0.00000 0.00000 2.2707e-02 9.1952e-01 -2.2630e-02 -2.4861e-04 4.0847e-01 3.7426e-05 0.43207 0.44477 0.42786 -0.01136 0.01100 -0.01724 1.87793e-01 2.39396e-04 -5.7129051710e-01 -3.8325768020e-01
28.004 -0.00000 0.00000 0.00000 -0.00000 -0.00000 0.00000 -3.0996e-02 9.1949e-01 -1.2684e-02 -2.4861e-04 4.0847e-01 3.7426e-05 0.43778 0.44482 0.42210 0.01470 0.00638 0.01526 1.87793e-01 2.39592e-04 -5.7129055198e-01 -3.8325772625e-01
30.004 -0.00000 0.00000 0.00000 -0.00000 -0.00000 0.00000 -6.5102e-04 9.1950e-01 3.4054e-02 -2.4861e-04 4.0847e-01 3.7426e-05 0.41523 0.44483 0.44463 0.00032 -0.01643 -0.00802 1.87793e-01 2.39614e-04 -5.7129058314e-01 -3.8325777354e-01
32.004 0.00000 0.00000 0.00000 -0.00000 -0.00000 0.00000 3.2216e-02 9.1953e-01 -1.3138e-02 -2.4861e-04 4.0847e-01 3.7426e-05 0.44598 0.44486 0.41386 -0.01592 0.00601 -0.00156 1.87793e-01 2.39458e-04 -5.7129061370e-01 -3.8325782296e-01
34.004 -0.00000 -0.00000 -0.00000 -0.00000 -0.00000 0.00000 -2.6068e-02 9.1949e-01 -2.6767e-02 -2.4861e-04 4.0847e-01 3.7426e-05 0.41811 0.44495 0.44163 0.01187 0.01317 0.00976 1.87794e-01 2.39141e-04 -5.7129064944e-01 -3.8325787524e-01
36.004 -0.00000 0.00000 -0.00000 -0.00000 -0.00000 0.00000 -1.7318e-02 9.1950e-01 3.5243e-02 -2.4861e-04 4.0847e-01 3.7426e-05 0.43376 0.44502 0.42591 0.00842 -0.01654 -0.01366 1.87794e-01 2.38697e-04 -5.7129069846e-01 -3.8325793092e-01
38.000 -0.00000 -0.00000 0.00000 0.00000 -0.00000 0.00000 4.0236e-02 9.1954e-01 3.8419e-03 -2.4861e-04 4.0847e-01 3.7426e-05 0.43378 0.44506 0.42585 -0.01930 -0.00228 0.01232 1.87795e-01 2.38175e-04 -5.7129077037e-01 -3.8325799019e-01
40.000 -0.00000 0.00000 0.00000 0.00000 0.00000 0.00000 -1.1469e-02 9.1951e-01 -4.1498e-02 -2.4861e-04 4.0847e-01 3.7426e-05 0.42073 0.44517 0.43878 0.00466 0.01976 -0.00704 1.87795e-01 2.37634e-04 -5.7129087604e-01 -3.8325805343e-01
42.000 0.00000 0.00000 -0.00000 0.00000 0.00000 0.00000 -3.7669e-02 9.1946e-01 2.5354e-02 -2.4861e-04 4.0847e-01 3.7426e-05 0.43941 0.44529 0.42002 0.01771 -0.01152 0.00060 1.87789e-01 2.36883e-04 -5.7128429089e-01 -3.8325813622e-01
44.000 0.00000 0.00000 -0.00000 0.00000 0.00000 0.00000 3.6881e-02 9.1951e-01 2.7803e-02 -2.4861e-04 4.0847e-01 3.7426e-05 0.42301 0.44532 0.43638 -0.01736 -0.01332 0.00404 1.87790e-01 2.36492e-04 -5.7128458163e-01 -3.8325815141e-01
46.000 0.00000 -0.00000 0.00000 0.00000 0.00000 0.00000 1.3885e-02 9.1950e-01 -4.5645e-02 -2.4861e-04 4.0847e-01 3.7426e-05 0.43201 0.44539 0.42731 -0.00706 0.02133 -0.00527 1.87790e-01 2.36232e-04 -5.7128480642e-01 -3.8325816654e-01
48.000 -0.00000 0.00000 0.00000 0.00000 0.00000 0.00000 -4.9479e-02 9.1946e-01 1.1777e-03 -2.4861e-04 4.0847e-01 3.7426e-05 0.43032 0.44548 0.42891 0.02288 -0.00032 0.00350 1.87791e-01 2.36190e-04 -5.7128511099e-01 -3.8325818207e-01
50.000 -0.00000 0.00000 0.00000 0.00000 0.00000 0.00000 1.6343e-02 9.1950e-01 4.6556e-02 -2.4861e-04 4.0847e-01 3.7426e-05 0.42857 0.44547 0.43067 -0.00785 -0.02175 -0.00078 1.87791e-01 2.36277e-04 -5.7128547806e-01 -3.8325819791e-01
52.000 0.00000 -0.00000 0.00000 0.00000 0.00000 0.00000 3.8081e-02 9.1952e-01 -3.0825e-02 -2.4861e-04 4.0847e-01 3.7426e-05 0.42872 0.44545 0.43053 -0.01804 0.01449 -0.00050 1.87791e-01 2.36524e-04 -5.7128588457e-01 -3.8325821408e-01
54.000 0.00000 -0.00000 -0.00000 0.00000 0.00000 0.00000 -4.1840e-02 9.1947e-01 -2.6360e-02 -2.4861e-04 4.0847e-01 3.7426e-05 0.43277 0.44547 0.42646 0.01940 0.01223 -0.00089 1.87791e-01 2.36907e-04 -5.7128631644e-01 -3.8325823040e-01
56.000 -0.00000 -0.00000 -0.00000 0.00000 0.00000 0.00000 -1.2073e-02 9.1948e-01 4.6791e-02 -2.4861e-04 4.0847e-01 3.7426e-05 0.42624 0.44542 0.43305 0.00511 -0.02194 0.00432 1.87791e-01 2.37413e-04 -5.7128675784e-01 -3.8325824669e-01
58.000 -0.00000 -0.00000 0.00000 0.00000 0.00000 0.00000 4.6034e-02 9.1952e-01 -4.0844e-03 -2.4861e-04 4.0847e-01 3.7426e-05 0.43015 0.44532 0.42923 -0.02184 0.00233 -0.00756 1.87791e-01 2.38014e-04 -5.7128719418e-01 -3.8325826267e-01
60.000 0.00000 0.00000 -0.00000 0.00000 0.00000 0.00000 -1.9138e-02 9.1949e-01 -4.1042e-02 -2.4861e-04 4.0847e-01 3.7426e-05 0.43461 0.44528 0.42481 0.00914 0.01917 0.00811 1.87791e-01 2.38691e-04 -5.7128761069e-01 -3.8325827812e-01
62.000 0.00000 0.00000 -0.00000 0.00000 0.00000 0.00000 -3.1759e-02 9.1947e-01 3.0028e-02 -2.4861e-04 4.0847e-01 3.7426e-05 0.41952 0.44521 0.43998 0.01437 -0.01449 -0.00463 1.87790e-01 2.39424e-04 -5.7128799658e-01 -3.8325829281e-01
64.000 0.00000 0.00000 0.00000 0.00000 0.00000 0.00000 3.6413e-02 9.1951e-01 1.8334e-02 -2.4861e-04 4.0847e-01 3.7426e-05 0.44239 0.44509 0.41723 -0.01775 -0.00819 -0.00219 1.87790e-01 2.40190e-04 -5.7128834459e-01 -3.8325830659e-01
66.000 -0.00000 0.00000 0.00000 0.00000 0.00000 0.00000 3.4673e-03 9.1949e-01 -3.8912e-02 -2.4861e-04 4.0847e-01 3.7426e-05 0.41975 0.44502 0.43993 -0.00144 0.01862 0.00979 1.87789e-01 2.40958e-04 -5.7128865074e-01 -3.8325831938e-01
68.000 0.00000 0.00000 0.00000 0.00000 0.00000 0.00000 -3.6559e-02 9.1946e-01 9.7402e-03 -2.4861e-04 4.0847e-01 3.7426e-05 0.43291 0.44498 0.42682 0.01710 -0.00507 -0.01485 1.87789e-01 2.41692e-04 -5.7128891354e-01 -3.8325833117e-01
70.000 -0.00000 -0.00000 0.00000 0.00000 0.00000 0.00000 2.0583e-02 9.1949e-01 2.8658e-02 -2.4861e-04 4.0847e-01 3.7426e-05 0.43608 0.44489 0.42375 -0.01049 -0.01350 0.01481 1.87788e-01 2.42350e-04 -5.7128913348e-01 -3.8325834204e-01
72.000 0.00000 -0.00000 0.00000 0.00000 0.00000 0.00000 1.7245e-02 9.1949e-01 -2.9030e-02 -2.4861e-04 4.0847e-01 3.7426e-05 0.41598 0.44483 0.44389 -0.00836 0.01423 -0.00916 1.87788e-01 2.42893e-04 -5.7128931187e-01 -3.8325835212e-01
74.000 0.00000 -0.00000 0.00000 0.00000 0.00000 0.00000 -3.3268e-02 9.1946e-01 -5.0367e-03 -2.4861e-04 4.0847e-01 3.7426e-05 0.44705 0.44483 0.41282 0.01590 0.00229 -0.00027 1.87788e-01 2.43282e-04 -5.7128945007e-01 -3.8325836159e-01
76.000 -0.00000 0.00000 0.00000 0.00000 0.00000 0.00000 7.3165e-03 9.1948e-01 3.1671e-02 -2.4861e-04 4.0847e-01 3.7426e-05 0.41576 0.44479 0.44416 -0.00392 -0.01534 0.00998 1.87788e-01 2.43485e-04 -5.7128954878e-01 -3.8325837067e-01
78.004 0.00000 0.00000 -0.00000 0.00000 0.00000 0.00000 2.5310e-02 9.1950e-01 -1.9600e-02 -2.4861e-04 4.0847e-01 3.7426e-05 0.43602 0.44478 0.42391 -0.01262 0.00953 -0.01629 1.87788e-01 2.43478e-04 -5.7128960766e-01 -3.8325837962e-01
80.004 0.00000 -0.00000 0.00000 0.00000 0.00000 0.00000 -2.9172e-02 9.1946e-01 -1.6297e-02 -2.4861e-04 4.0847e-01 3.7426e-05 0.43402 0.44482 0.42586 0.01380 0.00812 0.01668 1.87788e-01 2.43248e-04 -5.7128962471e-01 -3.8325838862e-01
82.004 0.00000 -0.00000 0.00000 0.00000 0.00000 0.00000 -4.7894e-03 9.1948e-01 3.3729e-02 -2.4861e-04 4.0847e-01 3.7426e-05 0.41747 0.44485 0.44239 0.00232 -0.01625 -0.01123 1.87788e-01 2.42798e-04 -5.7128959688e-01 -3.8325839795e-01
84.004 0.00000 -0.00000 -0.00000 0.00000 0.00000 0.00000 3.3502e-02 9.1951e-01 -9.0324e-03 -2.4861e-04 4.0847e-01 3.7426e-05 0.44595 0.44486 0.41390 -0.01650 0.00403 0.00222 1.87789e-01 2.42148e-04 -5.7128951978e-01 -3.8325840783e-01
86.004 0.00000 -0.00000 0.00000 0.00000 0.00000 0.00000 -2.2569e-02 9.1948e-01 -2.9581e-02 -2.4861e-04 4.0847e-01 3.7426e-05 0.41612 0.44495 0.44364 0.01016 0.01448 0.00678 1.87790e-01 2.41335e-04 -5.7128938833e-01 -3.8325841845e-01
88.004 0.00000 -0.00000 0.00000 0.00000 0.00000 0.00000 -2.1382e-02 9.1948e-01 3.2873e-02 -2.4861e-04 4.0847e-01 3.7426e-05 0.43687 0.44503 0.42281 0.01033 -0.01536 -0.01242 1.87790e-01 2.40416e-04 -5.7128919745e-01 -3.8325842997e-01
90.004 -0.00000 0.00000 -0.00000 -0.00000 0.00000 0.00000 3.9414e-02 9.1952e-01 8.5459e-03 -2.4861e-04 4.0847e-01 3.7426e-05 0.43090 0.44507 0.42873 -0.01886 -0.00450 0.01297 1.87791e-01 2.39462e-04 -5.7128894315e-01 -3.8325844249e-01
92.004 -0.00000 -0.00000 -0.00000 -0.00000 0.00000 0.00000 -6.5495e-03 9.1950e-01 -4.2376e-02 -2.4861e-04 4.0847e-01 3.7426e-05 0.42251 0.44517 0.43702 0.00233 0.02012 -0.00896 1.87792e-01 2.38550e-04 -5.7128862361e-01 -3.8325845604e-01
94.004 -0.00000 0.00000 0.00000 -0.00000 0.00000 0.00000 -4.0255e-02 9.1947e-01 2.0840e-02 -2.4861e-04 4.0847e-01 3.7426e-05 0.43911 0.44528 0.42031 0.01889 -0.00936 0.00280 1.87792e-01 2.37748e-04 -5.7128824045e-01 -3.8325847058e-01
96.004 -0.00000 -0.00000 -0.00000 0.00000 0.00000 0.00000 3.3360e-02 9.1952e-01 3.1881e-02 -2.4861e-04 4.0847e-01 3.7426e-05 0.42217 0.44531 0.43722 -0.01567 -0.01521 0.00246 1.87792e-01 2.37104e-04 -5.7128779975e-01 -3.8325848598e-01
98.004 -0.00000 -0.00000 -0.00000 0.00000 0.00000 0.00000 1.9032e-02 9.1952e-01 -4.3603e-02 -2.4861e-04 4.0847e-01 3.7426e-05 0.43321 0.44538 0.42611 -0.00946 0.02034 -0.00469 1.87792e-01 2.36632e-04 -5.7128731257e-01 -3.8325850209e-01
100.004 -0.00000 0.00000 -0.00000 -0.00000 0.00000 0.00000 -4.9220e-02 9.1947e-01 -4.4600e-03 -2.4861e-04 4.0847e-01 3.7426e-05 0.42951 0.44547 0.42972 0.02274 0.00232 0.00369 1.87792e-01 2.36313e-04 -5.7128679489e-01 -3.8325851868e-01
102.004 -0.00000 -0.00000 0.00000 0.00000 0.00000 0.00000 1.0873e-02 9.1950e-01 4.8157e-02 -2.4861e-04 4.0847e-01 3.7426e-05 0.42871 0.44547 0.43052 -0.00528 -0.02249 -0.00110 1.87792e-01 2.36099e-04 -5.7128626661e-01 -3.8325853553e-01
104.004 -0.00000 0.00000 -0.00000 -0.00000 0.00000 0.00000 4.1369e-02 9.1952e-01 -2.6167e-02 -2.4861e-04 4.0847e-01 3.7426e-05 0.42898 0.44545 0.43027 -0.01959 0.01231 -0.00064 1.87791e-01 2.35938e-04 -5.7128574975e-01 -3.8325855244e-01
106.004 -0.00000 0.00000 -0.00000 -0.00000 0.00000 0.00000 -3.8533e-02 9.1947e-01 -3.0942e-02 -2.4861e-04 4.0847e-01 3.7426e-05 0.43276 0.44547 0.42646 0.01786 0.01439 -0.00014 1.87791e-01 2.35792e-04 -5.7128526604e-01 -3.8325856920e-01
108.004 -0.00000 -0.00000 0.00000 0.00000 0.00000 0.00000 -1.7388e-02 9.1948e-01 4.5189e-02 -2.4861e-04 4.0847e-01 3.7426e-05 0.42544 0.44542 0.43384 0.00761 -0.02122 0.00335 1.87791e-01 2.35649e-04 -5.7128483444e-01 -3.8325858564e-01
110.004 -0.00000 0.00000 -0.00000 0.00000 0.00000 0.00000 4.6264e-02 9.1952e-01 1.3174e-03 -2.4861e-04 4.0847e-01 3.7426e-05 0.43182 0.44532 0.42756 -0.02199 -0.00021 -0.00714 1.87790e-01 2.35532e-04 -5.7128446888e-01 -3.8325860158e-01
112.004 0.00000 -0.00000 0.00000 0.00000 0.00000 0.00000 -1.4285e-02 9.1949e-01 -4.2989e-02 -2.4861e-04 4.0847e-01 3.7426e-05 0.43262 0.44528 0.42681 0.00687 0.02013 0.00890 1.87790e-01 2.35479e-04 -5.7128417703e-01 -3.8325861687e-01
114.004 0.00000 -0.00000 0.00000 0.00000 0.00000 0.00000 -3.5094e-02 9.1947e-01 2.6265e-02 -2.4861e-04 4.0847e-01 3.7426e-05 0.42091 0.44522 0.43858 0.01599 -0.01275 -0.00676 1.87790e-01 2.35537e-04 -5.7128395994e-01 -3.8325863138e-01
116.004 -0.00000 -0.00000 -0.00000 0.00000 0.00000 0.00000 3.4123e-02 9.1951e-01 2.2568e-02 -2.4861e-04 4.0847e-01 3.7426e-05 0.44247 0.44509 0.41715 -0.01671 -0.01022 0.00070 1.87789e-01 2.35733e-04 -5.7128381281e-01 -3.8325864503e-01
118.004 0.00000 -0.00000 -0.00000 0.00000 0.00000 0.00000 8.0225e-03 9.1949e-01 -3.8275e-02 -2.4861e-04 4.0847e-01 3.7426e-05 0.41787 0.44503 0.44182 -0.00362 0.01837 0.00722 1.87789e-01 2.36076e-04 -5.7128372643e-01 -3.8325865777e-01
120.004 -0.00000 0.00000 -0.00000 0.00000 0.00000 0.00000 -3.7542e-02 9.1946e-01 5.4544e-03 -2.4861e-04 4.0847e-01 3.7426e-05 0.43616 0.44498 0.42358 0.01762 -0.00303 -0.01372 1.87788e-01 2.36546e-04 -5.7128368892e-01 -3.8325866960e-01
122.004 -0.00000 0.00000 -0.00000 0.00000 0.00000 -0.00000 1.7098e-02 9.1949e-01 3.1033e-02 -2.4861e-04 4.0847e-01 3.7426e-05 0.43257 0.44489 0.42726 -0.00885 -0.01467 0.01577 1.87788e-01 2.37103e-04 -5.7128368751e-01 -3.8325868061e-01
124.004 -0.00000 0.00000 -0.00000 -0.00000 0.00000 0.00000 2.0624e-02 9.1949e-01 -2.6759e-02 -2.4861e-04 4.0847e-01 3.7426e-05 0.41845 0.44484 0.44144 -0.01001 0.01316 -0.01204 1.87787e-01 2.37696e-04 -5.7128370993e-01 -3.8325869091e-01
126.004 0.00000 0.00000 -0.00000 -0.00000 0.00000 0.00000 -3.2464e-02 9.1946e-01 -8.9212e-03 -2.4861e-04 4.0847e-01 3.7426e-05 0.44665 0.44484 0.41324 0.01553 0.00418 0.00360 1.87787e-01 2.38266e-04 -5.7128374552e-01 -3.8325870066e-01
128.004 -0.00000 0.00000 -0.00000 -0.00000 0.00000 0.00000 3.4744e-03 9.1947e-01 3.2402e-02 -2.4861e-04 4.0847e-01 3.7426e-05 0.41389 0.44480 0.44604 -0.00206 -0.01570 0.00651 1.87786e-01 2.38760e-04 -5.7128378585e-01 -3.8325871003e-01
130.004 0.00000 -0.00000 0.00000 0.00000 0.00000 0.00000 2.7536e-02 9.1949e-01 -1.6233e-02 -2.4861e-04 4.0847e-01 3.7426e-05 0.43966 0.44478 0.42029 -0.01369 0.00789 -0.01443 1.87786e-01 2.39133e-04 -5.7128382518e-01 -3.8325871924e-01
132.004 0.00000 -0.00000 0.00000 -0.00000 0.00000 0.00000 -2.6886e-02 9.1945e-01 -1.9683e-02 -2.4861e-04 4.0847e-01 3.7426e-05 0.43003 0.44483 0.42987 0.01267 0.00975 0.01719 1.87786e-01 2.39351e-04 -5.7128386058e-01 -3.8325872849e-01
134.004 0.00000 0.00000 0.00000 0.00000 0.00000 0.00000 -8.8885e-03 9.1946e-01 3.2875e-02 -2.4861e-04 4.0847e-01 3.7426e-05 0.42043 0.44485 0.43945 0.00429 -0.01581 -0.01385 1.87786e-01 2.39395e-04 -5.7128389206e-01 -3.8325873796e-01
136.004 -0.00000 -0.00000 -0.00000 0.00000 0.00000 0.00000 3.4264e-02 9.1949e-01 -4.7668e-03 -2.4861e-04 4.0847e-01 3.7426e-05 0.44503 0.44487 0.41483 -0.01682 0.00197 0.00591 1.87786e-01 2.39260e-04 -5.7128392243e-01 -3.8325874785e-01
138.004 -0.00000 -0.00000 0.00000 -0.00000 0.00000 0.00000 -1.8722e-02 9.1946e-01 -3.1944e-02 -2.4861e-04 4.0847e-01 3.7426e-05 0.41487 0.44495 0.44491 0.00830 0.01557 0.00340 1.87786e-01 2.38962e-04 -5.7128395723e-01 -3.8325875829e-01
140.004 0.00000 -0.00000 -0.00000 -0.00000 0.00000 0.00000 -2.5129e-02 9.1946e-01 3.0000e-02 -2.4861e-04 4.0847e-01 3.7426e-05 0.43963 0.44503 0.42006 0.01209 -0.01395 -0.01049 1.87787e-01 2.38531e-04 -5.7128400433e-01 -3.8325876941e-01
142.004 -0.00000 -0.00000 0.00000 0.00000 0.00000 0.00000 3.7974e-02 9.1950e-01 1.3274e-02 -2.4861e-04 4.0847e-01 3.7426e-05 0.42784 0.44507 0.43181 -0.01813 -0.00673 0.01295 1.87787e-01 2.38014e-04 -5.7128407340e-01 -3.8325878128e-01
144.004 0.00000 -0.00000 -0.00000 -0.00000 0.00000 0.00000 -1.3922e-03 9.1948e-01 -4.2664e-02 -2.4861e-04 4.0847e-01 3.7426e-05 0.42476 0.44517 0.43478 -0.00011 0.02020 -0.01050 1.87788e-01 2.37470e-04 -5.7128417501e-01 -3.8325879392e-01
146.004 -0.00000 -0.00000 -0.00000 -0.00000 0.00000 0.00000 -4.2354e-02 9.1946e-01 1.5889e-02 -2.4861e-04 4.0847e-01 3.7426e-05 0.43830 0.44528 0.42113 0.01983 -0.00701 0.00498 1.87789e-01 2.36962e-04 -5.7128431938e-01 -3.8325880732e-01
148.004 0.00000 0.00000 -0.00000 -0.00000 0.00000 0.00000 2.9254e-02 9.1950e-01 3.5641e-02 -2.4861e-04 4.0847e-01 3.7426e-05 0.42168 0.44532 0.43771 -0.01371 -0.01695 0.00063 1.87789e-01 2.36549e-04 -5.7128451489e-01 -3.8325882143e-01
150.004 0.00000 0.00000 0.00000 -0.00000 0.00000 0.00000 2.4076e-02 9.1951e-01 -4.0897e-02 -2.4861e-04 4.0847e-01 3.7426e-05 0.43432 0.44538 0.42501 -0.01181 0.01904 -0.00381 1.87790e-01 2.36278e-04 -5.7128476653e-01 -3.8325883620e-01
152.004 0.00000 -0.00000 -0.00000 -0.00000 0.00000 0.00000 -4.8299e-02 9.1946e-01 -1.0224e-02 -2.4861e-04 4.0847e-01 3.7426e-05 0.42860 0.44547 0.43063 0.02229 0.00502 0.00370 1.87790e-01 2.36174e-04 -5.7128507469e-01 -3.8325885153e-01
154.000 -0.00000 0.00000 -0.00000 0.00000 0.00000 0.00000 4.8740e-03 9.1949e-01 4.9198e-02 -2.4861e-04 4.0847e-01 3.7426e-05 0.42897 0.44547 0.43026 -0.00247 -0.02297 -0.00143 1.87790e-01 2.36245e-04 -5.7128543372e-01 -3.8325886730e-01
156.000 0.00000 0.00000 -0.00000 0.00000 0.00000 0.00000 4.4311e-02 9.1952e-01 -2.0824e-02 -2.4861e-04 4.0847e-01 3.7426e-05 0.42925 0.44545 0.43000 -0.02097 0.00981 -0.00068 1.87790e-01 2.36478e-04 -5.7128583515e-01 -3.8325888345e-01
158.000 0.00000 -0.00000 -0.00000 0.00000 0.00000 0.00000 -3.4469e-02 9.1947e-01 -3.5429e-02 -2.4861e-04 4.0847e-01 3.7426e-05 0.43256 0.44547 0.42666 0.01597 0.01650 0.00061 1.87791e-01 2.36852e-04 -5.7128626454e-01 -3.8325889978e-01
160.000 0.00000 0.00000 0.00000 0.00000 0.00000 0.00000 -2.2864e-02 9.1947e-01 4.2852e-02 -2.4861e-04 4.0847e-01 3.7426e-05 0.42487 0.44543 0.43440 0.01019 -0.02015 0.00219 1.87790e-01 2.37346e-04 -5.7128670600e-01 -3.8325891607e-01
162.000 -0.00000 0.00000 0.00000 0.00000 0.00000 0.00000 4.5866e-02 9.1952e-01 7.1100e-03 -2.4861e-04 4.0847e-01 3.7426e-05 0.43341 0.44533 0.42596 -0.02184 -0.00294 -0.00632 1.87790e-01 2.37936e-04 -5.7128714355e-01 -3.8325893211e-01
164.000 0.00000 0.00000 0.00000 0.00000 0.00000 0.00000 -8.8687e-03 9.1949e-01 -4.4484e-02 -2.4861e-04 4.0847e-01 3.7426e-05 0.43038 0.44528 0.42904 0.00433 0.02089 0.00924 1.87790e-01 2.38605e-04 -5.7128756296e-01 -3.8325894763e-01
166.000 -0.00000 -0.00000 0.00000 0.00000 0.00000 0.00000 -3.8197e-02 9.1946e-01 2.1842e-02 -2.4861e-04 4.0847e-01 3.7426e-05 0.42285 0.44522 0.43663 0.01750 -0.01069 -0.00861 1.87790e-01 2.39333e-04 -5.7128795296e-01 -3.8325896242e-01
168.000 -0.00000 -0.00000 -0.00000 0.00000 0.00000 0.00000 3.1157e-02 9.1950e-01 2.6804e-02 -2.4861e-04 4.0847e-01 3.7426e-05 0.44184 0.44510 0.41776 -0.01535 -0.01226 0.00370 1.87789e-01 2.40096e-04 -5.7128830575e-01 -3.8325897631e-01
170.000 0.00000 -0.00000 0.00000 0.00000 0.00000 0.00000 1.2797e-02 9.1949e-01 -3.7024e-02 -2.4861e-04 4.0847e-01 3.7426e-05 0.41653 0.44503 0.44314 -0.00590 0.01783 0.00410 1.87789e-01 2.40866e-04 -5.7128861692e-01 -3.8325898922e-01
172.000 -0.00000 0.00000 0.00000 0.00000 0.00000 0.00000 -3.8044e-02 9.1946e-01 7.7063e-04 -2.4861e-04 4.0847e-01 3.7426e-05 0.43923 0.44499 0.42049 0.01791 -0.00080 -0.01176 1.87788e-01 2.41606e-04 -5.7128888484e-01 -3.8325900112e-01
174.000 0.00000 0.00000 0.00000 0.00000 0.00000 0.00000 1.3096e-02 9.1948e-01 3.3107e-02 -2.4861e-04 4.0847e-01 3.7426e-05 0.42869 0.44490 0.43112 -0.00695 -0.01571 0.01590 1.87788e-01 2.42275e-04 -5.7128910978e-01 -3.8325901209e-01
176.000 -0.00000 0.00000 -0.00000 0.00000 0.00000 0.00000 2.3906e-02 9.1949e-01 -2.3920e-02 -2.4861e-04 4.0847e-01 3.7426e-05 0.42169 0.44484 0.43818 -0.01161 0.01181 -0.01443 1.87787e-01 2.42834e-04 -5.7128929299e-01 -3.8325902226e-01
178.000 -0.00000 -0.00000 -0.00000 0.00000 0.00000 0.00000 -3.1113e-02 9.1946e-01 -1.2916e-02 -2.4861e-04 4.0847e-01 3.7426e-05 0.44527 0.44484 0.41460 0.01490 0.00612 0.00750 1.87787e-01 2.43243e-04 -5.7128943587e-01 -3.8325903179e-01
180.000 -0.00000 -0.00000 -0.00000 0.00000 0.00000 0.00000 -6.6246e-04 9.1947e-01 3.2678e-02 -2.4861e-04 4.0847e-01 3.7426e-05 0.41279 0.44480 0.44712 -0.00006 -0.01585 0.00245 1.87787e-01 2.43469e-04 -5.7128953921e-01 -3.8325904091e-01
182.000 -0.00000 -0.00000 0.00000 0.00000 0.00000 0.00000 2.9376e-02 9.1949e-01 -1.2533e-02 -2.4861e-04 4.0847e-01 3.7426e-05 0.44284 0.44478 0.41709 -0.01458 0.00610 -0.01169 1.87787e-01 2.43487e-04 -5.7128960277e-01 -3.8325904984e-01
184.000 -0.00000 -0.00000 0.00000 0.00000 0.00000 0.00000 -2.4146e-02 9.1946e-01 -2.2836e-02 -2.4861e-04 4.0847e-01 3.7426e-05 0.42588 0.44482 0.43401 0.01133 0.01126 0.01672 1.87787e-01 2.43284e-04 -5.7128962493e-01 -3.8325905882e-01
186.000 -0.00000 0.00000 -0.00000 0.00000 0.00000 0.00000 -1.2941e-02 9.1947e-01 3.1507e-02 -2.4861e-04 4.0847e-01 3.7426e-05 0.42402 0.44485 0.43584 0.00624 -0.01512 -0.01576 1.87788e-01 2.42860e-04 -5.7128960266e-01 -3.8325906810e-01
188.000 0.00000 -0.00000 0.00000 0.00000 0.00000 0.00000 3.4519e-02 9.1950e-01 -3.4796e-04 -2.4861e-04 4.0847e-01 3.7426e-05 0.44320 0.44486 0.41665 -0.01690 -0.00015 0.00939 1.87788e-01 2.42232e-04 -5.7128953168e-01 -3.8325907790e-01
190.000 -0.00000 0.00000 0.00000 0.00000 0.00000 0.00000 -1.4533e-02 9.1948e-01 -3.3879e-02 -2.4861e-04 4.0847e-01 3.7426e-05 0.41443 0.44494 0.44533 0.00627 0.01644 -0.00031 1.87789e-01 2.41436e-04 -5.7128940697e-01 -3.8325908843e-01
192.000 -0.00000 0.00000 -0.00000 0.00000 0.00000 0.00000 -2.8590e-02 9.1947e-01 2.6631e-02 -2.4861e-04 4.0847e-01 3.7426e-05 0.44192 0.44502 0.41776 0.01370 -0.01230 -0.00786 1.87790e-01 2.40526e-04 -5.7128922341e-01 -3.8325909983e-01
194.000 0.00000 -0.00000 0.00000 0.00000 0.00000 0.00000 3.5937e-02 9.1951e-01 1.7909e-02 -2.4861e-04 4.0847e-01 3.7426e-05 0.42475 0.44506 0.43489 -0.01711 -0.00890 0.01216 1.87790e-01 2.39572e-04 -5.7128897679e-01 -3.8325911223e-01
196.000 0.00000 0.00000 0.00000 0.00000 0.00000 0.00000 3.8943e-03 9.1950e-01 -4.2326e-02 -2.4861e-04 4.0847e-01 3.7426e-05 0.42741 0.44516 0.43213 -0.00261 0.01998 -0.01148 1.87791e-01 2.38651e-04 -5.7128866500e-01 -3.8325912566e-01
198.000 -0.00000 0.00000 0.00000 0.00000 0.00000 0.00000 -4.3881e-02 9.1947e-01 1.0583e-02 -2.4861e-04 4.0847e-01 3.7426e-05 0.43692 0.44527 0.42251 0.02050 -0.00449 0.00697 1.87791e-01 2.37833e-04 -5.7128828919e-01 -3.8325914008e-01
200.000 0.00000 -0.00000 0.00000 0.00000 0.00000 0.00000 2.4595e-02 9.1951e-01 3.8961e-02 -2.4861e-04 4.0847e-01 3.7426e-05 0.42165 0.44531 0.43773 -0.01149 -0.01847 -0.00133 1.87792e-01 2.37169e-04 -5.7128785485e-01 -3.8325915539e-01
202.000 0.00000 0.00000 0.00000 0.00000 0.00000 0.00000 2.8876e-02 9.1952e-01 -3.7491e-02 -2.4861e-04 4.0847e-01 3.7426e-05 0.43520 0.44537 0.42412 -0.01404 0.01742 -0.00263 1.87792e-01 2.36677e-04 -5.7128737245e-01 -3.8325917142e-01
204.000 0.00000 -0.00000 -0.00000 0.00000 0.00000 0.00000 -4.6612e-02 9.1947e-01 -1.5987e-02 -2.4861e-04 4.0847e-01 3.7426e-05 0.42768 0.44546 0.43155 0.02147 0.00772 0.00345 1.87791e-01 2.36341e-04 -5.7128685742e-01 -3.8325918797e-01
206.000 0.00000 -0.00000 0.00000 0.00000 0.00000 0.00000 -1.0041e-03 9.1949e-01 4.9455e-02 -2.4861e-04 4.0847e-01 3.7426e-05 0.42931 0.44547 0.42991 0.00029 -0.02308 -0.00167 1.87791e-01 2.36118e-04 -5.7128632927e-01 -3.8325920480e-01
208.000 -0.00000 -0.00000 0.00000 0.00000 0.00000 0.00000 4.6463e-02 9.1952e-01 -1.5338e-02 -2.4861e-04 4.0847e-01 3.7426e-05 0.42950 0.44545 0.42975 -0.02198 0.00724 -0.00065 1.87791e-01 2.35953e-04 -5.7128580988e-01 -3.8325922171e-01
210.000 0.00000 0.00000 0.00000 0.00000 0.00000 0.00000 -3.0014e-02 9.1948e-01 -3.9215e-02 -2.4861e-04 4.0847e-01 3.7426e-05 0.43222 0.44547 0.42701 0.01389 0.01829 0.00124 1.87790e-01 2.35806e-04 -5.7128532117e-01 -3.8325923850e-01
212.000 0.00000 0.00000 -0.00000 0.00000 0.00000 0.00000 -2.7812e-02 9.1947e-01 3.9925e-02 -2.4861e-04 4.0847e-01 3.7426e-05 0.42461 0.44544 0.43465 0.01253 -0.01880 0.00098 1.87790e-01 2.35663e-04 -5.7128488252e-01 -3.8325925498e-01
214.000 -0.00000 0.00000 0.00000 0.00000 0.00000 0.00000 4.4755e-02 9.1951e-01 1.2604e-02 -2.4861e-04 4.0847e-01 3.7426e-05 0.43470 0.44533 0.42466 -0.02136 -0.00553 -0.00518 1.87790e-01 2.35540e-04 -5.7128450858e-01 -3.8325927099e-01
216.000 -0.00000 -0.00000 0.00000 0.00000 0.00000 0.00000 -3.4964e-03 9.1949e-01 -4.5235e-02 -2.4861e-04 4.0847e-01 3.7426e-05 0.42822 0.44529 0.43120 0.00180 0.02129 0.00902 1.87789e-01 2.35478e-04 -5.7128420778e-01 -3.8325928636e-01
218.000 -0.00000 0.00000 0.00000 0.00000 0.00000 0.00000 -4.0616e-02 9.1946e-01 1.7218e-02 -2.4861e-04 4.0847e-01 3.7426e-05 0.42510 0.44523 0.43438 0.01869 -0.00853 -0.00989 1.87789e-01 2.35520e-04 -5.7128398195e-01 -3.8325930097e-01
220.000 -0.00000 -0.00000 -0.00000 0.00000 0.00000 0.00000 2.7787e-02 9.1950e-01 3.0496e-02 -2.4861e-04 4.0847e-01 3.7426e-05 0.44057 0.44511 0.41904 -0.01380 -0.01405 0.00636 1.87789e-01 2.35699e-04 -5.7128382690e-01 -3.8325931473e-01
222.000 0.00000 0.00000 0.00000 0.00000 0.00000 0.00000 1.7226e-02 9.1950e-01 -3.5235e-02 -2.4861e-04 4.0847e-01 3.7426e-05 0.41603 0.44503 0.44366 -0.00803 0.01703 0.00088 1.87788e-01 2.36025e-04 -5.7128373387e-01 -3.8325932757e-01
224.000 0.00000 0.00000 -0.00000 0.00000 0.00000 0.00000 -3.7951e-02 9.1946e-01 -3.7932e-03 -2.4861e-04 4.0847e-01 3.7426e-05 0.44167 0.44499 0.41806 0.01792 0.00139 -0.00920 1.87788e-01 2.36482e-04 -5.7128369121e-01 -3.8325933951e-01
226.000 0.00000 -0.00000 0.00000 0.00000 0.00000 0.00000 8.9875e-03 9.1948e-01 3.4613e-02 -2.4861e-04 4.0847e-01 3.7426e-05 0.42504 0.44490 0.43478 -0.00499 -0.01647 0.01513 1.87787e-01 2.37031e-04 -5.7128368616e-01 -3.8325935061e-01
228.000 0.00000 -0.00000 -0.00000 0.00000 0.00000 0.00000 2.6724e-02 9.1949e-01 -2.0779e-02 -2.4861e-04 4.0847e-01 3.7426e-05 0.42530 0.44484 0.43459 -0.01299 0.01032 -0.01592 1.87787e-01 2.37622e-04 -5.7128370634e-01 -3.8325936099e-01
230.000 0.00000 -0.00000 -0.00000 0.00000 0.00000 0.00000 -2.9318e-02 9.1945e-01 -1.6608e-02 -2.4861e-04 4.0847e-01 3.7426e-05 0.44308 0.44484 0.41680 0.01405 0.00792 0.01086 1.87786e-01 2.38198e-04 -5.7128374084e-01 -3.8325937079e-01
232.000 0.00000 0.00000 0.00000 0.00000 0.00000 0.00000 -4.6967e-03 9.1946e-01 3.2433e-02 -2.4861e-04 4.0847e-01 3.7426e-05 0.41272 0.44481 0.44720 0.00189 -0.01574 -0.00162 1.87786e-01 2.38704e-04 -5.7128378095e-01 -3.8325938020e-01
234.000 -0.00000 0.00000 0.00000 0.00000 0.00000 0.00000 3.0696e-02 9.1949e-01 -8.7241e-03 -2.4861e-04 4.0847e-01 3.7426e-05 0.44522 0.44478 0.41473 -0.01521 0.00425 -0.00836 1.87785e-01 2.39093e-04 -5.7128382060e-01 -3.8325938942e-01
236.000 0.00000 -0.00000 -0.00000 0.00000 0.00000 0.00000 -2.1101e-02 9.1946e-01 -2.5545e-02 -2.4861e-04 4.0847e-01 3.7426e-05 0.42209 0.44482 0.43781 0.00984 0.01256 0.01533 1.87785e-01 2.39331e-04 -5.7128385653e-01 -3.8325939865e-01
238.000 0.00000 0.00000 -0.00000 0.00000 0.00000 0.00000 -1.6689e-02 9.1945e-01 2.9675e-02 -2.4861e-04 4.0847e-01 3.7426e-05 0.42787 0.44485 0.43201 0.00804 -0.01421 -0.01673 1.87785e-01 2.39396e-04 -5.7128388838e-01 -3.8325940809e-01
240.000 -0.00000 0.00000 -0.00000 0.00000 0.00000 0.00000 3.4209e-02 9.1949e-01 3.9533e-03 -2.4861e-04 4.0847e-01 3.7426e-05 0.44067 0.44486 0.41919 -0.01672 -0.00222 0.01226 1.87785e-01 2.39282e-04 -5.7128391866e-01 -3.8325941792e-01
242.000 -0.00000 0.00000 -0.00000 0.00000 0.00000 0.00000 -1.0247e-02 9.1946e-01 -3.5220e-02 -2.4861e-04 4.0847e-01 3.7426e-05 0.41489 0.44494 0.44489 0.00420 0.01704 -0.00393 1.87786e-01 2.39002e-04 -5.7128395258e-01 -3.8325942829e-01
244.000 -0.00000 0.00000 -0.00000 0.00000 0.00000 0.00000 -3.1508e-02 9.1945e-01 2.2951e-02 -2.4861e-04 4.0847e-01 3.7426e-05 0.44349 0.44503 0.41620 0.01505 -0.01051 -0.00485 1.87786e-01 2.38584e-04 -5.7128399777e-01 -3.8325943932e-01
246.000 0.00000 0.00000 0.00000 0.00000 0.00000 0.00000 3.3404e-02 9.1949e-01 2.2122e-02 -2.4861e-04 4.0847e-01 3.7426e-05 0.42201 0.44507 0.43764 -0.01586 -0.01088 0.01070 1.87787e-01 2.38075e-04 -5.7128406373e-01 -3.8325945110e-01
248.000 0.00000 0.00000 -0.00000 0.00000 0.00000 0.00000 8.9420e-03 9.1949e-01 -4.1360e-02 -2.4861e-04 4.0847e-01 3.7426e-05 0.43017 0.44516 0.42939 -0.00499 0.01947 -0.01181 1.87787e-01 2.37531e-04 -5.7128416097e-01 -3.8325946365e-01
250.000 -0.00000 0.00000 0.00000 0.00000 0.00000 0.00000 -4.4717e-02 9.1945e-01 5.2955e-03 -2.4861e-04 4.0847e-01 3.7426e-05 0.43515 0.44527 0.42429 0.02084 -0.00199 0.00856 1.87788e-01 2.37015e-04 -5.7128429983e-01 -3.8325947696e-01
252.000 0.00000 -0.00000 -0.00000 0.00000 0.00000 0.00000 1.9721e-02 9.1949e-01 4.1609e-02 -2.4861e-04 4.0847e-01 3.7426e-05 0.42208 0.44532 0.43731 -0.00918 -0.01968 -0.00323 1.87788e-01 2.36588e-04 -5.7128448898e-01 -3.8325949099e-01
254.000 0.00000 -0.00000 -0.00000 0.00000 0.00000 0.00000 3.3107e-02 9.1951e-01 -3.3660e-02 -2.4861e-04 4.0847e-01 3.7426e-05 0.43580 0.44537 0.42354 -0.01601 0.01559 -0.00128 1.87789e-01 2.36298e-04 -5.7128473390e-01 -3.8325950568e-01
256.000 0.00000 0.00000 0.00000 0.00000 0.00000 0.00000 -4.4334e-02 9.1946e-01 -2.1350e-02 -2.4861e-04 4.0847e-01 3.7426e-05 0.42683 0.44546 0.43242 0.02038 0.01023 0.00300 1.87789e-01 2.36175e-04 -5.7128503557e-01 -3.8325952095e-01
258.000 -0.00000 0.00000 0.00000 0.00000 0.00000 0.00000 -6.8878e-03 9.1948e-01 4.9047e-02 -2.4861e-04 4.0847e-01 3.7426e-05 0.42975 0.44548 0.42947 0.00305 -0.02288 -0.00183 1.87790e-01 2.36225e-04 -5.7128538970e-01 -3.8325953671e-01
260.000 0.00000 -0.00000 0.00000 0.00000 0.00000 0.00000 4.7996e-02 9.1952e-01 -9.6256e-03 -2.4861e-04 4.0847e-01 3.7426e-05 0.42970 0.44545 0.42955 -0.02271 0.00457 -0.00053 1.87790e-01 2.36440e-04 -5.7128578696e-01 -3.8325955282e-01
262.000 0.00000 0.00000 0.00000 0.00000 0.00000 0.00000 -2.5142e-02 9.1948e-01 -4.2502e-02 -2.4861e-04 4.0847e-01 3.7426e-05 0.43175 0.44547 0.42748 0.01162 0.01985 0.00173 1.87790e-01 2.36800e-04 -5.7128621390e-01 -3.8325956913e-01
264.000 0.00000 0.00000 -0.00000 0.00000 0.00000 0.00000 -3.2436e-02 9.1947e-01 3.6447e-02 -2.4861e-04 4.0847e-01 3.7426e-05 0.42464 0.44544 0.43461 0.01472 -0.01719 -0.00021 1.87790e-01 2.37281e-04 -5.7128665480e-01 -3.8325958545e-01
266.000 -0.00000 -0.00000 0.00000 0.00000 0.00000 0.00000 4.3030e-02 9.1951e-01 1.7982e-02 -2.4861e-04 4.0847e-01 3.7426e-05 0.43567 0.44534 0.42368 -0.02058 -0.00807 -0.00381 1.87790e-01 2.37861e-04 -5.7128709358e-01 -3.8325960152e-01
268.000 -0.00000 -0.00000 -0.00000 0.00000 0.00000 0.00000 1.9716e-03 9.1949e-01 -4.5382e-02 -2.4861e-04 4.0847e-01 3.7426e-05 0.42619 0.44529 0.43323 -0.00077 0.02141 0.00833 1.87789e-01 2.38521e-04 -5.7128751574e-01 -3.8325961711e-01
270.000 0.00000 0.00000 0.00000 0.00000 0.00000 0.00000 -4.2513e-02 9.1946e-01 1.2309e-02 -2.4861e-04 4.0847e-01 3.7426e-05 0.42754 0.44524 0.43192 0.01964 -0.00623 -0.01061 1.87789e-01 2.39244e-04 -5.7128790961e-01 -3.8325963200e-01
272.000 0.00000 -0.00000 0.00000 0.00000 0.00000 0.00000 2.3985e-02 9.1949e-01 3.3803e-02 -2.4861e-04 4.0847e-01 3.7426e-05 0.43872 0.44512 0.42086 -0.01203 -0.01566 0.00865 1.87789e-01 2.40005e-04 -5.7128826700e-01 -3.8325964600e-01
274.000 0.00000 -0.00000 0.00000 0.00000 0.00000 0.00000 2.1445e-02 9.1950e-01 -3.2926e-02 -2.4861e-04 4.0847e-01 3.7426e-05 0.41626 0.44503 0.44341 -0.01006 0.01597 -0.00236 1.87788e-01 2.40775e-04 -5.7128858313e-01 -3.8325965902e-01
276.000 0.00000 0.00000 0.00000 0.00000 0.00000 0.00000 -3.7315e-02 9.1946e-01 -8.3383e-03 -2.4861e-04 4.0847e-01 3.7426e-05 0.44343 0.44500 0.41627 0.01767 0.00357 -0.00617 1.87788e-01 2.41520e-04 -5.7128885608e-01 -3.8325967104e-01
278.000 0.00000 -0.00000 0.00000 0.00000 0.00000 0.00000 4.7149e-03 9.1948e-01 3.5619e-02 -2.4861e-04 4.0847e-01 3.7426e-05 0.42165 0.44491 0.43815 -0.00296 -0.01700 0.01354 1.87787e-01 2.42200e-04 -5.7128908594e-01 -3.8325968211e-01
280.000 -0.00000 0.00000 0.00000 0.00000 0.00000 0.00000 2.9143e-02 9.1949e-01 -1.7319e-02 -2.4861e-04 4.0847e-01 3.7426e-05 0.42913 0.44484 0.43073 -0.01418 0.00868 -0.01654 1.87787e-01 2.42773e-04 -5.7128927390e-01 -3.8325969236e-01
282.000 0.00000 0.00000 0.00000 0.00000 0.00000 0.00000 -2.7093e-02 9.1946e-01 -2.0047e-02 -2.4861e-04 4.0847e-01 3.7426e-05 0.44017 0.44484 0.41970 0.01300 0.00959 0.01361 1.87787e-01 2.43201e-04 -5.7128942138e-01 -3.8325970196e-01
284.000 0.00000 0.00000 0.00000 0.00000 0.00000 0.00000 -8.6514e-03 9.1946e-01 3.1705e-02 -2.4861e-04 4.0847e-01 3.7426e-05 0.41356 0.44481 0.44633 0.00381 -0.01540 -0.00560 1.87786e-01 2.43450e-04 -5.7128952928e-01 -3.8325971111e-01
286.000 -0.00000 0.00000 -0.00000 0.00000 0.00000 0.00000 3.1541e-02 9.1949e-01 -4.8129e-03 -2.4861e-04 4.0847e-01 3.7426e-05 0.44675 0.44478 0.41318 -0.01562 0.00236 -0.00457 1.87786e-01 2.43493e-04 -5.7128959749e-01 -3.8325972005e-01
288.000 -0.00000 -0.00000 0.00000 0.00000 0.00000 0.00000 -1.7785e-02 9.1946e-01 -2.7849e-02 -2.4861e-04 4.0847e-01 3.7426e-05 0.41872 0.44482 0.44118 0.00822 0.01366 0.01308 1.87787e-01 2.43316e-04 -5.7128962455e-01 -3.8325972902e-01
290.000 0.00000 -0.00000 -0.00000 0.00000 0.00000 0.00000 -2.0159e-02 9.1946e-01 2.7437e-02 -2.4861e-04 4.0847e-01 3.7426e-05 0.43183 0.44485 0.42803 0.00970 -0.01310 -0.01678 1.87787e-01 2.42917e-04 -5.7128960758e-01 -3.8325973825e-01
292.000 -0.00000 0.00000 -0.00000 0.00000 0.00000 0.00000 3.3408e-02 9.1950e-01 8.1465e-03 -2.4861e-04 4.0847e-01 3.7426e-05 0.43753 0.44486 0.42232 -0.01630 -0.00423 0.01446 1.87787e-01 2.42311e-04 -5.7128954246e-01 -3.8325974798e-01
294.000 0.00000 0.00000 0.00000 0.00000 0.00000 0.00000 -5.8772e-03 9.1948e-01 -3.6048e-02 -2.4861e-04 4.0847e-01 3.7426e-05 0.41617 0.44493 0.44360 0.00210 0.01739 -0.00734 1.87788e-01 2.41531e-04 -5.7128942418e-01 -3.8325975841e-01
296.000 0.00000 -0.00000 -0.00000 0.00000 0.00000 0.00000 -3.3959e-02 9.1946e-01 1.8994e-02 -2.4861e-04 4.0847e-01 3.7426e-05 0.44430 0.44502 0.41538 0.01617 -0.00860 -0.00153 1.87789e-01 2.40631e-04 -5.7128924762e-01 -3.8325976971e-01
298.000 -0.00000 0.00000 0.00000 0.00000 0.00000 0.00000 3.0422e-02 9.1950e-01 2.5985e-02 -2.4861e-04 4.0847e-01 3.7426e-05 0.41967 0.44506 0.43997 -0.01440 -0.01268 0.00863 1.87790e-01 2.39679e-04 -5.7128900841e-01 -3.8325978199e-01
300.000 -0.00000 -0.00000 -0.00000 0.00000 0.00000 0.00000 1.3812e-02 9.1950e-01 -3.9819e-02 -2.4861e-04 4.0847e-01 3.7426e-05 0.43293 0.44514 0.42662 -0.00727 0.01869 -0.01147 1.87790e-01 2.38750e-04 -5.7128870412e-01 -3.8325979530e-01
302.000 0.00000 0.00000 0.00000 0.00000 0.00000 0.00000 -4.4920e-02 9.1947e-01 -2.7548e-05 -2.4861e-04 4.0847e-01 3.7426e-05 0.43303 0.44526 0.42640 0.02089 0.00053 0.00968 1.87791e-01 2.37917e-04 -5.7128833546e-01 -3.8325980961e-01
304.000 -0.00000 0.00000 0.00000 0.00000 0.00000 0.00000 1.4585e-02 9.1950e-01 4.3645e-02 -2.4861e-04 4.0847e-01 3.7426e-05 0.42296 0.44531 0.43642 -0.00674 -0.02060 -0.00498 1.87791e-01 2.37234e-04 -5.7128790741e-01 -3.8325982483e-01
306.000 -0.00000 -0.00000 -0.00000 0.00000 0.00000 0.00000 3.6826e-02 9.1952e-01 -2.9355e-02 -2.4861e-04 4.0847e-01 3.7426e-05 0.43604 0.44536 0.42330 -0.01773 0.01355 0.00019 1.87791e-01 2.36722e-04 -5.7128742983e-01 -3.8325984079e-01
308.000 -0.00000 -0.00000 0.00000 0.00000 0.00000 0.00000 -4.1418e-02 9.1947e-01 -2.6375e-02 -2.4861e-04 4.0847e-01 3.7426e-05 0.42610 0.44546 0.43314 0.01899 0.01257 0.00233 1.87791e-01 2.36370e-04 -5.7128691763e-01 -3.8325985728e-01
310.000 -0.00000 -0.00000 0.00000 0.00000 0.00000 0.00000 -1.2656e-02 9.1948e-01 4.7906e-02 -2.4861e-04 4.0847e-01 3.7426e-05 0.43022 0.44548 0.42900 0.00575 -0.02234 -0.00186 1.87790e-01 2.36137e-04 -5.7128638990e-01 -3.8325987409e-01
312.000 0.00000 0.00000 -0.00000 0.00000 0.00000 0.00000 4.8787e-02 9.1952e-01 -3.7831e-03 -2.4861e-04 4.0847e-01 3.7426e-05 0.42985 0.44545 0.42940 -0.02308 0.00183 -0.00038 1.87790e-01 2.35968e-04 -5.7128586837e-01 -3.8325989100e-01
314.000 -0.00000 0.00000 0.00000 0.00000 0.00000 0.00000 -1.9908e-02 9.1948e-01 -4.5128e-02 -2.4861e-04 4.0847e-01 3.7426e-05 0.43119 0.44547 0.42803 0.00917 0.02109 0.00209 1.87790e-01 2.35820e-04 -5.7128537508e-01 -3.8325990782e-01
316.000 0.00000 0.00000 0.00000 0.00000 0.00000 0.00000 -3.6558e-02 9.1946e-01 3.2419e-02 -2.4861e-04 4.0847e-01 3.7426e-05 0.42495 0.44545 0.43430 0.01667 -0.01533 -0.00134 1.87789e-01 2.35676e-04 -5.7128492983e-01 -3.8325992434e-01
318.000 -0.00000 0.00000 -0.00000 0.00000 0.00000 0.00000 4.0636e-02 9.1951e-01 2.3071e-02 -2.4861e-04 4.0847e-01 3.7426e-05 0.43629 0.44535 0.42307 -0.01949 -0.01047 -0.00226 1.87789e-01 2.35549e-04 -5.7128454791e-01 -3.8325994041e-01
320.000 0.00000 0.00000 -0.00000 0.00000 0.00000 0.00000 7.3909e-03 9.1949e-01 -4.4829e-02 -2.4861e-04 4.0847e-01 3.7426e-05 0.42440 0.44529 0.43501 -0.00333 0.02119 0.00719 1.87789e-01 2.35477e-04 -5.7128423849e-01 -3.8325995586e-01
322.000 -0.00000 -0.00000 0.00000 0.00000 0.00000 0.00000 -4.3763e-02 9.1946e-01 7.2166e-03 -2.4861e-04 4.0847e-01 3.7426e-05 0.43008 0.44524 0.42938 0.02028 -0.00384 -0.01072 1.87789e-01 2.35506e-04 -5.7128400415e-01 -3.8325997057e-01
324.000 -0.00000 -0.00000 0.00000 0.00000 0.00000 0.00000 1.9808e-02 9.1949e-01 3.6593e-02 -2.4861e-04 4.0847e-01 3.7426e-05 0.43641 0.44513 0.42318 -0.01009 -0.01702 0.01041 1.87788e-01 2.35668e-04 -5.7128384134e-01 -3.8325998442e-01
326.000 -0.00000 0.00000 -0.00000 0.00000 0.00000 0.00000 2.5333e-02 9.1950e-01 -3.0109e-02 -2.4861e-04 4.0847e-01 3.7426e-05 0.41726 0.44504 0.44242 -0.01194 0.01468 -0.00543 1.87788e-01 2.35978e-04 -5.7128374174e-01 -3.8325999737e-01
328.000 0.00000 0.00000 0.00000 0.00000 0.00000 0.00000 -3.6117e-02 9.1946e-01 -1.2767e-02 -2.4861e-04 4.0847e-01 3.7426e-05 0.44444 0.44500 0.41528 0.01715 0.00570 -0.00282 1.87787e-01 2.36421e-04 -5.7128369392e-01 -3.8326000941e-01
330.000 0.00000 0.00000 0.00000 0.00000 0.00000 0.00000 3.4513e-04 9.1947e-01 3.6087e-02 -2.4861e-04 4.0847e-01 3.7426e-05 0.41876 0.44492 0.44104 -0.00087 -0.01727 0.01120 1.87787e-01 2.36962e-04 -5.7128368519e-01 -3.8326002060e-01
332.000 0.00000 0.00000 0.00000 0.00000 0.00000 0.00000 3.1119e-02 9.1949e-01 -1.3575e-02 -2.4861e-04 4.0847e-01 3.7426e-05 0.43301 0.44485 0.42687 -0.01516 0.00689 -0.01623 1.87786e-01 2.37551e-04 -5.7128370305e-01 -3.8326003106e-01
334.000 -0.00000 -0.00000 0.00000 0.00000 0.00000 0.00000 -2.4446e-02 9.1946e-01 -2.3198e-02 -2.4861e-04 4.0847e-01 3.7426e-05 0.43671 0.44484 0.42318 0.01173 0.01113 0.01560 1.87786e-01 2.38132e-04 -5.7128373639e-01 -3.8326004091e-01
336.000 -0.00000 -0.00000 -0.00000 0.00000 0.00000 0.00000 -1.2507e-02 9.1946e-01 3.0482e-02 -2.4861e-04 4.0847e-01 3.7426e-05 0.41535 0.44482 0.44457 0.00569 -0.01482 -0.00926 1.87785e-01 2.38648e-04 -5.7128377621e-01 -3.8326005036e-01
338.000 0.00000 0.00000 -0.00000 0.00000 0.00000 0.00000 3.1892e-02 9.1948e-01 -8.0018e-04 -2.4861e-04 4.0847e-01 3.7426e-05 0.44735 0.44478 0.41259 -0.01579 0.00042 -0.00053 1.87785e-01 2.39053e-04 -5.7128381613e-01 -3.8326005959e-01
340.000 -0.00000 0.00000 0.00000 0.00000 0.00000 0.00000 -1.4179e-02 9.1946e-01 -2.9729e-02 -2.4861e-04 4.0847e-01 3.7426e-05 0.41597 0.44482 0.44394 0.00647 0.01455 0.01011 1.87784e-01 2.39309e-04 -5.7128385255e-01 -3.8326006881e-01
342.000 0.00000 0.00000 0.00000 0.00000 0.00000 0.00000 -2.3337e-02 9.1945e-01 2.4759e-02 -2.4861e-04 4.0847e-01 3.7426e-05 0.43571 0.44485 0.42417 0.01122 -0.01178 -0.01589 1.87784e-01 2.39394e-04 -5.7128388481e-01 -3.8326007821e-01
344.000 -0.00000 -0.00000 0.00000 0.00000 0.00000 0.00000 3.2073e-02 9.1948e-01 1.2226e-02 -2.4861e-04 4.0847e-01 3.7426e-05 0.43396 0.44486 0.42591 -0.01562 -0.00618 0.01587 1.87785e-01 2.39301e-04 -5.7128391506e-01 -3.8326008799e-01
346.000 -0.00000 -0.00000 0.00000 0.00000 0.00000 0.00000 -1.4174e-03 9.1947e-01 -3.6315e-02 -2.4861e-04 4.0847e-01 3.7426e-05 0.41823 0.44493 0.44156 -0.00004 0.01746 -0.01038 1.87785e-01 2.39038e-04 -5.7128394824e-01 -3.8326009829e-01
348.000 -0.00000 0.00000 0.00000 0.00000 0.00000 0.00000 -3.5897e-02 9.1944e-01 1.4744e-02 -2.4861e-04 4.0847e-01 3.7426e-05 0.44433 0.44502 0.41537 0.01705 -0.00655 0.00190 1.87785e-01 2.38635e-04 -5.7128399171e-01 -3.8326010925e-01
350.000 -0.00000 0.00000 0.00000 0.00000 0.00000 0.00000 2.6973e-02 9.1948e-01 2.9451e-02 -2.4861e-04 4.0847e-01 3.7426e-05 0.41787 0.44506 0.44179 -0.01272 -0.01429 0.00605 1.87786e-01 2.38133e-04 -5.7128405480e-01 -3.8326012093e-01
352.000 0.00000 -0.00000 0.00000 0.00000 0.00000 0.00000 1.8460e-02 9.1949e-01 -3.7687e-02 -2.4861e-04 4.0847e-01 3.7426e-05 0.43558 0.44514 0.42399 -0.00945 0.01763 -0.01050 1.87786e-01 2.37590e-04 -5.7128414796e-01 -3.8326013339e-01
354.000 0.00000 0.00000 0.00000 0.00000 0.00000 0.00000 -4.4476e-02 9.1945e-01 -5.3391e-03 -2.4861e-04 4.0847e-01 3.7426e-05 0.43069 0.44527 0.42876 0.02062 0.00303 0.01029 1.87787e-01 2.37068e-04 -5.7128428162e-01 -3.8326014662e-01
356.000 -0.00000 -0.00000 0.00000 0.00000 0.00000 0.00000 9.2416e-03 9.1948e-01 4.5055e-02 -2.4861e-04 4.0847e-01 3.7426e-05 0.42425 0.44532 0.43515 -0.00422 -0.02122 -0.00651 1.87788e-01 2.36628e-04 -5.7128446471e-01 -3.8326016057e-01
358.000 -0.00000 0.00000 0.00000 0.00000 0.00000 0.00000 4.0018e-02 9.1951e-01 -2.4643e-02 -2.4861e-04 4.0847e-01 3.7426e-05 0.43594 0.44536 0.42340 -0.01920 0.01131 0.00171 1.87788e-01 2.36321e-04 -5.7128470316e-01 -3.8326017519e-01
360.000 0.00000 0.00000 0.00000 0.00000 0.00000 0.00000 -3.7939e-02 9.1946e-01 -3.1037e-02 -2.4861e-04 4.0847e-01 3.7426e-05 0.42553 0.44546 0.43372 0.01734 0.01474 0.00147 1.87789e-01 2.36177e-04 -5.7128499849e-01 -3.8326019040e-01
362.000 0.00000 -0.00000 0.00000 0.00000 0.00000 0.00000 -1.8271e-02 9.1947e-01 4.6116e-02 -2.4861e-04 4.0847e-01 3.7426e-05 0.43073 0.44548 0.42849 0.00838 -0.02149 -0.00177 1.87789e-01 2.36208e-04 -5.7128534705e-01 -3.8326020610e-01
364.000 0.00000 0.00000 -0.00000 0.00000 0.00000 0.00000 4.8922e-02 9.1952e-01 2.1321e-03 -2.4861e-04 4.0847e-01 3.7426e-05 0.42991 0.44545 0.42934 -0.02314 -0.00095 -0.00018 1.87789e-01 2.36406e-04 -5.7128574001e-01 -3.8326022218e-01
366.000 -0.00000 -0.00000 0.00000 0.00000 0.00000 0.00000 -1.4388e-02 9.1948e-01 -4.7168e-02 -2.4861e-04 4.0847e-01 3.7426e-05 0.43060 0.44547 0.42863 0.00659 0.02206 0.00229 1.87789e-01 2.36750e-04 -5.7128616436e-01 -3.8326023848e-01
368.000 0.00000 0.00000 0.00000 0.00000 0.00000 0.00000 -4.0232e-02 9.1946e-01 2.7932e-02 -2.4861e-04 4.0847e-01 3.7426e-05 0.42550 0.44545 0.43374 0.01842 -0.01324 -0.00234 1.87789e-01 2.37218e-04 -5.7128660449e-01 -3.8326025480e-01
370.000 0.00000 -0.00000 0.00000 0.00000 0.00000 0.00000 3.7671e-02 9.1951e-01 2.7900e-02 -2.4861e-04 4.0847e-01 3.7426e-05 0.43651 0.44535 0.42283 -0.01813 -0.01276 -0.00064 1.87789e-01 2.37788e-04 -5.7128704429e-01 -3.8326027092e-01
372.000 0.00000 -0.00000 0.00000 0.00000 0.00000 0.00000 1.2759e-02 9.1950e-01 -4.3664e-02 -2.4861e-04 4.0847e-01 3.7426e-05 0.42294 0.44529 0.43646 -0.00587 0.02069 0.00568 1.87789e-01 2.38440e-04 -5.7128746900e-01 -3.8326028658e-01
374.000 -0.00000 0.00000 -0.00000 0.00000 0.00000 0.00000 -4.4435e-02 9.1945e-01 1.9715e-03 -2.4861e-04 4.0847e-01 3.7426e-05 0.43255 0.44525 0.42691 0.02066 -0.00137 -0.01026 1.87788e-01 2.39157e-04 -5.7128786657e-01 -3.8326030155e-01
376.000 0.00000 -0.00000 -0.00000 0.00000 0.00000 0.00000 1.5301e-02 9.1949e-01 3.8905e-02 -2.4861e-04 4.0847e-01 3.7426e-05 0.43376 0.44513 0.42581 -0.00798 -0.01817 0.01160 1.87788e-01 2.39914e-04 -5.7128822841e-01 -3.8326031566e-01
378.000 -0.00000 0.00000 0.00000 0.00000 0.00000 0.00000 2.8892e-02 9.1950e-01 -2.6836e-02 -2.4861e-04 4.0847e-01 3.7426e-05 0.41892 0.44504 0.44074 -0.01367 0.01316 -0.00818 1.87788e-01 2.40685e-04 -5.7128854938e-01 -3.8326032879e-01
380.000 0.00000 -0.00000 -0.00000 0.00000 0.00000 0.00000 -3.4394e-02 9.1946e-01 -1.7046e-02 -2.4861e-04 4.0847e-01 3.7426e-05 0.44463 0.44500 0.41507 0.01637 0.00776 0.00066 1.87787e-01 2.41435e-04 -5.7128882726e-01 -3.8326034093e-01
382.000 0.00000 0.00000 0.00000 0.00000 0.00000 0.00000 -4.0642e-03 9.1947e-01 3.6028e-02 -2.4861e-04 4.0847e-01 3.7426e-05 0.41648 0.44492 0.44331 0.00125 -0.01729 0.00827 1.87787e-01 2.42124e-04 -5.7128906198e-01 -3.8326035210e-01
384.000 0.00000 -0.00000 -0.00000 0.00000 0.00000 0.00000 3.2630e-02 9.1949e-01 -9.6159e-03 -2.4861e-04 4.0847e-01 3.7426e-05 0.43670 0.44485 0.42316 -0.01592 0.00500 -0.01504 1.87786e-01 2.42712e-04 -5.7128925463e-01 -3.8326036243e-01
386.000 0.00000 -0.00000 0.00000 0.00000 0.00000 0.00000 -2.1442e-02 9.1946e-01 -2.5998e-02 -2.4861e-04 4.0847e-01 3.7426e-05 0.43287 0.44484 0.42700 0.01030 0.01250 0.01673 1.87786e-01 2.43158e-04 -5.7128940665e-01 -3.8326037209e-01
388.000 -0.00000 0.00000 0.00000 0.00000 0.00000 0.00000 -1.6168e-02 9.1946e-01 2.8808e-02 -2.4861e-04 4.0847e-01 3.7426e-05 0.41791 0.44482 0.44199 0.00747 -0.01403 -0.01241 1.87786e-01 2.43429e-04 -5.7128951902e-01 -3.8326038129e-01
390.000 0.00000 0.00000 0.00000 0.00000 0.00000 0.00000 3.1757e-02 9.1949e-01 3.1968e-03 -2.4861e-04 4.0847e-01 3.7426e-05 0.44700 0.44478 0.41293 -0.01572 -0.00152 0.00354 1.87786e-01 2.43496e-04 -5.7128959177e-01 -3.8326039024e-01
392.000 0.00000 0.00000 0.00000 0.00000 0.00000 0.00000 -1.0409e-02 9.1947e-01 -3.1153e-02 -2.4861e-04 4.0847e-01 3.7426e-05 0.41398 0.44481 0.44592 0.00464 0.01522 0.00657 1.87786e-01 2.43344e-04 -5.7128962360e-01 -3.8326039919e-01
394.000 0.00000 -0.00000 0.00000 0.00000 0.00000 0.00000 -2.6150e-02 9.1945e-01 2.1754e-02 -2.4861e-04 4.0847e-01 3.7426e-05 0.43926 0.44485 0.42059 0.01256 -0.01031 -0.01413 1.87786e-01 2.42970e-04 -5.7128961180e-01 -3.8326040838e-01
396.000 0.00000 -0.00000 0.00000 0.00000 0.00000 0.00000 3.0288e-02 9.1949e-01 1.6083e-02 -2.4861e-04 4.0847e-01 3.7426e-05 0.43014 0.44486 0.42972 -0.01473 -0.00802 0.01641 1.87787e-01 2.42386e-04 -5.7128955235e-01 -3.8326041805e-01
398.000 -0.00000 0.00000 0.00000 0.00000 0.00000 0.00000 3.0003e-03 9.1948e-01 -3.6066e-02 -2.4861e-04 4.0847e-01 3.7426e-05 0.42094 0.44492 0.43884 -0.00215 0.01730 -0.01285 1.87787e-01 2.41624e-04 -5.7128944033e-01 -3.8326042839e-01
400.000 0.00000 0.00000 -0.00000 0.00000 0.00000 0.00000 -3.7318e-02 9.1946e-01 1.0338e-02 -2.4861e-04 4.0847e-01 3.7426e-05 0.44354 0.44501 0.41615 0.01767 -0.00443 0.00525 1.87788e-01 2.40734e-04 -5.7128927059e-01 -3.8326043958e-01
