# t x y z vx vy vz omx omy omz llx lly llz Ixx Iyy Izz Ixy Iyz Ixz KErot PEspr PEgrav Etot
0.000 0.00000 0.00000 -0.00000 -0.00000 -0.00000 -0.00000 3.1022e-02 9.2061e-01 -3.8859e-02 -2.5220e-04 4.0856e-01 2.9970e-05 0.43244 0.44506 0.42866 -0.01494 0.01820 -0.00216 1.88059e-01 5.50463e-29 -5.7098545597e-01 -3.8292659619e-01
2.000 -0.00000 -0.00000 -0.00000 -0.00000 -0.00000 -0.00000 -4.7706e-02 9.1947e-01 -1.7193e-02 -2.5220e-04 4.0856e-01 2.9970e-05 0.43080 0.44564 0.42859 0.02210 0.00810 0.00109 1.87838e-01 2.39680e-04 -5.7124390599e-01 -3.8316600429e-01
4.004 0.00000 -0.00000 0.00000 0.00000 -0.00000 -0.00000 -1.3011e-03 9.1945e-01 5.0034e-02 -2.5220e-04 4.0856e-01 2.9970e-05 0.42794 0.44563 0.43146 0.00022 -0.02344 0.00202 1.87827e-01 2.47273e-04 -5.7124494271e-01 -3.8317055515e-01
6.004 -0.00000 0.00000 0.00000 -0.00000 0.00000 -0.00000 4.6254e-02 9.1950e-01 -1.5354e-02 -2.5220e-04 4.0856e-01 2.9970e-05 0.42896 0.44556 0.43050 -0.02193 0.00745 -0.00459 1.87830e-01 2.45978e-04 -5.7124646047e-01 -3.8317078130e-01
8.004 -0.00000 -0.00000 0.00000 -0.00000 0.00000 -0.00000 -2.9870e-02 9.1945e-01 -3.8200e-02 -2.5220e-04 4.0856e-01 2.9970e-05 0.43489 0.44555 0.42459 0.01403 0.01781 0.00424 1.87830e-01 2.46932e-04 -5.7124732011e-01 -3.8317084492e-01
10.000 -0.00000 -0.00000 -0.00000 -0.00000 0.00000 -0.00000 -2.6277e-02 9.1945e-01 3.9122e-02 -2.5220e-04 4.0856e-01 2.9970e-05 0.42115 0.44548 0.43839 0.01178 -0.01863 -0.00031 1.87830e-01 2.46906e-04 -5.7124777761e-01 -3.8317089206e-01
12.000 0.00000 -0.00000 0.00000 -0.00000 -0.00000 -0.00000 4.3214e-02 9.1950e-01 1.0704e-02 -2.5220e-04 4.0856e-01 2.9970e-05 0.43844 0.44536 0.42122 -0.02081 -0.00460 -0.00585 1.87830e-01 2.46885e-04 -5.7124787112e-01 -3.8317093551e-01
14.000 -0.00000 0.00000 -0.00000 -0.00000 -0.00000 -0.00000 -5.3867e-03 9.1947e-01 -4.2858e-02 -2.5220e-04 4.0856e-01 2.9970e-05 0.42576 0.44531 0.43396 0.00274 0.02033 0.01125 1.87830e-01 2.46835e-04 -5.7124762282e-01 -3.8317097603e-01
16.000 -0.00000 -0.00000 0.00000 0.00000 -0.00000 -0.00000 -3.7393e-02 9.1944e-01 1.8746e-02 -2.5220e-04 4.0856e-01 2.9970e-05 0.42634 0.44525 0.43345 0.01733 -0.00933 -0.01287 1.87829e-01 2.46764e-04 -5.7124708777e-01 -3.8317101375e-01
18.000 0.00000 -0.00000 0.00000 0.00000 -0.00000 -0.00000 2.8697e-02 9.1948e-01 2.6536e-02 -2.5220e-04 4.0856e-01 2.9970e-05 0.44116 0.44514 0.41874 -0.01431 -0.01234 0.00923 1.87829e-01 2.46699e-04 -5.7124632648e-01 -3.8317104882e-01
20.004 -0.00000 0.00000 -0.00000 0.00000 -0.00000 -0.00000 1.2614e-02 9.1947e-01 -3.5364e-02 -2.5220e-04 4.0856e-01 2.9970e-05 0.41458 0.44509 0.44538 -0.00600 0.01718 -0.00111 1.87828e-01 2.46645e-04 -5.7124540165e-01 -3.8317108156e-01
22.004 -0.00000 -0.00000 0.00000 0.00000 -0.00000 -0.00000 -3.6994e-02 9.1943e-01 1.0861e-03 -2.5220e-04 4.0856e-01 2.9970e-05 0.44384 0.44507 0.41615 0.01759 -0.00079 -0.00826 1.87827e-01 2.46596e-04 -5.7124438161e-01 -3.8317111223e-01
24.004 -0.00000 -0.00000 -0.00000 0.00000 -0.00000 -0.00000 1.3884e-02 9.1946e-01 3.2442e-02 -2.5220e-04 4.0856e-01 2.9970e-05 0.42318 0.44501 0.43687 -0.00720 -0.01561 0.01513 1.87826e-01 2.46545e-04 -5.7124332389e-01 -3.8317114139e-01
26.004 0.00000 -0.00000 0.00000 0.00000 -0.00000 -0.00000 2.3323e-02 9.1946e-01 -2.5393e-02 -2.5220e-04 4.0856e-01 2.9970e-05 0.42700 0.44499 0.43308 -0.01156 0.01241 -0.01658 1.87825e-01 2.46486e-04 -5.7124228161e-01 -3.8317116959e-01
28.004 0.00000 -0.00000 0.00000 0.00000 -0.00000 -0.00000 -3.3265e-02 9.1942e-01 -1.2017e-02 -2.5220e-04 4.0856e-01 2.9970e-05 0.44199 0.44502 0.41806 0.01587 0.00593 0.01190 1.87824e-01 2.46414e-04 -5.7124130126e-01 -3.8317119742e-01
30.004 -0.00000 0.00000 0.00000 0.00000 -0.00000 -0.00000 9.9019e-04 9.1943e-01 3.5327e-02 -2.5220e-04 4.0856e-01 2.9970e-05 0.41360 0.44502 0.44646 -0.00061 -0.01712 -0.00290 1.87823e-01 2.46325e-04 -5.7124042300e-01 -3.8317122546e-01
32.004 0.00000 0.00000 -0.00000 0.00000 -0.00000 -0.00000 3.2211e-02 9.1945e-01 -1.5266e-02 -2.5220e-04 4.0856e-01 2.9970e-05 0.44481 0.44503 0.41524 -0.01597 0.00717 -0.00682 1.87822e-01 2.46220e-04 -5.7123968110e-01 -3.8317125430e-01
34.004 0.00000 0.00000 0.00000 0.00000 -0.00000 -0.00000 -2.8060e-02 9.1941e-01 -2.5401e-02 -2.5220e-04 4.0856e-01 2.9970e-05 0.42207 0.44511 0.43790 0.01298 0.01254 0.01347 1.87822e-01 2.46095e-04 -5.7123910396e-01 -3.8317128450e-01
36.004 0.00000 0.00000 0.00000 -0.00000 -0.00000 -0.00000 -1.4693e-02 9.1942e-01 3.6500e-02 -2.5220e-04 4.0856e-01 2.9970e-05 0.42878 0.44517 0.43113 0.00716 -0.01732 -0.01470 1.87821e-01 2.45949e-04 -5.7123871346e-01 -3.8317131654e-01
38.000 0.00000 0.00000 0.00000 0.00000 -0.00000 -0.00000 4.0309e-02 9.1945e-01 2.9442e-04 -2.5220e-04 4.0856e-01 2.9970e-05 0.43859 0.44521 0.42129 -0.01951 -0.00057 0.01058 1.87821e-01 2.45777e-04 -5.7123852374e-01 -3.8317135078e-01
40.000 -0.00000 0.00000 0.00000 0.00000 -0.00000 -0.00000 -1.5395e-02 9.1942e-01 -4.0061e-02 -2.5220e-04 4.0856e-01 2.9970e-05 0.41799 0.44532 0.44178 0.00658 0.01923 -0.00330 1.87822e-01 2.45578e-04 -5.7123853787e-01 -3.8317138768e-01
42.000 -0.00000 -0.00000 -0.00000 0.00000 -0.00000 -0.00000 -3.4565e-02 9.1940e-01 2.9033e-02 -2.5220e-04 4.0856e-01 2.9970e-05 0.43996 0.44542 0.41971 0.01638 -0.01336 -0.00371 1.87820e-01 2.45229e-04 -5.7123621141e-01 -3.8317142796e-01
44.000 -0.00000 0.00000 0.00000 0.00000 -0.00000 -0.00000 3.9713e-02 9.1944e-01 2.3132e-02 -2.5220e-04 4.0856e-01 2.9970e-05 0.42481 0.44545 0.43482 -0.01881 -0.01123 0.00755 1.87820e-01 2.45032e-04 -5.7123662097e-01 -3.8317144926e-01
46.000 0.00000 0.00000 0.00000 0.00000 -0.00000 -0.00000 8.0207e-03 9.1943e-01 -4.7088e-02 -2.5220e-04 4.0856e-01 2.9970e-05 0.42931 0.44553 0.43023 -0.00439 0.02213 -0.00715 1.87821e-01 2.44783e-04 -5.7123714006e-01 -3.8317147180e-01
48.000 -0.00000 0.00000 -0.00000 0.00000 -0.00000 -0.00000 -4.9086e-02 9.1940e-01 7.6860e-03 -2.5220e-04 4.0856e-01 2.9970e-05 0.43323 0.44563 0.42621 0.02282 -0.00333 0.00372 1.87822e-01 2.44591e-04 -5.7123773364e-01 -3.8317149556e-01
50.000 0.00000 0.00000 -0.00000 0.00000 -0.00000 -0.00000 2.2866e-02 9.1944e-01 4.4109e-02 -2.5220e-04 4.0856e-01 2.9970e-05 0.42663 0.44562 0.43281 -0.01089 -0.02073 0.00005 1.87822e-01 2.44445e-04 -5.7123834344e-01 -3.8317152012e-01
52.000 0.00000 -0.00000 0.00000 0.00000 -0.00000 -0.00000 3.3655e-02 9.1946e-01 -3.6666e-02 -2.5220e-04 4.0856e-01 2.9970e-05 0.42999 0.44562 0.42945 -0.01608 0.01722 -0.00162 1.87823e-01 2.44390e-04 -5.7123890019e-01 -3.8317154516e-01
54.000 -0.00000 -0.00000 -0.00000 -0.00000 0.00000 -0.00000 -4.6294e-02 9.1941e-01 -2.0267e-02 -2.5220e-04 4.0856e-01 2.9970e-05 0.43215 0.44566 0.42725 0.02149 0.00945 0.00003 1.87823e-01 2.44438e-04 -5.7123933867e-01 -3.8317157026e-01
56.000 0.00000 0.00000 0.00000 0.00000 0.00000 -0.00000 -4.8036e-03 9.1943e-01 4.9300e-02 -2.5220e-04 4.0856e-01 2.9970e-05 0.42706 0.44561 0.43239 0.00177 -0.02313 0.00353 1.87823e-01 2.44577e-04 -5.7123960519e-01 -3.8317159499e-01
58.000 -0.00000 -0.00000 0.00000 0.00000 0.00000 -0.00000 4.6298e-02 9.1947e-01 -1.1851e-02 -2.5220e-04 4.0856e-01 2.9970e-05 0.42930 0.44553 0.43023 -0.02197 0.00590 -0.00645 1.87823e-01 2.44777e-04 -5.7123966346e-01 -3.8317161896e-01
60.000 -0.00000 0.00000 -0.00000 0.00000 0.00000 -0.00000 -2.6583e-02 9.1942e-01 -3.9006e-02 -2.5220e-04 4.0856e-01 2.9970e-05 0.43542 0.44550 0.42414 0.01258 0.01821 0.00623 1.87823e-01 2.44988e-04 -5.7123949761e-01 -3.8317164184e-01
62.000 -0.00000 0.00000 0.00000 0.00000 0.00000 -0.00000 -2.7600e-02 9.1941e-01 3.6362e-02 -2.5220e-04 4.0856e-01 2.9970e-05 0.41979 0.44543 0.43984 0.01241 -0.01742 -0.00200 1.87822e-01 2.45155e-04 -5.7123911220e-01 -3.8317166341e-01
64.000 0.00000 -0.00000 -0.00000 -0.00000 -0.00000 -0.00000 4.1012e-02 9.1945e-01 1.2511e-02 -2.5220e-04 4.0856e-01 2.9970e-05 0.44066 0.44531 0.41910 -0.01986 -0.00545 -0.00489 1.87822e-01 2.45226e-04 -5.7123852928e-01 -3.8317168356e-01
66.000 -0.00000 -0.00000 0.00000 -0.00000 0.00000 -0.00000 -3.3027e-03 9.1943e-01 -4.1334e-02 -2.5220e-04 4.0856e-01 2.9970e-05 0.42327 0.44526 0.43656 0.00176 0.01970 0.01142 1.87821e-01 2.45164e-04 -5.7123778377e-01 -3.8317170228e-01
68.000 0.00000 0.00000 -0.00000 -0.00000 0.00000 -0.00000 -3.6581e-02 9.1940e-01 1.6635e-02 -2.5220e-04 4.0856e-01 2.9970e-05 0.42868 0.44521 0.43120 0.01704 -0.00834 -0.01434 1.87820e-01 2.44947e-04 -5.7123691854e-01 -3.8317171964e-01
70.000 0.00000 -0.00000 -0.00000 -0.00000 0.00000 -0.00000 2.6809e-02 9.1943e-01 2.6368e-02 -2.5220e-04 4.0856e-01 2.9970e-05 0.43986 0.44511 0.42012 -0.01344 -0.01236 0.01177 1.87820e-01 2.44574e-04 -5.7123598023e-01 -3.8317173580e-01
72.000 0.00000 0.00000 -0.00000 -0.00000 0.00000 -0.00000 1.3066e-02 9.1943e-01 -3.3858e-02 -2.5220e-04 4.0856e-01 2.9970e-05 0.41451 0.44506 0.44552 -0.00632 0.01650 -0.00421 1.87819e-01 2.44060e-04 -5.7123501616e-01 -3.8317175097e-01
74.000 0.00000 0.00000 0.00000 0.00000 0.00000 -0.00000 -3.6097e-02 9.1939e-01 3.8920e-04 -2.5220e-04 4.0856e-01 2.9970e-05 0.44561 0.44506 0.41444 0.01722 -0.00036 -0.00557 1.87819e-01 2.43430e-04 -5.7123407273e-01 -3.8317176541e-01
76.000 -0.00000 -0.00000 -0.00000 -0.00000 0.00000 -0.00000 1.3230e-02 9.1942e-01 3.2169e-02 -2.5220e-04 4.0856e-01 2.9970e-05 0.42027 0.44501 0.43983 -0.00680 -0.01555 0.01370 1.87819e-01 2.42724e-04 -5.7123319480e-01 -3.8317177940e-01
78.004 -0.00000 -0.00000 -0.00000 -0.00000 0.00000 -0.00000 2.3467e-02 9.1943e-01 -2.5147e-02 -2.5220e-04 4.0856e-01 2.9970e-05 0.43017 0.44500 0.42995 -0.01172 0.01222 -0.01689 1.87819e-01 2.41983e-04 -5.7123242443e-01 -3.8317179325e-01
80.004 0.00000 -0.00000 -0.00000 -0.00000 0.00000 -0.00000 -3.3491e-02 9.1940e-01 -1.2440e-02 -2.5220e-04 4.0856e-01 2.9970e-05 0.43947 0.44504 0.42061 0.01592 0.00623 0.01378 1.87819e-01 2.41265e-04 -5.7123180708e-01 -3.8317180722e-01
82.004 0.00000 -0.00000 0.00000 0.00000 0.00000 -0.00000 5.4498e-04 9.1941e-01 3.6116e-02 -2.5220e-04 4.0856e-01 2.9970e-05 0.41478 0.44506 0.44528 -0.00029 -0.01746 -0.00578 1.87819e-01 2.40625e-04 -5.7123138220e-01 -3.8317182163e-01
84.004 -0.00000 -0.00000 0.00000 0.00000 0.00000 -0.00000 3.3541e-02 9.1944e-01 -1.5067e-02 -2.5220e-04 4.0856e-01 2.9970e-05 0.44525 0.44508 0.41479 -0.01658 0.00697 -0.00382 1.87819e-01 2.40123e-04 -5.7123118884e-01 -3.8317183674e-01
86.004 -0.00000 0.00000 -0.00000 0.00000 -0.00000 -0.00000 -2.8345e-02 9.1940e-01 -2.7142e-02 -2.5220e-04 4.0856e-01 2.9970e-05 0.42022 0.44517 0.43972 0.01301 0.01336 0.01120 1.87820e-01 2.39818e-04 -5.7123126194e-01 -3.8317185281e-01
88.004 0.00000 0.00000 0.00000 0.00000 0.00000 -0.00000 -1.6631e-02 9.1941e-01 3.7430e-02 -2.5220e-04 4.0856e-01 2.9970e-05 0.43136 0.44524 0.42851 0.00809 -0.01766 -0.01369 1.87820e-01 2.39762e-04 -5.7123162888e-01 -3.8317187003e-01
90.004 0.00000 -0.00000 0.00000 0.00000 -0.00000 -0.00000 4.1950e-02 9.1945e-01 2.0164e-03 -2.5220e-04 4.0856e-01 2.9970e-05 0.43604 0.44528 0.42379 -0.02019 -0.00139 0.01087 1.87820e-01 2.39989e-04 -5.7123230485e-01 -3.8317188856e-01
92.004 0.00000 -0.00000 0.00000 0.00000 -0.00000 -0.00000 -1.3982e-02 9.1942e-01 -4.2308e-02 -2.5220e-04 4.0856e-01 2.9970e-05 0.41992 0.44539 0.43978 0.00590 0.02020 -0.00465 1.87821e-01 2.40503e-04 -5.7123328742e-01 -3.8317190845e-01
94.004 -0.00000 0.00000 -0.00000 0.00000 -0.00000 -0.00000 -3.7293e-02 9.1940e-01 2.8121e-02 -2.5220e-04 4.0856e-01 2.9970e-05 0.43886 0.44548 0.42074 0.01758 -0.01291 -0.00177 1.87821e-01 2.41276e-04 -5.7123455147e-01 -3.8317192970e-01
96.004 -0.00000 0.00000 -0.00000 0.00000 -0.00000 -0.00000 3.9426e-02 9.1945e-01 2.6163e-02 -2.5220e-04 4.0856e-01 2.9970e-05 0.42490 0.44551 0.43466 -0.01865 -0.01257 0.00549 1.87822e-01 2.42237e-04 -5.7123604596e-01 -3.8317195220e-01
98.004 -0.00000 0.00000 0.00000 0.00000 -0.00000 -0.00000 1.1159e-02 9.1944e-01 -4.7480e-02 -2.5220e-04 4.0856e-01 2.9970e-05 0.42996 0.44558 0.42953 -0.00577 0.02228 -0.00535 1.87822e-01 2.43290e-04 -5.7123769408e-01 -3.8317197575e-01
100.004 0.00000 -0.00000 0.00000 0.00000 -0.00000 -0.00000 -5.0150e-02 9.1941e-01 4.6284e-03 -2.5220e-04 4.0856e-01 2.9970e-05 0.43197 0.44566 0.42743 0.02328 -0.00199 0.00239 1.87823e-01 2.44320e-04 -5.7123939792e-01 -3.8317200009e-01
102.004 0.00000 -0.00000 0.00000 0.00000 -0.00000 -0.00000 2.0056e-02 9.1945e-01 4.5792e-02 -2.5220e-04 4.0856e-01 2.9970e-05 0.42820 0.44563 0.43122 -0.00965 -0.02146 0.00081 1.87824e-01 2.45226e-04 -5.7124104780e-01 -3.8317202489e-01
104.004 0.00000 0.00000 -0.00000 0.00000 -0.00000 -0.00000 3.5871e-02 9.1947e-01 -3.4248e-02 -2.5220e-04 4.0856e-01 2.9970e-05 0.42825 0.44561 0.43117 -0.01705 0.01616 -0.00176 1.87825e-01 2.45935e-04 -5.7124253484e-01 -3.8317204978e-01
106.004 0.00000 0.00000 -0.00000 0.00000 -0.00000 -0.00000 -4.4389e-02 9.1942e-01 -2.2906e-02 -2.5220e-04 4.0856e-01 2.9970e-05 0.43386 0.44563 0.42555 0.02066 0.01061 -0.00048 1.87825e-01 2.46421e-04 -5.7124376433e-01 -3.8317207441e-01
108.004 0.00000 -0.00000 0.00000 0.00000 -0.00000 -0.00000 -7.7259e-03 9.1944e-01 4.8008e-02 -2.5220e-04 4.0856e-01 2.9970e-05 0.42561 0.44556 0.43386 0.00306 -0.02258 0.00469 1.87826e-01 2.46696e-04 -5.7124466682e-01 -3.8317209842e-01
110.004 0.00000 -0.00000 -0.00000 0.00000 -0.00000 -0.00000 4.5686e-02 9.1948e-01 -8.8170e-03 -2.5220e-04 4.0856e-01 2.9970e-05 0.43027 0.44546 0.42930 -0.02173 0.00456 -0.00819 1.87826e-01 2.46807e-04 -5.7124520470e-01 -3.8317212150e-01
112.004 -0.00000 -0.00000 -0.00000 0.00000 -0.00000 -0.00000 -2.3636e-02 9.1944e-01 -3.9087e-02 -2.5220e-04 4.0856e-01 2.9970e-05 0.43531 0.44543 0.42430 0.01127 0.01829 0.00836 1.87826e-01 2.46810e-04 -5.7124537316e-01 -3.8317214341e-01
114.004 0.00000 -0.00000 -0.00000 0.00000 -0.00000 -0.00000 -2.8320e-02 9.1943e-01 3.3709e-02 -2.5220e-04 4.0856e-01 2.9970e-05 0.41894 0.44535 0.44075 0.01278 -0.01625 -0.00412 1.87826e-01 2.46758e-04 -5.7124519625e-01 -3.8317216399e-01
116.004 0.00000 -0.00000 -0.00000 0.00000 -0.00000 -0.00000 3.8836e-02 9.1947e-01 1.3738e-02 -2.5220e-04 4.0856e-01 2.9970e-05 0.44257 0.44523 0.41724 -0.01892 -0.00606 -0.00331 1.87826e-01 2.46689e-04 -5.7124471974e-01 -3.8317218319e-01
118.004 0.00000 0.00000 0.00000 0.00000 -0.00000 -0.00000 -1.7712e-03 9.1945e-01 -3.9764e-02 -2.5220e-04 4.0856e-01 2.9970e-05 0.42073 0.44518 0.43914 0.00101 0.01905 0.01090 1.87825e-01 2.46623e-04 -5.7124400274e-01 -3.8317220103e-01
120.004 -0.00000 -0.00000 0.00000 0.00000 -0.00000 -0.00000 -3.5655e-02 9.1942e-01 1.5042e-02 -2.5220e-04 4.0856e-01 2.9970e-05 0.43132 0.44514 0.42860 0.01670 -0.00757 -0.01518 1.87824e-01 2.46567e-04 -5.7124311016e-01 -3.8317221764e-01
122.004 0.00000 0.00000 0.00000 0.00000 -0.00000 -0.00000 2.5397e-02 9.1945e-01 2.6024e-02 -2.5220e-04 4.0856e-01 2.9970e-05 0.43795 0.44505 0.42206 -0.01276 -0.01230 0.01390 1.87823e-01 2.46518e-04 -5.7124210665e-01 -3.8317223320e-01
124.004 0.00000 0.00000 -0.00000 0.00000 -0.00000 -0.00000 1.3144e-02 9.1944e-01 -3.2825e-02 -2.5220e-04 4.0856e-01 2.9970e-05 0.41511 0.44502 0.44494 -0.00646 0.01602 -0.00710 1.87822e-01 2.46469e-04 -5.7124105280e-01 -3.8317224794e-01
126.004 -0.00000 0.00000 -0.00000 0.00000 -0.00000 -0.00000 -3.5560e-02 9.1941e-01 1.1677e-04 -2.5220e-04 4.0856e-01 2.9970e-05 0.44660 0.44503 0.41344 0.01700 -0.00013 -0.00273 1.87821e-01 2.46412e-04 -5.7124000316e-01 -3.8317226215e-01
128.004 0.00000 -0.00000 -0.00000 0.00000 -0.00000 -0.00000 1.3020e-02 9.1943e-01 3.2136e-02 -2.5220e-04 4.0856e-01 2.9970e-05 0.41792 0.44500 0.44216 -0.00660 -0.01559 0.01177 1.87820e-01 2.46343e-04 -5.7123900566e-01 -3.8317227609e-01
130.004 0.00000 0.00000 -0.00000 0.00000 -0.00000 -0.00000 2.3937e-02 9.1944e-01 -2.5141e-02 -2.5220e-04 4.0856e-01 2.9970e-05 0.43328 0.44501 0.42681 -0.01200 0.01213 -0.01644 1.87820e-01 2.46259e-04 -5.7123810181e-01 -3.8317229009e-01
132.004 0.00000 0.00000 -0.00000 0.00000 -0.00000 -0.00000 -3.4001e-02 9.1940e-01 -1.3153e-02 -2.5220e-04 4.0856e-01 2.9970e-05 0.43658 0.44507 0.42344 0.01609 0.00665 0.01500 1.87819e-01 2.46157e-04 -5.7123732716e-01 -3.8317230442e-01
134.004 0.00000 0.00000 -0.00000 0.00000 -0.00000 -0.00000 -1.4894e-04 9.1941e-01 3.7225e-02 -2.5220e-04 4.0856e-01 2.9970e-05 0.41654 0.44510 0.44346 0.00013 -0.01792 -0.00823 1.87818e-01 2.46037e-04 -5.7123671143e-01 -3.8317231937e-01
136.004 0.00000 -0.00000 0.00000 0.00000 -0.00000 -0.00000 3.5217e-02 9.1943e-01 -1.4665e-02 -2.5220e-04 4.0856e-01 2.9970e-05 0.44493 0.44513 0.41503 -0.01733 0.00669 -0.00090 1.87818e-01 2.45895e-04 -5.7123627805e-01 -3.8317233519e-01
138.004 -0.00000 0.00000 -0.00000 0.00000 -0.00000 -0.00000 -2.8468e-02 9.1940e-01 -2.9244e-02 -2.5220e-04 4.0856e-01 2.9970e-05 0.41902 0.44524 0.44083 0.01298 0.01432 0.00866 1.87818e-01 2.45729e-04 -5.7123604289e-01 -3.8317235212e-01
140.004 -0.00000 -0.00000 -0.00000 0.00000 -0.00000 -0.00000 -1.8944e-02 9.1940e-01 3.8233e-02 -2.5220e-04 4.0856e-01 2.9970e-05 0.43343 0.44531 0.42635 0.00916 -0.01795 -0.01213 1.87818e-01 2.45535e-04 -5.7123601225e-01 -3.8317237031e-01
142.004 0.00000 -0.00000 -0.00000 0.00000 -0.00000 -0.00000 4.3488e-02 9.1944e-01 4.2836e-03 -2.5220e-04 4.0856e-01 2.9970e-05 0.43356 0.44536 0.42617 -0.02083 -0.00245 0.01053 1.87818e-01 2.45316e-04 -5.7123618037e-01 -3.8317238988e-01
144.004 0.00000 0.00000 -0.00000 0.00000 -0.00000 -0.00000 -1.2007e-02 9.1941e-01 -4.4537e-02 -2.5220e-04 4.0856e-01 2.9970e-05 0.42203 0.44546 0.43759 0.00498 0.02116 -0.00539 1.87819e-01 2.45079e-04 -5.7123652716e-01 -3.8317241085e-01
146.004 0.00000 -0.00000 -0.00000 0.00000 -0.00000 -0.00000 -4.0087e-02 9.1939e-01 2.6641e-02 -2.5220e-04 4.0856e-01 2.9970e-05 0.43732 0.44556 0.42220 0.01880 -0.01221 -0.00030 1.87820e-01 2.44840e-04 -5.7123701697e-01 -3.8317243317e-01
148.004 0.00000 -0.00000 -0.00000 0.00000 -0.00000 -0.00000 3.8580e-02 9.1945e-01 2.9347e-02 -2.5220e-04 4.0856e-01 2.9970e-05 0.42558 0.44557 0.43392 -0.01825 -0.01397 0.00369 1.87821e-01 2.44625e-04 -5.7123759919e-01 -3.8317245667e-01
150.004 -0.00000 0.00000 -0.00000 0.00000 -0.00000 -0.00000 1.4538e-02 9.1944e-01 -4.7339e-02 -2.5220e-04 4.0856e-01 2.9970e-05 0.42997 0.44562 0.42948 -0.00725 0.02220 -0.00353 1.87821e-01 2.44465e-04 -5.7123821150e-01 -3.8317248107e-01
152.004 -0.00000 0.00000 -0.00000 0.00000 -0.00000 -0.00000 -5.0729e-02 9.1940e-01 1.2484e-03 -2.5220e-04 4.0856e-01 2.9970e-05 0.43132 0.44568 0.42807 0.02352 -0.00051 0.00078 1.87822e-01 2.44390e-04 -5.7123878568e-01 -3.8317250604e-01
154.000 0.00000 -0.00000 -0.00000 0.00000 -0.00000 -0.00000 1.6678e-02 9.1944e-01 4.7126e-02 -2.5220e-04 4.0856e-01 2.9970e-05 0.42933 0.44564 0.43009 -0.00817 -0.02205 0.00208 1.87822e-01 2.44415e-04 -5.7123925441e-01 -3.8317253111e-01
156.000 -0.00000 -0.00000 -0.00000 0.00000 -0.00000 -0.00000 3.7882e-02 9.1946e-01 -3.1251e-02 -2.5220e-04 4.0856e-01 2.9970e-05 0.42674 0.44559 0.43273 -0.01794 0.01485 -0.00260 1.87822e-01 2.44536e-04 -5.7123956281e-01 -3.8317255596e-01
158.000 0.00000 -0.00000 0.00000 0.00000 -0.00000 -0.00000 -4.1944e-02 9.1941e-01 -2.5472e-02 -2.5220e-04 4.0856e-01 2.9970e-05 0.43573 0.44559 0.42374 0.01960 0.01176 -0.00023 1.87822e-01 2.44726e-04 -5.7123966921e-01 -3.8317258012e-01
160.000 -0.00000 0.00000 -0.00000 0.00000 -0.00000 -0.00000 -1.0679e-02 9.1942e-01 4.6254e-02 -2.5220e-04 4.0856e-01 2.9970e-05 0.42370 0.44552 0.43585 0.00438 -0.02183 0.00521 1.87822e-01 2.44939e-04 -5.7123955318e-01 -3.8317260327e-01
162.000 -0.00000 -0.00000 -0.00000 0.00000 -0.00000 -0.00000 4.4713e-02 9.1946e-01 -5.6923e-03 -2.5220e-04 4.0856e-01 2.9970e-05 0.43201 0.44541 0.42765 -0.02134 0.00315 -0.00959 1.87821e-01 2.45121e-04 -5.7123921496e-01 -3.8317262514e-01
164.000 0.00000 -0.00000 0.00000 0.00000 -0.00000 -0.00000 -2.0585e-02 9.1942e-01 -3.8913e-02 -2.5220e-04 4.0856e-01 2.9970e-05 0.43437 0.44537 0.42534 0.00990 0.01827 0.01055 1.87821e-01 2.45217e-04 -5.7123867308e-01 -3.8317264561e-01
166.000 0.00000 0.00000 -0.00000 0.00000 -0.00000 -0.00000 -2.8870e-02 9.1940e-01 3.0981e-02 -2.5220e-04 4.0856e-01 2.9970e-05 0.41884 0.44530 0.44094 0.01310 -0.01504 -0.00672 1.87820e-01 2.45186e-04 -5.7123796004e-01 -3.8317266464e-01
168.000 0.00000 -0.00000 -0.00000 0.00000 -0.00000 -0.00000 3.6644e-02 9.1944e-01 1.4847e-02 -2.5220e-04 4.0856e-01 2.9970e-05 0.44409 0.44518 0.41581 -0.01796 -0.00664 -0.00095 1.87819e-01 2.45004e-04 -5.7123711736e-01 -3.8317268228e-01
170.000 -0.00000 0.00000 -0.00000 0.00000 -0.00000 -0.00000 -3.4431e-04 9.1942e-01 -3.8246e-02 -2.5220e-04 4.0856e-01 2.9970e-05 0.41817 0.44514 0.44178 0.00028 0.01841 0.00950 1.87819e-01 2.44665e-04 -5.7123619115e-01 -3.8317269869e-01
172.000 -0.00000 0.00000 0.00000 0.00000 -0.00000 -0.00000 -3.4844e-02 9.1939e-01 1.3579e-02 -2.5220e-04 4.0856e-01 2.9970e-05 0.43444 0.44511 0.42555 0.01642 -0.00683 -0.01529 1.87818e-01 2.44180e-04 -5.7123522877e-01 -3.8317271406e-01
174.000 0.00000 0.00000 0.00000 0.00000 -0.00000 -0.00000 2.4174e-02 9.1942e-01 2.5836e-02 -2.5220e-04 4.0856e-01 2.9970e-05 0.43529 0.44503 0.42478 -0.01216 -0.01231 0.01562 1.87818e-01 2.43573e-04 -5.7123427691e-01 -3.8317272864e-01
176.000 -0.00000 -0.00000 -0.00000 0.00000 -0.00000 -0.00000 1.3392e-02 9.1942e-01 -3.2062e-02 -2.5220e-04 4.0856e-01 2.9970e-05 0.41658 0.44501 0.44352 -0.00669 0.01565 -0.01003 1.87818e-01 2.42879e-04 -5.7123338080e-01 -3.8317274270e-01
178.000 -0.00000 0.00000 -0.00000 0.00000 -0.00000 -0.00000 -3.5381e-02 9.1939e-01 -3.0409e-04 -2.5220e-04 4.0856e-01 2.9970e-05 0.44691 0.44504 0.41317 0.01692 0.00019 0.00055 1.87818e-01 2.42144e-04 -5.7123258416e-01 -3.8317275654e-01
180.000 0.00000 -0.00000 0.00000 0.00000 -0.00000 -0.00000 1.2718e-02 9.1942e-01 3.2548e-02 -2.5220e-04 4.0856e-01 2.9970e-05 0.41598 0.44502 0.44412 -0.00635 -0.01582 0.00911 1.87818e-01 2.41416e-04 -5.7123192956e-01 -3.8317277045e-01
182.000 0.00000 0.00000 -0.00000 0.00000 -0.00000 -0.00000 2.4825e-02 9.1943e-01 -2.5226e-02 -2.5220e-04 4.0856e-01 2.9970e-05 0.43629 0.44503 0.42380 -0.01247 0.01207 -0.01520 1.87818e-01 2.40753e-04 -5.7123145844e-01 -3.8317278474e-01
184.000 -0.00000 -0.00000 -0.00000 0.00000 -0.00000 -0.00000 -3.4670e-02 9.1939e-01 -1.4304e-02 -2.5220e-04 4.0856e-01 2.9970e-05 0.43343 0.44511 0.42658 0.01631 0.00725 0.01547 1.87818e-01 2.40215e-04 -5.7123121042e-01 -3.8317279967e-01
186.000 0.00000 -0.00000 0.00000 0.00000 -0.00000 -0.00000 -1.2878e-03 9.1941e-01 3.8573e-02 -2.5220e-04 4.0856e-01 2.9970e-05 0.41890 0.44515 0.44107 0.00074 -0.01849 -0.01017 1.87819e-01 2.39862e-04 -5.7123122161e-01 -3.8317281550e-01
188.000 0.00000 -0.00000 -0.00000 0.00000 -0.00000 -0.00000 3.7218e-02 9.1944e-01 -1.3825e-02 -2.5220e-04 4.0856e-01 2.9970e-05 0.44388 0.44519 0.41604 -0.01821 0.00621 0.00184 1.87819e-01 2.39747e-04 -5.7123152144e-01 -3.8317283246e-01
190.000 -0.00000 -0.00000 0.00000 0.00000 -0.00000 -0.00000 -2.8176e-02 9.1940e-01 -3.1766e-02 -2.5220e-04 4.0856e-01 2.9970e-05 0.41857 0.44530 0.44123 0.01276 0.01546 0.00593 1.87819e-01 2.39909e-04 -5.7123212825e-01 -3.8317285068e-01
192.000 0.00000 -0.00000 0.00000 0.00000 -0.00000 -0.00000 -2.1768e-02 9.1940e-01 3.8663e-02 -2.5220e-04 4.0856e-01 2.9970e-05 0.43495 0.44538 0.42476 0.01045 -0.01807 -0.01008 1.87820e-01 2.40361e-04 -5.7123304398e-01 -3.8317287027e-01
194.000 0.00000 0.00000 0.00000 0.00000 -0.00000 -0.00000 4.4719e-02 9.1945e-01 7.1529e-03 -2.5220e-04 4.0856e-01 2.9970e-05 0.43139 0.44542 0.42828 -0.02133 -0.00376 0.00951 1.87820e-01 2.41081e-04 -5.7123424893e-01 -3.8317289123e-01
196.000 -0.00000 -0.00000 -0.00000 0.00000 -0.00000 -0.00000 -9.3511e-03 9.1942e-01 -4.6548e-02 -2.5220e-04 4.0856e-01 2.9970e-05 0.42417 0.44552 0.43539 0.00377 0.02202 -0.00541 1.87821e-01 2.42008e-04 -5.7123569795e-01 -3.8317291346e-01
198.000 0.00000 -0.00000 -0.00000 0.00000 -0.00000 -0.00000 -4.2778e-02 9.1940e-01 2.4423e-02 -2.5220e-04 4.0856e-01 2.9970e-05 0.43549 0.44561 0.42398 0.01997 -0.01121 0.00053 1.87821e-01 2.43050e-04 -5.7123731971e-01 -3.8317293680e-01
200.000 -0.00000 -0.00000 0.00000 0.00000 -0.00000 -0.00000 3.6972e-02 9.1945e-01 3.2557e-02 -2.5220e-04 4.0856e-01 2.9970e-05 0.42681 0.44560 0.43265 -0.01752 -0.01538 0.00234 1.87822e-01 2.44095e-04 -5.7123902033e-01 -3.8317296098e-01
202.000 -0.00000 -0.00000 0.00000 0.00000 -0.00000 -0.00000 1.8077e-02 9.1945e-01 -4.6453e-02 -2.5220e-04 4.0856e-01 2.9970e-05 0.42930 0.44563 0.43012 -0.00881 0.02180 -0.00193 1.87823e-01 2.45036e-04 -5.7124069174e-01 -3.8317298571e-01
204.000 -0.00000 0.00000 0.00000 0.00000 -0.00000 -0.00000 -5.0623e-02 9.1941e-01 -2.4146e-03 -2.5220e-04 4.0856e-01 2.9970e-05 0.43139 0.44567 0.42798 0.02348 0.00111 -0.00092 1.87823e-01 2.45793e-04 -5.7124222371e-01 -3.8317301061e-01
206.000 -0.00000 -0.00000 -0.00000 -0.00000 -0.00000 -0.00000 1.3280e-02 9.1945e-01 4.7740e-02 -2.5220e-04 4.0856e-01 2.9970e-05 0.42986 0.44561 0.42957 -0.00668 -0.02233 0.00375 1.87824e-01 2.46328e-04 -5.7124351730e-01 -3.8317303533e-01
208.000 -0.00000 0.00000 -0.00000 -0.00000 -0.00000 -0.00000 3.9183e-02 9.1947e-01 -2.8117e-02 -2.5220e-04 4.0856e-01 2.9970e-05 0.42560 0.44555 0.43389 -0.01853 0.01347 -0.00404 1.87825e-01 2.46647e-04 -5.7124449673e-01 -3.8317305951e-01
210.000 0.00000 0.00000 -0.00000 -0.00000 -0.00000 -0.00000 -3.9255e-02 9.1942e-01 -2.7371e-02 -2.5220e-04 4.0856e-01 2.9970e-05 0.43748 0.44553 0.42202 0.01843 0.01263 0.00072 1.87825e-01 2.46789e-04 -5.7124511701e-01 -3.8317308281e-01
212.000 0.00000 0.00000 -0.00000 -0.00000 -0.00000 -0.00000 -1.3030e-02 9.1944e-01 4.4171e-02 -2.5220e-04 4.0856e-01 2.9970e-05 0.42158 0.44544 0.43801 0.00546 -0.02094 0.00505 1.87825e-01 2.46811e-04 -5.7124536626e-01 -3.8317310500e-01
214.000 -0.00000 0.00000 0.00000 -0.00000 -0.00000 -0.00000 4.3346e-02 9.1947e-01 -3.0900e-03 -2.5220e-04 4.0856e-01 2.9970e-05 0.43419 0.44533 0.42552 -0.02078 0.00196 -0.01045 1.87825e-01 2.46768e-04 -5.7124526267e-01 -3.8317312588e-01
216.000 -0.00000 0.00000 0.00000 -0.00000 -0.00000 -0.00000 -1.7973e-02 9.1944e-01 -3.8298e-02 -2.5220e-04 4.0856e-01 2.9970e-05 0.43276 0.44528 0.42701 0.00870 0.01806 0.01244 1.87825e-01 2.46700e-04 -5.7124484787e-01 -3.8317314538e-01
218.000 0.00000 -0.00000 0.00000 -0.00000 -0.00000 -0.00000 -2.8951e-02 9.1942e-01 2.8608e-02 -2.5220e-04 4.0856e-01 2.9970e-05 0.41944 0.44522 0.44039 0.01322 -0.01396 -0.00933 1.87824e-01 2.46633e-04 -5.7124417874e-01 -3.8317316352e-01
220.000 -0.00000 -0.00000 -0.00000 -0.00000 -0.00000 -0.00000 3.4724e-02 9.1946e-01 1.5470e-02 -2.5220e-04 4.0856e-01 2.9970e-05 0.44493 0.44511 0.41501 -0.01711 -0.00702 0.00176 1.87824e-01 2.46575e-04 -5.7124331948e-01 -3.8317318038e-01
222.000 0.00000 0.00000 -0.00000 -0.00000 -0.00000 -0.00000 5.9018e-04 9.1944e-01 -3.6918e-02 -2.5220e-04 4.0856e-01 2.9970e-05 0.41602 0.44508 0.44396 -0.00024 0.01785 0.00748 1.87823e-01 2.46525e-04 -5.7124233520e-01 -3.8317319616e-01
224.000 0.00000 -0.00000 -0.00000 0.00000 -0.00000 -0.00000 -3.4143e-02 9.1941e-01 1.2604e-02 -2.5220e-04 4.0856e-01 2.9970e-05 0.43744 0.44506 0.42257 0.01617 -0.00630 -0.01463 1.87822e-01 2.46476e-04 -5.7124128763e-01 -3.8317321106e-01
226.000 -0.00000 -0.00000 0.00000 -0.00000 -0.00000 -0.00000 2.3421e-02 9.1944e-01 2.5684e-02 -2.5220e-04 4.0856e-01 2.9970e-05 0.43233 0.44500 0.42774 -0.01175 -0.01234 0.01662 1.87821e-01 2.46421e-04 -5.7124023274e-01 -3.8317322536e-01
228.000 -0.00000 -0.00000 -0.00000 0.00000 -0.00000 -0.00000 1.3606e-02 9.1943e-01 -3.1740e-02 -2.5220e-04 4.0856e-01 2.9970e-05 0.41861 0.44500 0.44147 -0.00690 0.01546 -0.01244 1.87820e-01 2.46355e-04 -5.7123921995e-01 -3.8317323934e-01
230.000 0.00000 0.00000 -0.00000 0.00000 -0.00000 -0.00000 -3.5603e-02 9.1939e-01 -6.3250e-04 -2.5220e-04 4.0856e-01 2.9970e-05 0.44640 0.44504 0.41364 0.01701 0.00046 0.00368 1.87819e-01 2.46275e-04 -5.7123829214e-01 -3.8317325329e-01
232.000 0.00000 -0.00000 -0.00000 0.00000 -0.00000 -0.00000 1.2552e-02 9.1942e-01 3.3311e-02 -2.5220e-04 4.0856e-01 2.9970e-05 0.41477 0.44504 0.44528 -0.00616 -0.01619 0.00622 1.87818e-01 2.46177e-04 -5.7123748617e-01 -3.8317326753e-01
234.000 0.00000 0.00000 -0.00000 0.00000 -0.00000 -0.00000 2.6013e-02 9.1943e-01 -2.5471e-02 -2.5220e-04 4.0856e-01 2.9970e-05 0.43870 0.44507 0.42132 -0.01306 0.01208 -0.01337 1.87817e-01 2.46061e-04 -5.7123683306e-01 -3.8317328231e-01
236.000 -0.00000 0.00000 -0.00000 0.00000 -0.00000 -0.00000 -3.5506e-02 9.1939e-01 -1.5708e-02 -2.5220e-04 4.0856e-01 2.9970e-05 0.43045 0.44516 0.42948 0.01661 0.00796 0.01516 1.87817e-01 2.45924e-04 -5.7123635770e-01 -3.8317329793e-01
238.000 -0.00000 0.00000 -0.00000 0.00000 -0.00000 -0.00000 -2.6467e-03 9.1940e-01 4.0076e-02 -2.5220e-04 4.0856e-01 2.9970e-05 0.42143 0.44521 0.43844 0.00143 -0.01911 -0.01132 1.87817e-01 2.45764e-04 -5.7123607781e-01 -3.8317331459e-01
240.000 -0.00000 -0.00000 0.00000 0.00000 -0.00000 -0.00000 3.9353e-02 9.1943e-01 -1.2778e-02 -2.5220e-04 4.0856e-01 2.9970e-05 0.44224 0.44526 0.41759 -0.01915 0.00567 0.00398 1.87817e-01 2.45577e-04 -5.7123600199e-01 -3.8317333249e-01
242.000 -0.00000 -0.00000 0.00000 0.00000 -0.00000 -0.00000 -2.7666e-02 9.1939e-01 -3.4397e-02 -2.5220e-04 4.0856e-01 2.9970e-05 0.41888 0.44538 0.44083 0.01246 0.01663 0.00346 1.87817e-01 2.45363e-04 -5.7123612735e-01 -3.8317335175e-01
244.000 0.00000 0.00000 0.00000 0.00000 -0.00000 -0.00000 -2.4694e-02 9.1939e-01 3.8840e-02 -2.5220e-04 4.0856e-01 2.9970e-05 0.43567 0.44546 0.42396 0.01176 -0.01809 -0.00790 1.87818e-01 2.45128e-04 -5.7123643715e-01 -3.8317337241e-01
246.000 -0.00000 0.00000 -0.00000 0.00000 -0.00000 -0.00000 4.5646e-02 9.1944e-01 1.0140e-02 -2.5220e-04 4.0856e-01 2.9970e-05 0.42983 0.44549 0.42975 -0.02170 -0.00510 0.00801 1.87819e-01 2.44888e-04 -5.7123689916e-01 -3.8317339445e-01
248.000 0.00000 0.00000 -0.00000 0.00000 -0.00000 -0.00000 -6.5293e-03 9.1942e-01 -4.8203e-02 -2.5220e-04 4.0856e-01 2.9970e-05 0.42599 0.44558 0.43351 0.00250 0.02273 -0.00472 1.87819e-01 2.44665e-04 -5.7123746591e-01 -3.8317341770e-01
250.000 0.00000 -0.00000 0.00000 0.00000 -0.00000 -0.00000 -4.5074e-02 9.1939e-01 2.1959e-02 -2.5220e-04 4.0856e-01 2.9970e-05 0.43362 0.44565 0.42579 0.02097 -0.01011 0.00060 1.87820e-01 2.44490e-04 -5.7123807724e-01 -3.8317344193e-01
252.000 0.00000 -0.00000 0.00000 0.00000 -0.00000 -0.00000 3.5015e-02 9.1944e-01 3.5366e-02 -2.5220e-04 4.0856e-01 2.9970e-05 0.42841 0.44563 0.43103 -0.01665 -0.01661 0.00165 1.87821e-01 2.44395e-04 -5.7123866564e-01 -3.8317346681e-01
254.000 0.00000 -0.00000 -0.00000 0.00000 -0.00000 -0.00000 2.1249e-02 9.1944e-01 -4.5112e-02 -2.5220e-04 4.0856e-01 2.9970e-05 0.42806 0.44563 0.43137 -0.01020 0.02121 -0.00074 1.87821e-01 2.44397e-04 -5.7123916349e-01 -3.8317349193e-01
256.000 -0.00000 0.00000 -0.00000 0.00000 -0.00000 -0.00000 -4.9966e-02 9.1940e-01 -5.7813e-03 -2.5220e-04 4.0856e-01 2.9970e-05 0.43217 0.44566 0.42723 0.02320 0.00258 -0.00249 1.87821e-01 2.44499e-04 -5.7123951119e-01 -3.8317351687e-01
258.000 -0.00000 -0.00000 -0.00000 0.00000 -0.00000 -0.00000 9.8996e-03 9.1943e-01 4.7802e-02 -2.5220e-04 4.0856e-01 2.9970e-05 0.42973 0.44558 0.42975 -0.00519 -0.02237 0.00558 1.87821e-01 2.44677e-04 -5.7123966414e-01 -3.8317354121e-01
260.000 0.00000 -0.00000 -0.00000 0.00000 -0.00000 -0.00000 3.9950e-02 9.1945e-01 -2.4916e-02 -2.5220e-04 4.0856e-01 2.9970e-05 0.42504 0.44550 0.43452 -0.01890 0.01206 -0.00590 1.87821e-01 2.44890e-04 -5.7123959733e-01 -3.8317356460e-01
262.000 -0.00000 0.00000 0.00000 0.00000 -0.00000 -0.00000 -3.6430e-02 9.1940e-01 -2.8775e-02 -2.5220e-04 4.0856e-01 2.9970e-05 0.43894 0.44547 0.42065 0.01719 0.01329 0.00230 1.87821e-01 2.45083e-04 -5.7123930662e-01 -3.8317358677e-01
264.000 -0.00000 -0.00000 -0.00000 0.00000 -0.00000 -0.00000 -1.4934e-02 9.1941e-01 4.1898e-02 -2.5220e-04 4.0856e-01 2.9970e-05 0.41950 0.44539 0.44018 0.00635 -0.01996 0.00417 1.87820e-01 2.45201e-04 -5.7123880685e-01 -3.8317360755e-01
266.000 0.00000 -0.00000 0.00000 0.00000 -0.00000 -0.00000 4.1751e-02 9.1944e-01 -8.8713e-04 -2.5220e-04 4.0856e-01 2.9970e-05 0.43672 0.44527 0.42309 -0.02012 0.00092 -0.01065 1.87819e-01 2.45201e-04 -5.7123812788e-01 -3.8317362689e-01
268.000 0.00000 0.00000 -0.00000 0.00000 -0.00000 -0.00000 -1.5715e-02 9.1941e-01 -3.7428e-02 -2.5220e-04 4.0856e-01 2.9970e-05 0.43057 0.44523 0.42928 0.00765 0.01775 0.01388 1.87819e-01 2.45053e-04 -5.7123730969e-01 -3.8317364483e-01
270.000 -0.00000 -0.00000 -0.00000 0.00000 -0.00000 -0.00000 -2.8752e-02 9.1939e-01 2.6546e-02 -2.5220e-04 4.0856e-01 2.9970e-05 0.42080 0.44517 0.43912 0.01323 -0.01302 -0.01182 1.87818e-01 2.44748e-04 -5.7123639770e-01 -3.8317366149e-01
272.000 0.00000 -0.00000 -0.00000 0.00000 -0.00000 -0.00000 3.3076e-02 9.1943e-01 1.5792e-02 -2.5220e-04 4.0856e-01 2.9970e-05 0.44508 0.44508 0.41494 -0.01637 -0.00726 0.00471 1.87817e-01 2.44292e-04 -5.7123543923e-01 -3.8317367706e-01
274.000 -0.00000 0.00000 0.00000 0.00000 -0.00000 -0.00000 1.2042e-03 9.1941e-01 -3.5823e-02 -2.5220e-04 4.0856e-01 2.9970e-05 0.41441 0.44505 0.44564 -0.00063 0.01739 0.00491 1.87817e-01 2.43709e-04 -5.7123448121e-01 -3.8317369179e-01
276.000 0.00000 0.00000 -0.00000 0.00000 -0.00000 -0.00000 -3.3635e-02 9.1938e-01 1.1966e-02 -2.5220e-04 4.0856e-01 2.9970e-05 0.44026 0.44505 0.41980 0.01600 -0.00592 -0.01323 1.87817e-01 2.43031e-04 -5.7123356922e-01 -3.8317370594e-01
278.000 0.00000 -0.00000 -0.00000 0.00000 -0.00000 -0.00000 2.3019e-02 9.1942e-01 2.5684e-02 -2.5220e-04 4.0856e-01 2.9970e-05 0.42919 0.44500 0.43092 -0.01149 -0.01243 0.01687 1.87817e-01 2.42301e-04 -5.7123274729e-01 -3.8317371981e-01
280.000 0.00000 -0.00000 0.00000 0.00000 -0.00000 -0.00000 1.3934e-02 9.1942e-01 -3.1777e-02 -2.5220e-04 4.0856e-01 2.9970e-05 0.42120 0.44501 0.43890 -0.00715 0.01542 -0.01430 1.87817e-01 2.41567e-04 -5.7123205823e-01 -3.8317373368e-01
282.000 -0.00000 0.00000 0.00000 0.00000 -0.00000 -0.00000 -3.6190e-02 9.1938e-01 -1.0392e-03 -2.5220e-04 4.0856e-01 2.9970e-05 0.44516 0.44507 0.41489 0.01726 0.00076 0.00657 1.87817e-01 2.40885e-04 -5.7123154374e-01 -3.8317374785e-01
284.000 0.00000 -0.00000 -0.00000 0.00000 -0.00000 -0.00000 1.2338e-02 9.1941e-01 3.4446e-02 -2.5220e-04 4.0856e-01 2.9970e-05 0.41435 0.44508 0.44569 -0.00595 -0.01671 0.00317 1.87817e-01 2.40314e-04 -5.7123124397e-01 -3.8317376262e-01
286.000 0.00000 0.00000 0.00000 0.00000 -0.00000 -0.00000 2.7583e-02 9.1943e-01 -2.5697e-02 -2.5220e-04 4.0856e-01 2.9970e-05 0.44054 0.44512 0.41946 -0.01380 0.01209 -0.01103 1.87818e-01 2.39916e-04 -5.7123119600e-01 -3.8317377824e-01
288.000 -0.00000 -0.00000 -0.00000 0.00000 -0.00000 -0.00000 -3.6347e-02 9.1939e-01 -1.7509e-02 -2.5220e-04 4.0856e-01 2.9970e-05 0.42777 0.44522 0.43212 0.01691 0.00882 0.01410 1.87818e-01 2.39746e-04 -5.7123143103e-01 -3.8317379493e-01
290.000 0.00000 -0.00000 -0.00000 0.00000 -0.00000 -0.00000 -4.4263e-03 9.1941e-01 4.1612e-02 -2.5220e-04 4.0856e-01 2.9970e-05 0.42409 0.44528 0.43574 0.00230 -0.01974 -0.01169 1.87818e-01 2.39846e-04 -5.7123197027e-01 -3.8317381287e-01
292.000 -0.00000 -0.00000 0.00000 0.00000 -0.00000 -0.00000 4.1557e-02 9.1944e-01 -1.1278e-02 -2.5220e-04 4.0856e-01 2.9970e-05 0.44017 0.44533 0.41960 -0.02010 0.00493 0.00548 1.87819e-01 2.40235e-04 -5.7123281967e-01 -3.8317383216e-01
294.000 -0.00000 0.00000 -0.00000 0.00000 -0.00000 -0.00000 -2.6669e-02 9.1940e-01 -3.7151e-02 -2.5220e-04 4.0856e-01 2.9970e-05 0.41989 0.44544 0.43976 0.01196 0.01784 0.00134 1.87819e-01 2.40900e-04 -5.7123396464e-01 -3.8317385282e-01
296.000 -0.00000 0.00000 0.00000 0.00000 -0.00000 -0.00000 -2.7811e-02 9.1940e-01 3.8501e-02 -2.5220e-04 4.0856e-01 2.9970e-05 0.43563 0.44553 0.42393 0.01314 -0.01789 -0.00572 1.87820e-01 2.41789e-04 -5.7123536574e-01 -3.8317387479e-01
298.000 -0.00000 0.00000 0.00000 0.00000 -0.00000 -0.00000 4.6042e-02 9.1945e-01 1.3404e-02 -2.5220e-04 4.0856e-01 2.9970e-05 0.42897 0.44554 0.43056 -0.02185 -0.00655 0.00618 1.87820e-01 2.42815e-04 -5.7123695719e-01 -3.8317389790e-01
300.000 0.00000 0.00000 -0.00000 0.00000 -0.00000 -0.00000 -3.3322e-03 9.1943e-01 -4.9338e-02 -2.5220e-04 4.0856e-01 2.9970e-05 0.42734 0.44561 0.43211 0.00109 0.02321 -0.00346 1.87821e-01 2.43869e-04 -5.7123864945e-01 -3.8317392193e-01
302.000 -0.00000 0.00000 0.00000 0.00000 -0.00000 -0.00000 -4.6893e-02 9.1940e-01 1.9024e-02 -2.5220e-04 4.0856e-01 2.9970e-05 0.43196 0.44567 0.42742 0.02176 -0.00881 -0.00004 1.87822e-01 2.44841e-04 -5.7124033661e-01 -3.8317394656e-01
304.000 -0.00000 0.00000 -0.00000 0.00000 -0.00000 -0.00000 3.2508e-02 9.1945e-01 3.7772e-02 -2.5220e-04 4.0856e-01 2.9970e-05 0.43012 0.44563 0.42929 -0.01555 -0.01766 0.00167 1.87822e-01 2.45642e-04 -5.7124190779e-01 -3.8317397146e-01
306.000 -0.00000 -0.00000 -0.00000 0.00000 -0.00000 -0.00000 2.4113e-02 9.1945e-01 -4.3168e-02 -2.5220e-04 4.0856e-01 2.9970e-05 0.42641 0.44561 0.43302 -0.01146 0.02037 -0.00016 1.87823e-01 2.46227e-04 -5.7124326047e-01 -3.8317399625e-01
308.000 -0.00000 0.00000 -0.00000 0.00000 -0.00000 -0.00000 -4.8692e-02 9.1941e-01 -8.9452e-03 -2.5220e-04 4.0856e-01 2.9970e-05 0.43357 0.44561 0.42585 0.02265 0.00398 -0.00368 1.87824e-01 2.46590e-04 -5.7124431302e-01 -3.8317402057e-01
310.000 0.00000 0.00000 -0.00000 0.00000 -0.00000 -0.00000 6.6246e-03 9.1944e-01 4.7262e-02 -2.5220e-04 4.0856e-01 2.9970e-05 0.42885 0.44552 0.43066 -0.00374 -0.02216 0.00731 1.87824e-01 2.46766e-04 -5.7124501340e-01 -3.8317404408e-01
312.000 -0.00000 -0.00000 -0.00000 0.00000 -0.00000 -0.00000 4.0158e-02 9.1947e-01 -2.1742e-02 -2.5220e-04 4.0856e-01 2.9970e-05 0.42518 0.44543 0.43442 -0.01903 0.01065 -0.00801 1.87824e-01 2.46810e-04 -5.7124534260e-01 -3.8317406653e-01
314.000 0.00000 0.00000 -0.00000 0.00000 -0.00000 -0.00000 -3.3578e-02 9.1942e-01 -2.9670e-02 -2.5220e-04 4.0856e-01 2.9970e-05 0.43984 0.44539 0.41981 0.01593 0.01374 0.00442 1.87824e-01 2.46776e-04 -5.7124531277e-01 -3.8317408770e-01
316.000 -0.00000 -0.00000 -0.00000 0.00000 -0.00000 -0.00000 -1.6378e-02 9.1943e-01 3.9563e-02 -2.5220e-04 4.0856e-01 2.9970e-05 0.41765 0.44531 0.44208 0.00706 -0.01894 0.00256 1.87824e-01 2.46711e-04 -5.7124496111e-01 -3.8317410751e-01
318.000 0.00000 -0.00000 -0.00000 0.00000 -0.00000 -0.00000 4.0075e-02 9.1946e-01 8.9599e-04 -2.5220e-04 4.0856e-01 2.9970e-05 0.43932 0.44519 0.42053 -0.01941 0.00006 -0.01009 1.87824e-01 2.46642e-04 -5.7124434190e-01 -3.8317412593e-01
320.000 -0.00000 0.00000 -0.00000 0.00000 -0.00000 -0.00000 -1.3851e-02 9.1943e-01 -3.6460e-02 -2.5220e-04 4.0856e-01 2.9970e-05 0.42792 0.44516 0.43198 0.00675 0.01738 0.01470 1.87823e-01 2.46582e-04 -5.7124351836e-01 -3.8317414306e-01
322.000 -0.00000 -0.00000 0.00000 0.00000 -0.00000 -0.00000 -2.8438e-02 9.1941e-01 2.4862e-02 -2.5220e-04 4.0856e-01 2.9970e-05 0.42282 0.44511 0.43713 0.01318 -0.01222 -0.01397 1.87822e-01 2.46531e-04 -5.7124255585e-01 -3.8317415905e-01
324.000 0.00000 -0.00000 0.00000 0.00000 -0.00000 -0.00000 3.1794e-02 9.1944e-01 1.5973e-02 -2.5220e-04 4.0856e-01 2.9970e-05 0.44443 0.44503 0.41561 -0.01578 -0.00745 0.00768 1.87821e-01 2.46482e-04 -5.7124151708e-01 -3.8317417412e-01
326.000 0.00000 -0.00000 -0.00000 0.00000 -0.00000 -0.00000 1.6420e-03 9.1942e-01 -3.5081e-02 -2.5220e-04 4.0856e-01 2.9970e-05 0.41343 0.44502 0.44662 -0.00094 0.01707 0.00195 1.87820e-01 2.46430e-04 -5.7124045942e-01 -3.8317418853e-01
328.000 -0.00000 -0.00000 0.00000 0.00000 -0.00000 -0.00000 -3.3463e-02 9.1939e-01 1.1545e-02 -2.5220e-04 4.0856e-01 2.9970e-05 0.44266 0.44503 0.41739 0.01598 -0.00562 -0.01118 1.87819e-01 2.46367e-04 -5.7123943369e-01 -3.8317420255e-01
330.000 0.00000 -0.00000 -0.00000 0.00000 -0.00000 -0.00000 2.2877e-02 9.1942e-01 2.5993e-02 -2.5220e-04 4.0856e-01 2.9970e-05 0.42605 0.44501 0.43403 -0.01134 -0.01264 0.01636 1.87818e-01 2.46289e-04 -5.7123848419e-01 -3.8317421649e-01
332.000 -0.00000 0.00000 0.00000 0.00000 -0.00000 -0.00000 1.4534e-02 9.1942e-01 -3.2115e-02 -2.5220e-04 4.0856e-01 2.9970e-05 0.42409 0.44503 0.43597 -0.00752 0.01551 -0.01547 1.87817e-01 2.46196e-04 -5.7123764903e-01 -3.8317423063e-01
334.000 -0.00000 -0.00000 -0.00000 0.00000 -0.00000 -0.00000 -3.7112e-02 9.1938e-01 -1.6750e-03 -2.5220e-04 4.0856e-01 2.9970e-05 0.44328 0.44510 0.41671 0.01764 0.00116 0.00902 1.87817e-01 2.46084e-04 -5.7123696052e-01 -3.8317424528e-01
336.000 0.00000 -0.00000 0.00000 0.00000 -0.00000 -0.00000 1.1941e-02 9.1941e-01 3.5940e-02 -2.5220e-04 4.0856e-01 2.9970e-05 0.41464 0.44513 0.44533 -0.00567 -0.01738 0.00021 1.87816e-01 2.45952e-04 -5.7123644495e-01 -3.8317426069e-01
338.000 -0.00000 -0.00000 0.00000 0.00000 -0.00000 -0.00000 2.9526e-02 9.1942e-01 -2.5783e-02 -2.5220e-04 4.0856e-01 2.9970e-05 0.44166 0.44518 0.41825 -0.01469 0.01203 -0.00842 1.87816e-01 2.45797e-04 -5.7123612170e-01 -3.8317427711e-01
340.000 -0.00000 0.00000 -0.00000 0.00000 -0.00000 -0.00000 -3.7088e-02 9.1938e-01 -1.9693e-02 -2.5220e-04 4.0856e-01 2.9970e-05 0.42555 0.44529 0.43425 0.01716 0.00984 0.01249 1.87816e-01 2.45616e-04 -5.7123600153e-01 -3.8317429473e-01
342.000 0.00000 0.00000 0.00000 0.00000 -0.00000 -0.00000 -6.5976e-03 9.1940e-01 4.3080e-02 -2.5220e-04 4.0856e-01 2.9970e-05 0.42655 0.44536 0.43318 0.00332 -0.02035 -0.01134 1.87816e-01 2.45408e-04 -5.7123608428e-01 -3.8317431369e-01
344.000 0.00000 0.00000 -0.00000 0.00000 -0.00000 -0.00000 4.3722e-02 9.1943e-01 -9.3734e-03 -2.5220e-04 4.0856e-01 2.9970e-05 0.43791 0.44540 0.42177 -0.02103 0.00403 0.00628 1.87817e-01 2.45177e-04 -5.7123635634e-01 -3.8317433405e-01
346.000 0.00000 0.00000 0.00000 0.00000 -0.00000 -0.00000 -2.5244e-02 9.1940e-01 -3.9894e-02 -2.5220e-04 4.0856e-01 2.9970e-05 0.42136 0.44552 0.43820 0.01129 0.01904 -0.00022 1.87817e-01 2.44936e-04 -5.7123678891e-01 -3.8317435579e-01
348.000 0.00000 -0.00000 0.00000 0.00000 -0.00000 -0.00000 -3.0958e-02 9.1939e-01 3.7706e-02 -2.5220e-04 4.0856e-01 2.9970e-05 0.43493 0.44559 0.42455 0.01453 -0.01751 -0.00383 1.87818e-01 2.44706e-04 -5.7123733766e-01 -3.8317437880e-01
350.000 0.00000 0.00000 0.00000 0.00000 -0.00000 -0.00000 4.5955e-02 9.1944e-01 1.6755e-02 -2.5220e-04 4.0856e-01 2.9970e-05 0.42882 0.44559 0.43065 -0.02179 -0.00803 0.00432 1.87819e-01 2.44519e-04 -5.7123794483e-01 -3.8317440284e-01
352.000 0.00000 -0.00000 -0.00000 0.00000 -0.00000 -0.00000 2.3473e-05 9.1942e-01 -4.9976e-02 -2.5220e-04 4.0856e-01 2.9970e-05 0.42808 0.44564 0.43134 -0.00039 0.02348 -0.00186 1.87820e-01 2.44404e-04 -5.7123854391e-01 -3.8317442761e-01
354.000 0.00000 -0.00000 -0.00000 0.00000 -0.00000 -0.00000 -4.8222e-02 9.1939e-01 1.5848e-02 -2.5220e-04 4.0856e-01 2.9970e-05 0.43072 0.44568 0.42866 0.02234 -0.00742 -0.00124 1.87820e-01 2.44384e-04 -5.7123906665e-01 -3.8317445271e-01
356.000 -0.00000 0.00000 0.00000 0.00000 -0.00000 -0.00000 2.9678e-02 9.1944e-01 3.9724e-02 -2.5220e-04 4.0856e-01 2.9970e-05 0.43172 0.44562 0.42772 -0.01431 -0.01852 0.00238 1.87821e-01 2.44465e-04 -5.7123945104e-01 -3.8317447772e-01
358.000 -0.00000 -0.00000 0.00000 0.00000 -0.00000 -0.00000 2.6581e-02 9.1944e-01 -4.0834e-02 -2.5220e-04 4.0856e-01 2.9970e-05 0.42463 0.44558 0.43485 -0.01256 0.01935 -0.00025 1.87821e-01 2.44630e-04 -5.7123964877e-01 -3.8317450223e-01
360.000 -0.00000 -0.00000 -0.00000 0.00000 -0.00000 -0.00000 -4.6981e-02 9.1939e-01 -1.1786e-02 -2.5220e-04 4.0856e-01 2.9970e-05 0.43544 0.44557 0.42406 0.02192 0.00525 -0.00431 1.87820e-01 2.44840e-04 -5.7123963039e-01 -3.8317452585e-01
362.000 0.00000 0.00000 -0.00000 0.00000 -0.00000 -0.00000 3.5945e-03 9.1942e-01 4.6264e-02 -2.5220e-04 4.0856e-01 2.9970e-05 0.42736 0.44547 0.43223 -0.00238 -0.02175 0.00873 1.87820e-01 2.45041e-04 -5.7123938729e-01 -3.8317454829e-01
364.000 -0.00000 -0.00000 -0.00000 0.00000 -0.00000 -0.00000 3.9903e-02 9.1944e-01 -1.8741e-02 -2.5220e-04 4.0856e-01 2.9970e-05 0.42607 0.44537 0.43363 -0.01897 0.00931 -0.01011 1.87819e-01 2.45180e-04 -5.7123893051e-01 -3.8317456938e-01
366.000 0.00000 -0.00000 -0.00000 0.00000 -0.00000 -0.00000 -3.0834e-02 9.1940e-01 -3.0112e-02 -2.5220e-04 4.0856e-01 2.9970e-05 0.44011 0.44533 0.41964 0.01471 0.01401 0.00685 1.87818e-01 2.45208e-04 -5.7123828708e-01 -3.8317458903e-01
368.000 -0.00000 0.00000 -0.00000 0.00000 -0.00000 -0.00000 -1.7383e-02 9.1940e-01 3.7285e-02 -2.5220e-04 4.0856e-01 2.9970e-05 0.41626 0.44525 0.44357 0.00758 -0.01795 0.00036 1.87818e-01 2.45094e-04 -5.7123749520e-01 -3.8317460726e-01
370.000 0.00000 -0.00000 -0.00000 0.00000 -0.00000 -0.00000 3.8408e-02 9.1943e-01 2.2553e-03 -2.5220e-04 4.0856e-01 2.9970e-05 0.44183 0.44515 0.41811 -0.01871 -0.00063 -0.00879 1.87817e-01 2.44822e-04 -5.7123659948e-01 -3.8317462418e-01
372.000 -0.00000 -0.00000 0.00000 0.00000 -0.00000 -0.00000 -1.2394e-02 9.1940e-01 -3.5459e-02 -2.5220e-04 4.0856e-01 2.9970e-05 0.42503 0.44512 0.43495 0.00603 0.01701 0.01480 1.87817e-01 2.44398e-04 -5.7123564705e-01 -3.8317463997e-01
374.000 -0.00000 -0.00000 -0.00000 0.00000 -0.00000 -0.00000 -2.8049e-02 9.1938e-01 2.3570e-02 -2.5220e-04 4.0856e-01 2.9970e-05 0.42542 0.44508 0.43460 0.01310 -0.01158 -0.01559 1.87816e-01 2.43840e-04 -5.7123468508e-01 -3.8317465486e-01
376.000 0.00000 0.00000 -0.00000 0.00000 -0.00000 -0.00000 3.0886e-02 9.1942e-01 1.6038e-02 -2.5220e-04 4.0856e-01 2.9970e-05 0.44304 0.44502 0.41705 -0.01534 -0.00759 0.01046 1.87816e-01 2.43179e-04 -5.7123375946e-01 -3.8317466911e-01
378.000 0.00000 0.00000 -0.00000 0.00000 -0.00000 -0.00000 1.9276e-03 9.1940e-01 -3.4693e-02 -2.5220e-04 4.0856e-01 2.9970e-05 0.41322 0.44502 0.44687 -0.00119 0.01690 -0.00121 1.87816e-01 2.42455e-04 -5.7123291454e-01 -3.8317468301e-01
380.000 -0.00000 0.00000 -0.00000 0.00000 -0.00000 -0.00000 -3.3621e-02 9.1938e-01 1.1310e-02 -2.5220e-04 4.0856e-01 2.9970e-05 0.44451 0.44504 0.41556 0.01609 -0.00539 -0.00859 1.87816e-01 2.41718e-04 -5.7123219339e-01 -3.8317469686e-01
382.000 -0.00000 0.00000 0.00000 0.00000 -0.00000 -0.00000 2.2950e-02 9.1941e-01 2.6610e-02 -2.5220e-04 4.0856e-01 2.9970e-05 0.42316 0.44503 0.43693 -0.01127 -0.01299 0.01510 1.87816e-01 2.41020e-04 -5.7123163796e-01 -3.8317471094e-01
384.000 0.00000 0.00000 -0.00000 0.00000 -0.00000 -0.00000 1.5422e-02 9.1941e-01 -3.2695e-02 -2.5220e-04 4.0856e-01 2.9970e-05 0.42716 0.44506 0.43289 -0.00800 0.01569 -0.01587 1.87816e-01 2.40420e-04 -5.7123128881e-01 -3.8317472556e-01
386.000 0.00000 -0.00000 -0.00000 0.00000 -0.00000 -0.00000 -3.8300e-02 9.1938e-01 -2.5836e-03 -2.5220e-04 4.0856e-01 2.9970e-05 0.44090 0.44515 0.41906 0.01812 0.00166 0.01088 1.87816e-01 2.39980e-04 -5.7123118388e-01 -3.8317474098e-01
388.000 0.00000 0.00000 -0.00000 0.00000 -0.00000 -0.00000 1.1282e-02 9.1941e-01 3.7728e-02 -2.5220e-04 4.0856e-01 2.9970e-05 0.41569 0.44518 0.44424 -0.00527 -0.01817 -0.00248 1.87817e-01 2.39757e-04 -5.7123135595e-01 -3.8317475742e-01
390.000 -0.00000 -0.00000 -0.00000 0.00000 -0.00000 -0.00000 3.1798e-02 9.1943e-01 -2.5613e-02 -2.5220e-04 4.0856e-01 2.9970e-05 0.44202 0.44524 0.41785 -0.01572 0.01187 -0.00570 1.87817e-01 2.39796e-04 -5.7123182876e-01 -3.8317477508e-01
392.000 0.00000 0.00000 -0.00000 0.00000 -0.00000 -0.00000 -3.7578e-02 9.1939e-01 -2.2251e-02 -2.5220e-04 4.0856e-01 2.9970e-05 0.42398 0.44536 0.43576 0.01731 0.01100 0.01042 1.87818e-01 2.40123e-04 -5.7123261201e-01 -3.8317479408e-01
394.000 0.00000 -0.00000 0.00000 0.00000 -0.00000 -0.00000 -9.1995e-03 9.1940e-01 4.4309e-02 -2.5220e-04 4.0856e-01 2.9970e-05 0.42868 0.44543 0.43098 0.00451 -0.02084 -0.01030 1.87818e-01 2.40732e-04 -5.7123369593e-01 -3.8317481444e-01
396.000 -0.00000 -0.00000 0.00000 0.00000 -0.00000 -0.00000 4.5675e-02 9.1944e-01 -6.9706e-03 -2.5220e-04 4.0856e-01 2.9970e-05 0.43566 0.44547 0.42395 -0.02187 0.00293 0.00631 1.87819e-01 2.41580e-04 -5.7123504666e-01 -3.8317483614e-01
398.000 -0.00000 0.00000 -0.00000 0.00000 -0.00000 -0.00000 -2.3252e-02 9.1941e-01 -4.2476e-02 -2.5220e-04 4.0856e-01 2.9970e-05 0.42317 0.44557 0.43633 0.01038 0.02016 -0.00111 1.87819e-01 2.42585e-04 -5.7123660400e-01 -3.8317485902e-01
400.000 -0.00000 -0.00000 -0.00000 0.00000 -0.00000 -0.00000 -3.4019e-02 9.1940e-01 3.6283e-02 -2.5220e-04 4.0856e-01 2.9970e-05 0.43366 0.44563 0.42577 0.01587 -0.01686 -0.00240 1.87820e-01 2.43642e-04 -5.7123828306e-01 -3.8317488287e-01
