# t x y z vx vy vz omx omy omz llx lly llz Ixx Iyy Izz Ixy Iyz Ixz KErot PEspr PEgrav Etot
0.000 -0.00000 -0.00000 0.00000 -0.00000 -0.00000 -0.00000 3.1823e-02 9.2057e-01 -3.9110e-02 -2.5142e-04 4.0830e-01 -4.8170e-05 0.42874 0.44483 0.43040 -0.01520 0.01832 -0.00255 1.87933e-01 3.60867e-29 -5.7149818236e-01 -3.8356480441e-01
2.000 0.00000 0.00000 0.00000 -0.00000 -0.00000 -0.00000 -4.7550e-02 9.1853e-01 -1.7539e-02 -2.5142e-04 4.0830e-01 -4.8170e-05 0.43190 0.44582 0.42436 0.02209 0.00806 0.00013 1.87526e-01 4.27042e-04 -5.7194051443e-01 -3.8398716741e-01
4.004 -0.00000 -0.00000 0.00000 -0.00000 -0.00000 -0.00000 -1.1498e-03 9.1854e-01 4.9280e-02 -2.5142e-04 4.0830e-01 -4.8170e-05 0.42466 0.44576 0.43167 0.00003 -0.02321 0.00423 1.87519e-01 4.30432e-04 -5.7193908844e-01 -3.8398950304e-01
6.004 0.00000 0.00000 -0.00000 -0.00000 -0.00000 -0.00000 4.5109e-02 9.1857e-01 -1.5779e-02 -2.5142e-04 4.0830e-01 -4.8170e-05 0.42781 0.44568 0.42860 -0.02141 0.00767 -0.00731 1.87521e-01 4.26983e-04 -5.7193813513e-01 -3.8398979270e-01
8.004 0.00000 0.00000 0.00000 -0.00000 -0.00000 -0.00000 -2.9935e-02 9.1851e-01 -3.6652e-02 -2.5142e-04 4.0830e-01 -4.8170e-05 0.43436 0.44567 0.42208 0.01415 0.01701 0.00668 1.87520e-01 4.27013e-04 -5.7193717469e-01 -3.8398999073e-01
10.000 -0.00000 -0.00000 0.00000 -0.00000 -0.00000 -0.00000 -2.4073e-02 9.1852e-01 3.8586e-02 -2.5142e-04 4.0830e-01 -4.8170e-05 0.41771 0.44558 0.43882 0.01075 -0.01854 -0.00188 1.87520e-01 4.26500e-04 -5.7193636597e-01 -3.8399016741e-01
12.000 0.00000 -0.00000 -0.00000 0.00000 -0.00000 -0.00000 4.2232e-02 9.1856e-01 8.0230e-03 -2.5142e-04 4.0830e-01 -4.8170e-05 0.43920 0.44547 0.41745 -0.02042 -0.00345 -0.00544 1.87519e-01 4.25915e-04 -5.7193568838e-01 -3.8399033272e-01
14.000 -0.00000 0.00000 -0.00000 0.00000 -0.00000 -0.00000 -7.9716e-03 9.1852e-01 -4.1310e-02 -2.5142e-04 4.0830e-01 -4.8170e-05 0.42223 0.44544 0.43445 0.00393 0.01959 0.01190 1.87519e-01 4.25477e-04 -5.7193514803e-01 -3.8399048750e-01
16.000 -0.00000 -0.00000 0.00000 0.00000 -0.00000 -0.00000 -3.4878e-02 9.1851e-01 2.1000e-02 -2.5142e-04 4.0830e-01 -4.8170e-05 0.42618 0.44538 0.43057 0.01623 -0.01044 -0.01423 1.87519e-01 4.25219e-04 -5.7193473366e-01 -3.8399063283e-01
18.000 -0.00000 -0.00000 -0.00000 0.00000 -0.00000 -0.00000 3.0724e-02 9.1855e-01 2.3070e-02 -2.5142e-04 4.0830e-01 -4.8170e-05 0.43904 0.44529 0.41780 -0.01523 -0.01091 0.01087 1.87519e-01 4.25149e-04 -5.7193441968e-01 -3.8399077012e-01
20.004 0.00000 -0.00000 -0.00000 0.00000 -0.00000 -0.00000 8.6198e-03 9.1853e-01 -3.6898e-02 -2.5142e-04 4.0830e-01 -4.8170e-05 0.41293 0.44527 0.44393 -0.00426 0.01781 -0.00267 1.87518e-01 4.25196e-04 -5.7193417550e-01 -3.8399090118e-01
22.004 0.00000 -0.00000 0.00000 0.00000 -0.00000 -0.00000 -3.7451e-02 9.1850e-01 5.4559e-03 -2.5142e-04 4.0830e-01 -4.8170e-05 0.44288 0.44527 0.41398 0.01783 -0.00279 -0.00695 1.87518e-01 4.25234e-04 -5.7193397004e-01 -3.8399102731e-01
24.004 0.00000 -0.00000 -0.00000 0.00000 -0.00000 -0.00000 1.8746e-02 9.1854e-01 3.1613e-02 -2.5142e-04 4.0830e-01 -4.8170e-05 0.42064 0.44523 0.43626 -0.00934 -0.01536 0.01412 1.87517e-01 4.25123e-04 -5.7193377186e-01 -3.8399115080e-01
26.004 0.00000 -0.00000 -0.00000 0.00000 -0.00000 -0.00000 2.1406e-02 9.1853e-01 -3.0417e-02 -2.5142e-04 4.0830e-01 -4.8170e-05 0.42668 0.44525 0.43021 -0.01074 0.01456 -0.01589 1.87518e-01 4.24734e-04 -5.7193355418e-01 -3.8399127390e-01
28.004 0.00000 0.00000 -0.00000 0.00000 -0.00000 -0.00000 -3.7698e-02 9.1850e-01 -8.9640e-03 -2.5142e-04 4.0830e-01 -4.8170e-05 0.43879 0.44531 0.41804 0.01785 0.00450 0.01162 1.87518e-01 4.23978e-04 -5.7193329665e-01 -3.8399139896e-01
30.004 0.00000 0.00000 -0.00000 0.00000 -0.00000 -0.00000 5.4223e-03 9.1854e-01 3.8732e-02 -2.5142e-04 4.0830e-01 -4.8170e-05 0.41381 0.44532 0.44301 -0.00258 -0.01871 -0.00328 1.87519e-01 4.22826e-04 -5.7193298732e-01 -3.8399152842e-01
32.004 0.00000 0.00000 0.00000 0.00000 -0.00000 -0.00000 3.4525e-02 9.1855e-01 -2.0782e-02 -2.5142e-04 4.0830e-01 -4.8170e-05 0.44140 0.44536 0.41538 -0.01699 0.00955 -0.00551 1.87520e-01 4.21326e-04 -5.7193262430e-01 -3.8399166464e-01
34.004 -0.00000 0.00000 0.00000 0.00000 -0.00000 -0.00000 -3.3842e-02 9.1851e-01 -2.6321e-02 -2.5142e-04 4.0830e-01 -4.8170e-05 0.42159 0.44547 0.43508 0.01558 0.01283 0.01114 1.87521e-01 4.19598e-04 -5.7193221689e-01 -3.8399180968e-01
36.004 -0.00000 -0.00000 0.00000 -0.00000 -0.00000 -0.00000 -1.3764e-02 9.1854e-01 4.1954e-02 -2.5142e-04 4.0830e-01 -4.8170e-05 0.42724 0.44552 0.42938 0.00666 -0.01984 -0.01166 1.87522e-01 4.17831e-04 -5.7193178594e-01 -3.8399196512e-01
38.000 -0.00000 -0.00000 -0.00000 -0.00000 -0.00000 -0.00000 4.5164e-02 9.1858e-01 -2.3026e-03 -2.5142e-04 4.0830e-01 -4.8170e-05 0.43510 0.44556 0.42148 -0.02165 0.00063 0.00763 1.87523e-01 4.16245e-04 -5.7193136373e-01 -3.8399213139e-01
40.000 0.00000 0.00000 -0.00000 0.00000 -0.00000 -0.00000 -1.8899e-02 9.1854e-01 -4.3762e-02 -2.5142e-04 4.0830e-01 -4.8170e-05 0.41984 0.44567 0.43662 0.00829 0.02072 -0.00152 1.87524e-01 4.15048e-04 -5.7193098813e-01 -3.8399230890e-01
42.000 -0.00000 -0.00000 -0.00000 0.00000 -0.00000 -0.00000 -3.6433e-02 9.1851e-01 3.2788e-02 -2.5142e-04 4.0830e-01 -4.8170e-05 0.43401 0.44575 0.42240 0.01706 -0.01526 -0.00335 1.87519e-01 4.14165e-04 -5.7192594020e-01 -3.8399244424e-01
44.000 -0.00000 0.00000 0.00000 0.00000 -0.00000 -0.00000 4.3312e-02 9.1856e-01 2.3157e-02 -2.5142e-04 4.0830e-01 -4.8170e-05 0.42693 0.44575 0.42948 -0.02052 -0.01110 0.00472 1.87519e-01 4.14265e-04 -5.7192570252e-01 -3.8399254256e-01
46.000 0.00000 -0.00000 -0.00000 0.00000 -0.00000 -0.00000 6.8875e-03 9.1853e-01 -4.9816e-02 -2.5142e-04 4.0830e-01 -4.8170e-05 0.42601 0.44581 0.43033 -0.00360 0.02331 -0.00251 1.87518e-01 4.14732e-04 -5.7192572647e-01 -3.8399264169e-01
48.000 0.00000 0.00000 0.00000 0.00000 -0.00000 -0.00000 -5.0094e-02 9.1849e-01 9.3574e-03 -2.5142e-04 4.0830e-01 -4.8170e-05 0.43054 0.44585 0.42576 0.02322 -0.00446 -0.00126 1.87518e-01 4.15663e-04 -5.7192594545e-01 -3.8399274124e-01
50.000 0.00000 0.00000 0.00000 0.00000 -0.00000 -0.00000 2.4640e-02 9.1854e-01 4.3236e-02 -2.5142e-04 4.0830e-01 -4.8170e-05 0.42877 0.44579 0.42759 -0.01195 -0.02028 0.00366 1.87517e-01 4.16864e-04 -5.7192636663e-01 -3.8399283957e-01
52.000 0.00000 -0.00000 0.00000 0.00000 -0.00000 -0.00000 3.1455e-02 9.1853e-01 -3.7763e-02 -2.5142e-04 4.0830e-01 -4.8170e-05 0.42349 0.44576 0.43290 -0.01488 0.01783 -0.00263 1.87516e-01 4.18173e-04 -5.7192698797e-01 -3.8399293539e-01
54.000 0.00000 0.00000 0.00000 0.00000 -0.00000 -0.00000 -4.5761e-02 9.1848e-01 -1.7255e-02 -2.5142e-04 4.0830e-01 -4.8170e-05 0.43520 0.44575 0.42120 0.02138 0.00777 -0.00176 1.87515e-01 4.19495e-04 -5.7192779096e-01 -3.8399302785e-01
56.000 -0.00000 0.00000 -0.00000 0.00000 -0.00000 -0.00000 -1.3421e-03 9.1851e-01 4.6830e-02 -2.5142e-04 4.0830e-01 -4.8170e-05 0.42288 0.44565 0.43361 -0.00003 -0.02215 0.00725 1.87515e-01 4.20805e-04 -5.7192874690e-01 -3.8399311644e-01
58.000 0.00000 0.00000 0.00000 0.00000 -0.00000 -0.00000 4.2256e-02 9.1853e-01 -1.5005e-02 -2.5142e-04 4.0830e-01 -4.8170e-05 0.42809 0.44556 0.42850 -0.02014 0.00744 -0.01065 1.87514e-01 4.22128e-04 -5.7192982103e-01 -3.8399320090e-01
60.000 0.00000 -0.00000 -0.00000 0.00000 -0.00000 -0.00000 -2.8422e-02 9.1848e-01 -3.3685e-02 -2.5142e-04 4.0830e-01 -4.8170e-05 0.43574 0.44553 0.42087 0.01356 0.01568 0.00953 1.87514e-01 4.23506e-04 -5.7193097598e-01 -3.8399328121e-01
62.000 0.00000 0.00000 0.00000 0.00000 -0.00000 -0.00000 -2.1142e-02 9.1850e-01 3.6416e-02 -2.5142e-04 4.0830e-01 -4.8170e-05 0.41550 0.44545 0.44119 0.00943 -0.01763 -0.00363 1.87514e-01 4.24957e-04 -5.7193217503e-01 -3.8399335745e-01
64.000 -0.00000 -0.00000 -0.00000 0.00000 -0.00000 -0.00000 3.9376e-02 9.1853e-01 5.5100e-03 -2.5142e-04 4.0830e-01 -4.8170e-05 0.44190 0.44535 0.41488 -0.01919 -0.00233 -0.00491 1.87513e-01 4.26459e-04 -5.7193338421e-01 -3.8399342985e-01
66.000 -0.00000 -0.00000 0.00000 0.00000 -0.00000 -0.00000 -9.8933e-03 9.1849e-01 -3.7952e-02 -2.5142e-04 4.0830e-01 -4.8170e-05 0.41984 0.44534 0.43696 0.00477 0.01814 0.01250 1.87513e-01 4.27941e-04 -5.7193457326e-01 -3.8399349879e-01
68.000 -0.00000 -0.00000 0.00000 0.00000 -0.00000 -0.00000 -3.1213e-02 9.1848e-01 2.2256e-02 -2.5142e-04 4.0830e-01 -4.8170e-05 0.42810 0.44530 0.42873 0.01466 -0.01098 -0.01571 1.87513e-01 4.29290e-04 -5.7193571570e-01 -3.8399356479e-01
70.000 0.00000 -0.00000 -0.00000 0.00000 -0.00000 -0.00000 3.1314e-02 9.1852e-01 1.9267e-02 -2.5142e-04 4.0830e-01 -4.8170e-05 0.43799 0.44524 0.41889 -0.01548 -0.00928 0.01290 1.87513e-01 4.30374e-04 -5.7193678820e-01 -3.8399362855e-01
72.000 0.00000 -0.00000 -0.00000 0.00000 -0.00000 -0.00000 4.9436e-03 9.1850e-01 -3.6817e-02 -2.5142e-04 4.0830e-01 -4.8170e-05 0.41310 0.44526 0.44376 -0.00270 0.01776 -0.00504 1.87513e-01 4.31065e-04 -5.7193776956e-01 -3.8399369093e-01
74.000 -0.00000 -0.00000 -0.00000 0.00000 -0.00000 -0.00000 -3.6822e-02 9.1848e-01 9.0673e-03 -2.5142e-04 4.0830e-01 -4.8170e-05 0.44368 0.44529 0.41314 0.01756 -0.00432 -0.00473 1.87514e-01 4.31259e-04 -5.7193863966e-01 -3.8399375295e-01
76.000 -0.00000 0.00000 -0.00000 0.00000 -0.00000 -0.00000 2.2239e-02 9.1853e-01 3.0441e-02 -2.5142e-04 4.0830e-01 -4.8170e-05 0.41893 0.44527 0.43790 -0.01083 -0.01487 0.01242 1.87515e-01 4.30907e-04 -5.7193937860e-01 -3.8399381581e-01
78.004 0.00000 0.00000 -0.00000 0.00000 -0.00000 -0.00000 1.9549e-02 9.1852e-01 -3.3798e-02 -2.5142e-04 4.0830e-01 -4.8170e-05 0.42879 0.44532 0.42799 -0.00995 0.01602 -0.01501 1.87516e-01 4.30023e-04 -5.7193996741e-01 -3.8399388094e-01
80.004 0.00000 -0.00000 -0.00000 -0.00000 -0.00000 -0.00000 -4.0715e-02 9.1850e-01 -6.5257e-03 -2.5142e-04 4.0830e-01 -4.8170e-05 0.43629 0.44541 0.42040 0.01915 0.00345 0.01172 1.87518e-01 4.28711e-04 -5.7194038397e-01 -3.8399394943e-01
82.004 -0.00000 0.00000 -0.00000 -0.00000 -0.00000 -0.00000 8.3727e-03 9.1854e-01 4.1224e-02 -2.5142e-04 4.0830e-01 -4.8170e-05 0.41602 0.44543 0.44063 -0.00387 -0.01979 -0.00445 1.87519e-01 4.27150e-04 -5.7194061131e-01 -3.8399402276e-01
84.004 0.00000 0.00000 -0.00000 0.00000 -0.00000 -0.00000 3.6337e-02 9.1856e-01 -2.4094e-02 -2.5142e-04 4.0830e-01 -4.8170e-05 0.43962 0.44549 0.41697 -0.01775 0.01102 -0.00333 1.87521e-01 4.25584e-04 -5.7194063439e-01 -3.8399410207e-01
86.004 -0.00000 0.00000 0.00000 0.00000 -0.00000 -0.00000 -3.7279e-02 9.1852e-01 -2.7353e-02 -2.5142e-04 4.0830e-01 -4.8170e-05 0.42208 0.44561 0.43439 0.01710 0.01322 0.00824 1.87522e-01 4.24275e-04 -5.7194044386e-01 -3.8399418815e-01
88.004 -0.00000 -0.00000 -0.00000 0.00000 -0.00000 -0.00000 -1.4026e-02 9.1854e-01 4.5226e-02 -2.5142e-04 4.0830e-01 -4.8170e-05 0.42801 0.44566 0.42842 0.00669 -0.02128 -0.00859 1.87522e-01 4.23451e-04 -5.7194003859e-01 -3.8399428119e-01
90.004 -0.00000 0.00000 0.00000 0.00000 0.00000 -0.00000 4.7984e-02 9.1857e-01 -2.8387e-03 -2.5142e-04 4.0830e-01 -4.8170e-05 0.43271 0.44569 0.42368 -0.02286 0.00099 0.00510 1.87522e-01 4.23243e-04 -5.7193942802e-01 -3.8399438067e-01
92.004 0.00000 0.00000 -0.00000 0.00000 -0.00000 -0.00000 -1.9772e-02 9.1852e-01 -4.5877e-02 -2.5142e-04 4.0830e-01 -4.8170e-05 0.42318 0.44579 0.43311 0.00882 0.02157 -0.00037 1.87521e-01 4.23639e-04 -5.7193863358e-01 -3.8399448530e-01
94.004 -0.00000 0.00000 -0.00000 0.00000 -0.00000 -0.00000 -3.7804e-02 9.1851e-01 3.3630e-02 -2.5142e-04 4.0830e-01 -4.8170e-05 0.43022 0.44583 0.42604 0.01753 -0.01576 -0.00263 1.87519e-01 4.24477e-04 -5.7193768891e-01 -3.8399459315e-01
96.004 -0.00000 0.00000 -0.00000 0.00000 -0.00000 -0.00000 4.3763e-02 9.1855e-01 2.3931e-02 -2.5142e-04 4.0830e-01 -4.8170e-05 0.42981 0.44579 0.42649 -0.02081 -0.01127 0.00218 1.87516e-01 4.25494e-04 -5.7193663845e-01 -3.8399470197e-01
98.004 0.00000 0.00000 0.00000 -0.00000 0.00000 -0.00000 7.3745e-03 9.1851e-01 -4.9635e-02 -2.5142e-04 4.0830e-01 -4.8170e-05 0.42471 0.44582 0.43158 -0.00362 0.02326 0.00119 1.87514e-01 4.26400e-04 -5.7193553414e-01 -3.8399480951e-01
100.004 -0.00000 -0.00000 0.00000 -0.00000 0.00000 -0.00000 -4.9226e-02 9.1847e-01 8.7677e-03 -2.5142e-04 4.0830e-01 -4.8170e-05 0.42980 0.44581 0.42650 0.02281 -0.00439 -0.00506 1.87513e-01 4.26971e-04 -5.7193443069e-01 -3.8399491385e-01
102.004 0.00000 0.00000 -0.00000 -0.00000 0.00000 -0.00000 2.3582e-02 9.1851e-01 4.1823e-02 -2.5142e-04 4.0830e-01 -4.8170e-05 0.43124 0.44572 0.42516 -0.01164 -0.01958 0.00649 1.87511e-01 4.27110e-04 -5.7193337981e-01 -3.8399501363e-01
104.004 0.00000 0.00000 -0.00000 -0.00000 0.00000 -0.00000 2.9798e-02 9.1850e-01 -3.5991e-02 -2.5142e-04 4.0830e-01 -4.8170e-05 0.42017 0.44566 0.43630 -0.01405 0.01717 -0.00383 1.87510e-01 4.26860e-04 -5.7193242460e-01 -3.8399510805e-01
106.004 -0.00000 0.00000 -0.00000 -0.00000 -0.00000 -0.00000 -4.3204e-02 9.1846e-01 -1.5726e-02 -2.5142e-04 4.0830e-01 -4.8170e-05 0.43857 0.44563 0.41794 0.02032 0.00700 -0.00229 1.87510e-01 4.26364e-04 -5.7193159517e-01 -3.8399519682e-01
108.004 0.00000 -0.00000 -0.00000 -0.00000 0.00000 -0.00000 -2.8391e-04 9.1849e-01 4.3592e-02 -2.5142e-04 4.0830e-01 -4.8170e-05 0.42046 0.44552 0.43616 -0.00058 -0.02075 0.00914 1.87510e-01 4.25806e-04 -5.7193090629e-01 -3.8399527999e-01
110.004 -0.00000 -0.00000 0.00000 -0.00000 0.00000 -0.00000 3.8568e-02 9.1851e-01 -1.5348e-02 -2.5142e-04 4.0830e-01 -4.8170e-05 0.42940 0.44543 0.42731 -0.01853 0.00764 -0.01325 1.87510e-01 4.25344e-04 -5.7193035737e-01 -3.8399535791e-01
112.004 0.00000 -0.00000 -0.00000 -0.00000 -0.00000 -0.00000 -2.7938e-02 9.1846e-01 -2.9829e-02 -2.5142e-04 4.0830e-01 -4.8170e-05 0.43583 0.44541 0.42091 0.01338 0.01399 0.01221 1.87509e-01 4.25069e-04 -5.7192993456e-01 -3.8399543108e-01
114.004 0.00000 -0.00000 -0.00000 -0.00000 -0.00000 -0.00000 -1.7386e-02 9.1847e-01 3.5119e-02 -2.5142e-04 4.0830e-01 -4.8170e-05 0.41447 0.44534 0.44234 0.00780 -0.01708 -0.00588 1.87509e-01 4.24985e-04 -5.7192961403e-01 -3.8399550016e-01
116.004 0.00000 0.00000 -0.00000 -0.00000 -0.00000 -0.00000 3.7361e-02 9.1850e-01 2.0594e-03 -2.5142e-04 4.0830e-01 -4.8170e-05 0.44377 0.44528 0.41312 -0.01832 -0.00084 -0.00341 1.87509e-01 4.25025e-04 -5.7192936592e-01 -3.8399556592e-01
118.004 0.00000 0.00000 -0.00000 -0.00000 -0.00000 -0.00000 -1.2907e-02 9.1847e-01 -3.5347e-02 -2.5142e-04 4.0830e-01 -4.8170e-05 0.41770 0.44529 0.43917 0.00605 0.01702 0.01189 1.87508e-01 4.25068e-04 -5.7192915807e-01 -3.8399562928e-01
120.004 0.00000 0.00000 0.00000 -0.00000 -0.00000 -0.00000 -2.8140e-02 9.1846e-01 2.4761e-02 -2.5142e-04 4.0830e-01 -4.8170e-05 0.43031 0.44528 0.42657 0.01334 -0.01204 -0.01601 1.87508e-01 4.24973e-04 -5.7192895942e-01 -3.8399569123e-01
122.004 0.00000 -0.00000 0.00000 -0.00000 -0.00000 -0.00000 3.3263e-02 9.1850e-01 1.5823e-02 -2.5142e-04 4.0830e-01 -4.8170e-05 0.43613 0.44526 0.42077 -0.01631 -0.00781 0.01404 1.87508e-01 4.24609e-04 -5.7192874280e-01 -3.8399575289e-01
124.004 -0.00000 0.00000 0.00000 -0.00000 -0.00000 -0.00000 1.2109e-03 9.1848e-01 -3.8163e-02 -2.5142e-04 4.0830e-01 -4.8170e-05 0.41438 0.44531 0.44248 -0.00110 0.01834 -0.00685 1.87509e-01 4.23883e-04 -5.7192848733e-01 -3.8399581545e-01
126.004 0.00000 0.00000 0.00000 -0.00000 -0.00000 -0.00000 -3.7501e-02 9.1846e-01 1.2997e-02 -2.5142e-04 4.0830e-01 -4.8170e-05 0.44321 0.44536 0.41359 0.01786 -0.00601 -0.00249 1.87510e-01 4.22761e-04 -5.7192818042e-01 -3.8399588012e-01
128.004 -0.00000 0.00000 -0.00000 -0.00000 -0.00000 -0.00000 2.6236e-02 9.1851e-01 3.0387e-02 -2.5142e-04 4.0830e-01 -4.8170e-05 0.41839 0.44538 0.43839 -0.01256 -0.01484 0.01007 1.87511e-01 4.21283e-04 -5.7192781945e-01 -3.8399594809e-01
130.004 -0.00000 -0.00000 -0.00000 -0.00000 -0.00000 -0.00000 1.8853e-02 9.1850e-01 -3.7596e-02 -2.5142e-04 4.0830e-01 -4.8170e-05 0.43040 0.44545 0.42631 -0.00964 0.01766 -0.01297 1.87512e-01 4.19566e-04 -5.7192741297e-01 -3.8399602040e-01
132.004 -0.00000 -0.00000 -0.00000 -0.00000 -0.00000 -0.00000 -4.4218e-02 9.1847e-01 -5.1157e-03 -2.5142e-04 4.0830e-01 -4.8170e-05 0.43372 0.44556 0.42288 0.02067 0.00281 0.01051 1.87513e-01 4.17793e-04 -5.7192698111e-01 -3.8399609788e-01
134.004 -0.00000 0.00000 -0.00000 -0.00000 -0.00000 -0.00000 1.0380e-02 9.1852e-01 4.4205e-02 -2.5142e-04 4.0830e-01 -4.8170e-05 0.41898 0.44559 0.43759 -0.00479 -0.02106 -0.00448 1.87514e-01 4.16183e-04 -5.7192655478e-01 -3.8399618094e-01
136.004 0.00000 0.00000 -0.00000 -0.00000 -0.00000 -0.00000 3.8616e-02 9.1853e-01 -2.6469e-02 -2.5142e-04 4.0830e-01 -4.8170e-05 0.43673 0.44565 0.41977 -0.01869 0.01212 -0.00183 1.87515e-01 4.14949e-04 -5.7192617328e-01 -3.8399626950e-01
138.004 0.00000 0.00000 0.00000 -0.00000 -0.00000 -0.00000 -3.9710e-02 9.1848e-01 -2.8863e-02 -2.5142e-04 4.0830e-01 -4.8170e-05 0.42397 0.44576 0.43242 0.01823 0.01377 0.00540 1.87515e-01 4.14254e-04 -5.7192588037e-01 -3.8399636290e-01
140.004 0.00000 -0.00000 0.00000 -0.00000 -0.00000 -0.00000 -1.4856e-02 9.1851e-01 4.7382e-02 -2.5142e-04 4.0830e-01 -4.8170e-05 0.42762 0.44579 0.42874 0.00690 -0.02225 -0.00498 1.87515e-01 4.14164e-04 -5.7192571902e-01 -3.8399645996e-01
142.004 -0.00000 0.00000 -0.00000 -0.00000 -0.00000 -0.00000 4.9606e-02 9.1854e-01 -2.4460e-03 -2.5142e-04 4.0830e-01 -4.8170e-05 0.43118 0.44579 0.42519 -0.02356 0.00099 0.00164 1.87515e-01 4.14640e-04 -5.7192572588e-01 -3.8399655913e-01
144.004 0.00000 -0.00000 0.00000 -0.00000 -0.00000 -0.00000 -1.9468e-02 9.1849e-01 -4.6855e-02 -2.5142e-04 4.0830e-01 -4.8170e-05 0.42630 0.44584 0.43001 0.00886 0.02192 0.00195 1.87514e-01 4.15557e-04 -5.7192592639e-01 -3.8399665873e-01
146.004 0.00000 -0.00000 -0.00000 -0.00000 -0.00000 -0.00000 -3.8217e-02 9.1848e-01 3.3054e-02 -2.5142e-04 4.0830e-01 -4.8170e-05 0.42637 0.44584 0.42994 0.01758 -0.01565 -0.00309 1.87513e-01 4.16745e-04 -5.7192633171e-01 -3.8399675718e-01
148.004 0.00000 0.00000 -0.00000 -0.00000 -0.00000 -0.00000 4.2642e-02 9.1852e-01 2.4032e-02 -2.5142e-04 4.0830e-01 -4.8170e-05 0.43341 0.44576 0.42298 -0.02041 -0.01115 0.00067 1.87512e-01 4.18049e-04 -5.7192693795e-01 -3.8399685321e-01
150.004 -0.00000 -0.00000 0.00000 -0.00000 -0.00000 -0.00000 7.5174e-03 9.1849e-01 -4.7861e-02 -2.5142e-04 4.0830e-01 -4.8170e-05 0.42250 0.44574 0.43391 -0.00351 0.02252 0.00417 1.87511e-01 4.19371e-04 -5.7192772765e-01 -3.8399694593e-01
152.004 -0.00000 0.00000 0.00000 -0.00000 -0.00000 -0.00000 -4.6881e-02 9.1846e-01 8.2261e-03 -2.5142e-04 4.0830e-01 -4.8170e-05 0.43037 0.44570 0.42608 0.02177 -0.00431 -0.00860 1.87511e-01 4.20681e-04 -5.7192867289e-01 -3.8399703481e-01
154.000 -0.00000 -0.00000 0.00000 -0.00000 -0.00000 -0.00000 2.2228e-02 9.1851e-01 3.9236e-02 -2.5142e-04 4.0830e-01 -4.8170e-05 0.43244 0.44558 0.42412 -0.01115 -0.01840 0.00967 1.87511e-01 4.21999e-04 -5.7192973693e-01 -3.8399711942e-01
156.000 -0.00000 0.00000 -0.00000 -0.00000 -0.00000 -0.00000 2.7241e-02 9.1850e-01 -3.3902e-02 -2.5142e-04 4.0830e-01 -4.8170e-05 0.41793 0.44552 0.43869 -0.01289 0.01632 -0.00599 1.87510e-01 4.23371e-04 -5.7193088682e-01 -3.8399720004e-01
158.000 -0.00000 0.00000 0.00000 -0.00000 -0.00000 -0.00000 -4.0432e-02 9.1846e-01 -1.3493e-02 -2.5142e-04 4.0830e-01 -4.8170e-05 0.44149 0.44548 0.41517 0.01914 0.00598 -0.00147 1.87510e-01 4.24816e-04 -5.7193208371e-01 -3.8399727658e-01
160.000 0.00000 0.00000 0.00000 -0.00000 -0.00000 -0.00000 1.4044e-03 9.1849e-01 4.0297e-02 -2.5142e-04 4.0830e-01 -4.8170e-05 0.41779 0.44539 0.43896 -0.00133 -0.01933 0.00961 1.87510e-01 4.26316e-04 -5.7193329332e-01 -3.8399734926e-01
162.000 0.00000 -0.00000 -0.00000 -0.00000 -0.00000 -0.00000 3.4958e-02 9.1850e-01 -1.6379e-02 -2.5142e-04 4.0830e-01 -4.8170e-05 0.43160 0.44532 0.42522 -0.01696 0.00809 -0.01477 1.87509e-01 4.27802e-04 -5.7193448507e-01 -3.8399741845e-01
164.000 -0.00000 -0.00000 -0.00000 -0.00000 -0.00000 -0.00000 -2.8296e-02 9.1846e-01 -2.6102e-02 -2.5142e-04 4.0830e-01 -4.8170e-05 0.43461 0.44532 0.42220 0.01352 0.01239 0.01439 1.87509e-01 4.29165e-04 -5.7193563217e-01 -3.8399748465e-01
166.000 -0.00000 -0.00000 -0.00000 -0.00000 -0.00000 -0.00000 -1.3690e-02 9.1848e-01 3.4849e-02 -2.5142e-04 4.0830e-01 -4.8170e-05 0.41472 0.44528 0.44212 0.00622 -0.01695 -0.00831 1.87509e-01 4.30275e-04 -5.7193671106e-01 -3.8399754855e-01
168.000 -0.00000 0.00000 -0.00000 -0.00000 -0.00000 -0.00000 3.6526e-02 9.1850e-01 -1.5142e-03 -2.5142e-04 4.0830e-01 -4.8170e-05 0.44454 0.44525 0.41233 -0.01795 0.00067 -0.00114 1.87509e-01 4.31000e-04 -5.7193770041e-01 -3.8399761100e-01
170.000 0.00000 -0.00000 0.00000 -0.00000 -0.00000 -0.00000 -1.6306e-02 9.1847e-01 -3.3992e-02 -2.5142e-04 4.0830e-01 -4.8170e-05 0.41604 0.44529 0.44079 0.00749 0.01644 0.01015 1.87510e-01 4.31236e-04 -5.7193858001e-01 -3.8399767301e-01
172.000 0.00000 0.00000 -0.00000 -0.00000 -0.00000 -0.00000 -2.6284e-02 9.1848e-01 2.7936e-02 -2.5142e-04 4.0830e-01 -4.8170e-05 0.43250 0.44531 0.42430 0.01256 -0.01339 -0.01510 1.87511e-01 4.30926e-04 -5.7193932996e-01 -3.8399773576e-01
174.000 0.00000 0.00000 -0.00000 -0.00000 -0.00000 -0.00000 3.6141e-02 9.1852e-01 1.3467e-02 -2.5142e-04 4.0830e-01 -4.8170e-05 0.43362 0.44531 0.42317 -0.01754 -0.00681 0.01414 1.87512e-01 4.30083e-04 -5.7193993026e-01 -3.8399780053e-01
176.000 0.00000 0.00000 -0.00000 -0.00000 -0.00000 -0.00000 -1.6254e-03 9.1850e-01 -4.0631e-02 -2.5142e-04 4.0830e-01 -4.8170e-05 0.41657 0.44539 0.44014 0.00011 0.01940 -0.00799 1.87514e-01 4.28801e-04 -5.7194036114e-01 -3.8399786869e-01
178.000 -0.00000 0.00000 0.00000 -0.00000 -0.00000 -0.00000 -3.9419e-02 9.1849e-01 1.6240e-02 -2.5142e-04 4.0830e-01 -4.8170e-05 0.44147 0.44547 0.41515 0.01868 -0.00741 -0.00041 1.87515e-01 4.27253e-04 -5.7194060410e-01 -3.8399794158e-01
180.000 -0.00000 0.00000 -0.00000 -0.00000 -0.00000 -0.00000 2.9732e-02 9.1854e-01 3.1624e-02 -2.5142e-04 4.0830e-01 -4.8170e-05 0.41893 0.44550 0.43766 -0.01409 -0.01536 0.00734 1.87517e-01 4.25678e-04 -5.7194064379e-01 -3.8399802037e-01
182.000 0.00000 0.00000 -0.00000 -0.00000 -0.00000 -0.00000 1.9341e-02 9.1853e-01 -4.1116e-02 -2.5142e-04 4.0830e-01 -4.8170e-05 0.43097 0.44558 0.42553 -0.00980 0.01921 -0.01006 1.87518e-01 4.24341e-04 -5.7194047029e-01 -3.8399810588e-01
184.000 0.00000 0.00000 0.00000 -0.00000 -0.00000 -0.00000 -4.7493e-02 9.1850e-01 -4.8974e-03 -2.5142e-04 4.0830e-01 -4.8170e-05 0.43157 0.44569 0.42482 0.02208 0.00263 0.00805 1.87518e-01 4.23473e-04 -5.7194008179e-01 -3.8399819836e-01
186.000 -0.00000 -0.00000 0.00000 -0.00000 -0.00000 -0.00000 1.1132e-02 9.1854e-01 4.6989e-02 -2.5142e-04 4.0830e-01 -4.8170e-05 0.42202 0.44571 0.43435 -0.00523 -0.02223 -0.00317 1.87518e-01 4.23216e-04 -5.7193948679e-01 -3.8399829735e-01
188.000 -0.00000 0.00000 0.00000 -0.00000 -0.00000 -0.00000 4.0762e-02 9.1854e-01 -2.7471e-02 -2.5142e-04 4.0830e-01 -4.8170e-05 0.43307 0.44576 0.42325 -0.01954 0.01267 -0.00147 1.87517e-01 4.23569e-04 -5.7193870579e-01 -3.8399840161e-01
190.000 -0.00000 0.00000 -0.00000 -0.00000 -0.00000 -0.00000 -4.0629e-02 9.1848e-01 -3.0376e-02 -2.5142e-04 4.0830e-01 -4.8170e-05 0.42698 0.44584 0.42927 0.01872 0.01429 0.00327 1.87515e-01 4.24381e-04 -5.7193777151e-01 -3.8399850926e-01
192.000 0.00000 -0.00000 0.00000 -0.00000 -0.00000 -0.00000 -1.5911e-02 9.1849e-01 4.7925e-02 -2.5142e-04 4.0830e-01 -4.8170e-05 0.42589 0.44583 0.43037 0.00718 -0.02253 -0.00153 1.87513e-01 4.25395e-04 -5.7193672761e-01 -3.8399861806e-01
194.000 0.00000 0.00000 0.00000 -0.00000 -0.00000 -0.00000 4.9605e-02 9.1852e-01 -1.5468e-03 -2.5142e-04 4.0830e-01 -4.8170e-05 0.43091 0.44580 0.42539 -0.02355 0.00078 -0.00222 1.87511e-01 4.26318e-04 -5.7193562563e-01 -3.8399872574e-01
196.000 -0.00000 0.00000 -0.00000 -0.00000 -0.00000 -0.00000 -1.8378e-02 9.1846e-01 -4.6321e-02 -2.5142e-04 4.0830e-01 -4.8170e-05 0.42839 0.44581 0.42791 0.00856 0.02163 0.00516 1.87509e-01 4.26920e-04 -5.7193452025e-01 -3.8399883036e-01
198.000 -0.00000 0.00000 0.00000 -0.00000 -0.00000 -0.00000 -3.7339e-02 9.1845e-01 3.1481e-02 -2.5142e-04 4.0830e-01 -4.8170e-05 0.42308 0.44577 0.43327 0.01709 -0.01510 -0.00482 1.87507e-01 4.27093e-04 -5.7193346362e-01 -3.8399893050e-01
200.000 -0.00000 0.00000 -0.00000 -0.00000 -0.00000 -0.00000 4.0431e-02 9.1850e-01 2.3116e-02 -2.5142e-04 4.0830e-01 -4.8170e-05 0.43702 0.44566 0.41944 -0.01953 -0.01063 0.00059 1.87507e-01 4.26869e-04 -5.7193249969e-01 -3.8399902533e-01
202.000 0.00000 0.00000 0.00000 -0.00000 0.00000 -0.00000 6.8986e-03 9.1847e-01 -4.5026e-02 -2.5142e-04 4.0830e-01 -4.8170e-05 0.41961 0.44562 0.43691 -0.00314 0.02132 0.00585 1.87506e-01 4.26386e-04 -5.7193165969e-01 -3.8399911452e-01
204.000 0.00000 -0.00000 -0.00000 -0.00000 0.00000 -0.00000 -4.3589e-02 9.1844e-01 8.2709e-03 -2.5142e-04 4.0830e-01 -4.8170e-05 0.43216 0.44557 0.42442 0.02034 -0.00441 -0.01128 1.87506e-01 4.25826e-04 -5.7193095960e-01 -3.8399919810e-01
206.000 0.00000 0.00000 -0.00000 -0.00000 -0.00000 -0.00000 2.1691e-02 9.1848e-01 3.5655e-02 -2.5142e-04 4.0830e-01 -4.8170e-05 0.43227 0.44545 0.42442 -0.01097 -0.01683 0.01262 1.87506e-01 4.25352e-04 -5.7193040001e-01 -3.8399927639e-01
208.000 -0.00000 0.00000 -0.00000 -0.00000 -0.00000 -0.00000 2.3691e-02 9.1847e-01 -3.2565e-02 -2.5142e-04 4.0830e-01 -4.8170e-05 0.41698 0.44540 0.43977 -0.01133 0.01576 -0.00855 1.87506e-01 4.25060e-04 -5.7192996797e-01 -3.8399934989e-01
210.000 -0.00000 0.00000 -0.00000 -0.00000 -0.00000 -0.00000 -3.8368e-02 9.1844e-01 -1.0220e-02 -2.5142e-04 4.0830e-01 -4.8170e-05 0.44344 0.44538 0.41334 0.01825 0.00456 0.00030 1.87505e-01 4.24963e-04 -5.7192964029e-01 -3.8399941925e-01
212.000 0.00000 -0.00000 -0.00000 -0.00000 -0.00000 -0.00000 4.2354e-03 9.1847e-01 3.7644e-02 -2.5142e-04 4.0830e-01 -4.8170e-05 0.41550 0.44530 0.44135 -0.00255 -0.01818 0.00884 1.87505e-01 4.24996e-04 -5.7192938744e-01 -3.8399948523e-01
214.000 0.00000 0.00000 0.00000 -0.00000 -0.00000 -0.00000 3.1864e-02 9.1848e-01 -1.8682e-02 -2.5142e-04 4.0830e-01 -4.8170e-05 0.43400 0.44527 0.42289 -0.01564 0.00907 -0.01501 1.87505e-01 4.25043e-04 -5.7192917733e-01 -3.8399954872e-01
216.000 -0.00000 0.00000 0.00000 -0.00000 -0.00000 -0.00000 -3.0041e-02 9.1844e-01 -2.2693e-02 -2.5142e-04 4.0830e-01 -4.8170e-05 0.43261 0.44530 0.42425 0.01426 0.01094 0.01556 1.87504e-01 4.24962e-04 -5.7192897870e-01 -3.8399961074e-01
218.000 -0.00000 -0.00000 0.00000 -0.00000 -0.00000 -0.00000 -1.0057e-02 9.1846e-01 3.6023e-02 -2.5142e-04 4.0830e-01 -4.8170e-05 0.41610 0.44529 0.44078 0.00468 -0.01745 -0.01019 1.87504e-01 4.24622e-04 -5.7192876401e-01 -3.8399967238e-01
220.000 0.00000 -0.00000 -0.00000 -0.00000 -0.00000 -0.00000 3.7108e-02 9.1848e-01 -5.3002e-03 -2.5142e-04 4.0830e-01 -4.8170e-05 0.44406 0.44529 0.41281 -0.01821 0.00228 0.00115 1.87505e-01 4.23924e-04 -5.7192851184e-01 -3.8399973483e-01
222.000 -0.00000 -0.00000 -0.00000 0.00000 -0.00000 -0.00000 -2.0164e-02 9.1845e-01 -3.3939e-02 -2.5142e-04 4.0830e-01 -4.8170e-05 0.41551 0.44536 0.44129 0.00914 0.01643 0.00781 1.87506e-01 4.22831e-04 -5.7192820890e-01 -3.8399979929e-01
224.000 0.00000 -0.00000 -0.00000 0.00000 -0.00000 -0.00000 -2.5549e-02 9.1846e-01 3.1748e-02 -2.5142e-04 4.0830e-01 -4.8170e-05 0.43396 0.44541 0.42279 0.01225 -0.01503 -0.01310 1.87507e-01 4.21377e-04 -5.7192785179e-01 -3.8399986696e-01
226.000 0.00000 -0.00000 -0.00000 0.00000 0.00000 -0.00000 3.9737e-02 9.1850e-01 1.2033e-02 -2.5142e-04 4.0830e-01 -4.8170e-05 0.43128 0.44544 0.42544 -0.01910 -0.00618 0.01289 1.87508e-01 4.19673e-04 -5.7192744821e-01 -3.8399993891e-01
228.000 0.00000 -0.00000 -0.00000 0.00000 0.00000 -0.00000 -3.7043e-03 9.1847e-01 -4.3804e-02 -2.5142e-04 4.0830e-01 -4.8170e-05 0.41931 0.44554 0.43731 0.00104 0.02077 -0.00785 1.87509e-01 4.17898e-04 -5.7192701743e-01 -3.8400001597e-01
230.000 0.00000 -0.00000 -0.00000 0.00000 0.00000 -0.00000 -4.1967e-02 9.1846e-01 1.8809e-02 -2.5142e-04 4.0830e-01 -4.8170e-05 0.43867 0.44563 0.41786 0.01975 -0.00857 0.00077 1.87510e-01 4.16269e-04 -5.7192658962e-01 -3.8400009860e-01
232.000 0.00000 0.00000 -0.00000 0.00000 0.00000 -0.00000 3.2535e-02 9.1851e-01 3.3414e-02 -2.5142e-04 4.0830e-01 -4.8170e-05 0.42094 0.44565 0.43556 -0.01536 -0.01607 0.00488 1.87511e-01 4.15002e-04 -5.7192620358e-01 -3.8400018675e-01
234.000 0.00000 -0.00000 0.00000 0.00000 0.00000 -0.00000 2.0362e-02 9.1850e-01 -4.3836e-02 -2.5142e-04 4.0830e-01 -4.8170e-05 0.43022 0.44573 0.42620 -0.01013 0.02044 -0.00671 1.87511e-01 4.14264e-04 -5.7192590290e-01 -3.8400027980e-01
236.000 -0.00000 0.00000 0.00000 0.00000 0.00000 -0.00000 -4.9821e-02 9.1846e-01 -5.2927e-03 -2.5142e-04 4.0830e-01 -4.8170e-05 0.43050 0.44582 0.42583 0.02310 0.00265 0.00458 1.87511e-01 4.14130e-04 -5.7192573079e-01 -3.8400037662e-01
238.000 0.00000 -0.00000 0.00000 0.00000 0.00000 -0.00000 1.1077e-02 9.1850e-01 4.8712e-02 -2.5142e-04 4.0830e-01 -4.8170e-05 0.42472 0.44581 0.43162 -0.00537 -0.02294 -0.00054 1.87511e-01 4.14569e-04 -5.7192572454e-01 -3.8400047566e-01
240.000 -0.00000 -0.00000 -0.00000 0.00000 -0.00000 0.00000 4.1832e-02 9.1851e-01 -2.7395e-02 -2.5142e-04 4.0830e-01 -4.8170e-05 0.42932 0.44582 0.42702 -0.01990 0.01280 -0.00244 1.87510e-01 4.15459e-04 -5.7192591053e-01 -3.8400057526e-01
242.000 -0.00000 -0.00000 -0.00000 0.00000 -0.00000 0.00000 -4.0189e-02 9.1845e-01 -3.0934e-02 -2.5142e-04 4.0830e-01 -4.8170e-05 0.43078 0.44586 0.42552 0.01865 0.01438 0.00224 1.87509e-01 4.16632e-04 -5.7192630102e-01 -3.8400067381e-01
244.000 0.00000 -0.00000 0.00000 0.00000 -0.00000 0.00000 -1.6252e-02 9.1847e-01 4.6896e-02 -2.5142e-04 4.0830e-01 -4.8170e-05 0.42320 0.44580 0.43315 0.00715 -0.02215 0.00122 1.87508e-01 4.17932e-04 -5.7192689319e-01 -3.8400077002e-01
246.000 -0.00000 0.00000 0.00000 0.00000 -0.00000 0.00000 4.7941e-02 9.1850e-01 -1.0541e-03 -2.5142e-04 4.0830e-01 -4.8170e-05 0.43195 0.44572 0.42448 -0.02283 0.00074 -0.00586 1.87508e-01 4.19254e-04 -5.7192767049e-01 -3.8400086298e-01
248.000 -0.00000 -0.00000 0.00000 0.00000 -0.00000 -0.00000 -1.7396e-02 9.1846e-01 -4.4167e-02 -2.5142e-04 4.0830e-01 -4.8170e-05 0.42935 0.44570 0.42710 0.00827 0.02065 0.00865 1.87507e-01 4.20565e-04 -5.7192860563e-01 -3.8400095212e-01
250.000 0.00000 -0.00000 -0.00000 0.00000 -0.00000 -0.00000 -3.4975e-02 9.1845e-01 2.9790e-02 -2.5142e-04 4.0830e-01 -4.8170e-05 0.42085 0.44563 0.43566 0.01599 -0.01446 -0.00731 1.87507e-01 4.21883e-04 -5.7192966443e-01 -3.8400103718e-01
252.000 0.00000 -0.00000 0.00000 0.00000 -0.00000 -0.00000 3.7972e-02 9.1849e-01 2.0880e-02 -2.5142e-04 4.0830e-01 -4.8170e-05 0.44010 0.44552 0.41653 -0.01850 -0.00959 0.00162 1.87506e-01 4.23250e-04 -5.7193080972e-01 -3.8400111807e-01
254.000 -0.00000 0.00000 -0.00000 0.00000 -0.00000 -0.00000 5.0954e-03 9.1846e-01 -4.1895e-02 -2.5142e-04 4.0830e-01 -4.8170e-05 0.41676 0.44547 0.43991 -0.00230 0.01998 0.00626 1.87506e-01 4.24690e-04 -5.7193200454e-01 -3.8400119488e-01
256.000 0.00000 -0.00000 0.00000 0.00000 -0.00000 -0.00000 -3.9986e-02 9.1844e-01 9.4307e-03 -2.5142e-04 4.0830e-01 -4.8170e-05 0.43450 0.44543 0.42221 0.01877 -0.00495 -0.01282 1.87506e-01 4.26187e-04 -5.7193321437e-01 -3.8400126781e-01
258.000 0.00000 -0.00000 0.00000 0.00000 -0.00000 -0.00000 2.2113e-02 9.1848e-01 3.1816e-02 -2.5142e-04 4.0830e-01 -4.8170e-05 0.43102 0.44534 0.42578 -0.01116 -0.01516 0.01483 1.87505e-01 4.27676e-04 -5.7193440835e-01 -3.8400133722e-01
260.000 0.00000 -0.00000 0.00000 0.00000 -0.00000 -0.00000 1.9831e-02 9.1847e-01 -3.2254e-02 -2.5142e-04 4.0830e-01 -4.8170e-05 0.41727 0.44530 0.43956 -0.00967 0.01562 -0.01097 1.87505e-01 4.29052e-04 -5.7193555942e-01 -3.8400140360e-01
262.000 -0.00000 0.00000 0.00000 0.00000 -0.00000 -0.00000 -3.7389e-02 9.1844e-01 -6.4970e-03 -2.5142e-04 4.0830e-01 -4.8170e-05 0.44420 0.44531 0.41262 0.01783 0.00297 0.00253 1.87505e-01 4.30182e-04 -5.7193664380e-01 -3.8400146763e-01
264.000 -0.00000 0.00000 -0.00000 -0.00000 -0.00000 -0.00000 7.7210e-03 9.1847e-01 3.6075e-02 -2.5142e-04 4.0830e-01 -4.8170e-05 0.41396 0.44527 0.44290 -0.00403 -0.01751 0.00714 1.87505e-01 4.30937e-04 -5.7193764003e-01 -3.8400153014e-01
266.000 0.00000 -0.00000 0.00000 -0.00000 -0.00000 -0.00000 2.9769e-02 9.1848e-01 -2.1867e-02 -2.5142e-04 4.0830e-01 -4.8170e-05 0.43606 0.44527 0.42078 -0.01474 0.01042 -0.01409 1.87506e-01 4.31208e-04 -5.7193852783e-01 -3.8400159214e-01
268.000 -0.00000 -0.00000 -0.00000 -0.00000 -0.00000 -0.00000 -3.2865e-02 9.1845e-01 -2.0111e-02 -2.5142e-04 4.0830e-01 -4.8170e-05 0.43028 0.44533 0.42651 0.01546 0.00984 0.01556 1.87507e-01 4.30936e-04 -5.7193928729e-01 -3.8400165479e-01
270.000 0.00000 0.00000 -0.00000 -0.00000 -0.00000 -0.00000 -7.0224e-03 9.1848e-01 3.8406e-02 -2.5142e-04 4.0830e-01 -4.8170e-05 0.41819 0.44534 0.43857 0.00339 -0.01848 -0.01114 1.87508e-01 4.30128e-04 -5.7193989841e-01 -3.8400171938e-01
272.000 0.00000 0.00000 -0.00000 -0.00000 -0.00000 -0.00000 3.8938e-02 9.1851e-01 -8.7280e-03 -2.5142e-04 4.0830e-01 -4.8170e-05 0.44236 0.44537 0.41437 -0.01900 0.00376 0.00297 1.87510e-01 4.28872e-04 -5.7194034135e-01 -3.8400178726e-01
274.000 -0.00000 -0.00000 -0.00000 -0.00000 -0.00000 -0.00000 -2.3867e-02 9.1847e-01 -3.5097e-02 -2.5142e-04 4.0830e-01 -4.8170e-05 0.41619 0.44547 0.44043 0.01075 0.01692 0.00535 1.87511e-01 4.27336e-04 -5.7194059751e-01 -3.8400185978e-01
276.000 0.00000 0.00000 -0.00000 -0.00000 -0.00000 -0.00000 -2.5944e-02 9.1849e-01 3.5535e-02 -2.5142e-04 4.0830e-01 -4.8170e-05 0.43424 0.44553 0.42231 0.01239 -0.01668 -0.01038 1.87513e-01 4.25756e-04 -5.7194065124e-01 -3.8400193813e-01
278.000 0.00000 0.00000 -0.00000 -0.00000 -0.00000 -0.00000 4.3356e-02 9.1853e-01 1.1655e-02 -2.5142e-04 4.0830e-01 -4.8170e-05 0.42953 0.44557 0.42698 -0.02068 -0.00596 0.01044 1.87514e-01 4.24396e-04 -5.7194049220e-01 -3.8400202316e-01
280.000 -0.00000 0.00000 -0.00000 -0.00000 -0.00000 -0.00000 -4.7462e-03 9.1850e-01 -4.6990e-02 -2.5142e-04 4.0830e-01 -4.8170e-05 0.42198 0.44567 0.43443 0.00158 0.02214 -0.00631 1.87515e-01 4.23492e-04 -5.7194011794e-01 -3.8400211516e-01
282.000 0.00000 0.00000 -0.00000 -0.00000 -0.00000 -0.00000 -4.4509e-02 9.1848e-01 2.0279e-02 -2.5142e-04 4.0830e-01 -4.8170e-05 0.43518 0.44575 0.42115 0.02080 -0.00932 0.00069 1.87514e-01 4.23193e-04 -5.7193953626e-01 -3.8400221372e-01
284.000 -0.00000 -0.00000 -0.00000 -0.00000 -0.00000 -0.00000 3.4107e-02 9.1853e-01 3.5223e-02 -2.5142e-04 4.0830e-01 -4.8170e-05 0.42405 0.44576 0.43227 -0.01614 -0.01675 0.00323 1.87513e-01 4.23509e-04 -5.7193876681e-01 -3.8400231766e-01
286.000 0.00000 -0.00000 0.00000 -0.00000 -0.00000 -0.00000 2.1519e-02 9.1850e-01 -4.5164e-02 -2.5142e-04 4.0830e-01 -4.8170e-05 0.42807 0.44581 0.42820 -0.01048 0.02109 -0.00357 1.87511e-01 4.24298e-04 -5.7193784154e-01 -3.8400242513e-01
288.000 -0.00000 0.00000 -0.00000 -0.00000 -0.00000 -0.00000 -5.0635e-02 9.1845e-01 -6.0399e-03 -2.5142e-04 4.0830e-01 -4.8170e-05 0.43071 0.44587 0.42551 0.02348 0.00279 0.00072 1.87509e-01 4.25307e-04 -5.7193680347e-01 -3.8400253389e-01
290.000 0.00000 0.00000 0.00000 -0.00000 -0.00000 -0.00000 1.0389e-02 9.1848e-01 4.8897e-02 -2.5142e-04 4.0830e-01 -4.8170e-05 0.42639 0.44582 0.42989 -0.00526 -0.02297 0.00297 1.87507e-01 4.26244e-04 -5.7193570375e-01 -3.8400264168e-01
292.000 0.00000 0.00000 -0.00000 -0.00000 -0.00000 -0.00000 4.1465e-02 9.1848e-01 -2.6403e-02 -2.5142e-04 4.0830e-01 -4.8170e-05 0.42611 0.44579 0.43021 -0.01964 0.01252 -0.00463 1.87505e-01 4.26872e-04 -5.7193459700e-01 -3.8400274652e-01
294.000 -0.00000 -0.00000 -0.00000 -0.00000 -0.00000 -0.00000 -3.8619e-02 9.1843e-01 -3.0265e-02 -2.5142e-04 4.0830e-01 -4.8170e-05 0.43455 0.44579 0.42178 0.01808 0.01395 0.00254 1.87504e-01 4.27074e-04 -5.7193353572e-01 -3.8400284696e-01
296.000 0.00000 -0.00000 -0.00000 0.00000 -0.00000 -0.00000 -1.5630e-02 9.1845e-01 4.4634e-02 -2.5142e-04 4.0830e-01 -4.8170e-05 0.41996 0.44570 0.43647 0.00674 -0.02122 0.00272 1.87503e-01 4.26872e-04 -5.7193256456e-01 -3.8400294213e-01
298.000 -0.00000 0.00000 -0.00000 -0.00000 -0.00000 -0.00000 4.5058e-02 9.1848e-01 -1.2770e-03 -2.5142e-04 4.0830e-01 -4.8170e-05 0.43404 0.44560 0.42249 -0.02158 0.00096 -0.00859 1.87502e-01 4.26400e-04 -5.7193171569e-01 -3.8400303167e-01
300.000 -0.00000 -0.00000 -0.00000 0.00000 0.00000 -0.00000 -1.6954e-02 9.1843e-01 -4.0880e-02 -2.5142e-04 4.0830e-01 -4.8170e-05 0.42892 0.44557 0.42765 0.00817 0.01920 0.01181 1.87502e-01 4.25840e-04 -5.7193100613e-01 -3.8400311559e-01
302.000 -0.00000 0.00000 -0.00000 -0.00000 0.00000 -0.00000 -3.1579e-02 9.1843e-01 2.8554e-02 -2.5142e-04 4.0830e-01 -4.8170e-05 0.41999 0.44550 0.43666 0.01448 -0.01398 -0.01014 1.87502e-01 4.25356e-04 -5.7193043743e-01 -3.8400319420e-01
304.000 0.00000 -0.00000 -0.00000 -0.00000 0.00000 -0.00000 3.5955e-02 9.1847e-01 1.7668e-02 -2.5142e-04 4.0830e-01 -4.8170e-05 0.44211 0.44539 0.41465 -0.01765 -0.00817 0.00361 1.87502e-01 4.25051e-04 -5.7192999744e-01 -3.8400326798e-01
306.000 -0.00000 0.00000 -0.00000 -0.00000 0.00000 -0.00000 2.2968e-03 9.1844e-01 -3.9216e-02 -2.5142e-04 4.0830e-01 -4.8170e-05 0.41438 0.44537 0.44241 -0.00108 0.01882 0.00536 1.87501e-01 4.24941e-04 -5.7192966354e-01 -3.8400333757e-01
308.000 -0.00000 -0.00000 -0.00000 -0.00000 0.00000 -0.00000 -3.6812e-02 9.1842e-01 1.1677e-02 -2.5142e-04 4.0830e-01 -4.8170e-05 0.43703 0.44534 0.41979 0.01741 -0.00591 -0.01301 1.87501e-01 4.24968e-04 -5.7192940650e-01 -3.8400340374e-01
310.000 0.00000 -0.00000 0.00000 -0.00000 0.00000 -0.00000 2.3750e-02 9.1846e-01 2.8313e-02 -2.5142e-04 4.0830e-01 -4.8170e-05 0.42896 0.44528 0.42792 -0.01186 -0.01366 0.01598 1.87501e-01 4.25017e-04 -5.7192919429e-01 -3.8400346736e-01
312.000 -0.00000 -0.00000 -0.00000 -0.00000 0.00000 -0.00000 1.6132e-02 9.1845e-01 -3.3278e-02 -2.5142e-04 4.0830e-01 -4.8170e-05 0.41871 0.44528 0.43818 -0.00809 0.01605 -0.01285 1.87501e-01 4.24947e-04 -5.7192899551e-01 -3.8400352943e-01
314.000 0.00000 0.00000 -0.00000 -0.00000 0.00000 -0.00000 -3.7806e-02 9.1842e-01 -2.6945e-03 -2.5142e-04 4.0830e-01 -4.8170e-05 0.44369 0.44532 0.41316 0.01800 0.00136 0.00480 1.87501e-01 4.24626e-04 -5.7192878231e-01 -3.8400359106e-01
316.000 0.00000 0.00000 -0.00000 0.00000 0.00000 -0.00000 1.1553e-02 9.1845e-01 3.5881e-02 -2.5142e-04 4.0830e-01 -4.8170e-05 0.41351 0.44531 0.44335 -0.00566 -0.01743 0.00483 1.87501e-01 4.23952e-04 -5.7192853281e-01 -3.8400365341e-01
318.000 -0.00000 -0.00000 -0.00000 0.00000 0.00000 -0.00000 2.8941e-02 9.1846e-01 -2.5642e-02 -2.5142e-04 4.0830e-01 -4.8170e-05 0.43744 0.44534 0.41938 -0.01440 0.01204 -0.01213 1.87502e-01 4.22884e-04 -5.7192823317e-01 -3.8400371771e-01
320.000 0.00000 -0.00000 -0.00000 0.00000 0.00000 -0.00000 -3.6460e-02 9.1843e-01 -1.8627e-02 -2.5142e-04 4.0830e-01 -4.8170e-05 0.42810 0.44543 0.42863 0.01701 0.00921 0.01430 1.87503e-01 4.21450e-04 -5.7192787932e-01 -3.8400378514e-01
322.000 -0.00000 -0.00000 -0.00000 0.00000 0.00000 -0.00000 -4.8962e-03 9.1846e-01 4.1653e-02 -2.5142e-04 4.0830e-01 -4.8170e-05 0.42076 0.44547 0.43593 0.00246 -0.01988 -0.01089 1.87504e-01 4.19758e-04 -5.7192747825e-01 -3.8400385679e-01
324.000 -0.00000 -0.00000 -0.00000 0.00000 0.00000 -0.00000 4.1647e-02 9.1849e-01 -1.1405e-02 -2.5142e-04 4.0830e-01 -4.8170e-05 0.43970 0.44551 0.41695 -0.02016 0.00495 0.00391 1.87505e-01 4.17982e-04 -5.7192704851e-01 -3.8400393350e-01
326.000 0.00000 0.00000 0.00000 0.00000 0.00000 -0.00000 -2.6907e-02 9.1845e-01 -3.7100e-02 -2.5142e-04 4.0830e-01 -4.8170e-05 0.41822 0.44563 0.43831 0.01211 0.01775 0.00321 1.87506e-01 4.16339e-04 -5.7192661966e-01 -3.8400401576e-01
328.000 0.00000 -0.00000 0.00000 0.00000 0.00000 -0.00000 -2.7156e-02 9.1846e-01 3.8664e-02 -2.5142e-04 4.0830e-01 -4.8170e-05 0.43325 0.44569 0.42321 0.01284 -0.01808 -0.00732 1.87507e-01 4.15045e-04 -5.7192623003e-01 -3.8400410355e-01
330.000 0.00000 0.00000 -0.00000 0.00000 0.00000 -0.00000 4.6260e-02 9.1850e-01 1.2124e-02 -2.5142e-04 4.0830e-01 -4.8170e-05 0.42886 0.44572 0.42757 -0.02197 -0.00605 0.00708 1.87507e-01 4.14272e-04 -5.7192592307e-01 -3.8400419631e-01
332.000 0.00000 0.00000 -0.00000 0.00000 0.00000 -0.00000 -4.8240e-03 9.1846e-01 -4.9393e-02 -2.5142e-04 4.0830e-01 -4.8170e-05 0.42423 0.44580 0.43211 0.00177 0.02317 -0.00350 1.87507e-01 4.14102e-04 -5.7192574216e-01 -3.8400429291e-01
334.000 0.00000 0.00000 0.00000 0.00000 0.00000 -0.00000 -4.6254e-02 9.1844e-01 2.0585e-02 -2.5142e-04 4.0830e-01 -4.8170e-05 0.43165 0.44586 0.42465 0.02148 -0.00961 -0.00070 1.87507e-01 4.14508e-04 -5.7192572509e-01 -3.8400439184e-01
336.000 -0.00000 0.00000 0.00000 0.00000 0.00000 -0.00000 3.4277e-02 9.1849e-01 3.6326e-02 -2.5142e-04 4.0830e-01 -4.8170e-05 0.42790 0.44582 0.42842 -0.01635 -0.01710 0.00269 1.87506e-01 4.15375e-04 -5.7192589903e-01 -3.8400449142e-01
338.000 -0.00000 0.00000 0.00000 0.00000 0.00000 -0.00000 2.2179e-02 9.1847e-01 -4.4886e-02 -2.5142e-04 4.0830e-01 -4.8170e-05 0.42499 0.44583 0.43133 -0.01059 0.02105 -0.00117 1.87505e-01 4.16536e-04 -5.7192627714e-01 -3.8400459004e-01
340.000 -0.00000 0.00000 -0.00000 0.00000 0.00000 -0.00000 -4.9739e-02 9.1843e-01 -6.5890e-03 -2.5142e-04 4.0830e-01 -4.8170e-05 0.43223 0.44584 0.42408 0.02311 0.00283 -0.00288 1.87504e-01 4.17831e-04 -5.7192685751e-01 -3.8400468640e-01
342.000 0.00000 -0.00000 -0.00000 0.00000 0.00000 -0.00000 9.5800e-03 9.1847e-01 4.7405e-02 -2.5142e-04 4.0830e-01 -4.8170e-05 0.42694 0.44575 0.42946 -0.00507 -0.02229 0.00673 1.87504e-01 4.19154e-04 -5.7192762436e-01 -3.8400477955e-01
344.000 0.00000 0.00000 -0.00000 0.00000 0.00000 -0.00000 3.9578e-02 9.1847e-01 -2.5026e-02 -2.5142e-04 4.0830e-01 -4.8170e-05 0.42402 0.44568 0.43245 -0.01875 0.01206 -0.00753 1.87503e-01 4.20465e-04 -5.7192855093e-01 -3.8400486891e-01
346.000 0.00000 0.00000 0.00000 0.00000 0.00000 -0.00000 -3.6508e-02 9.1843e-01 -2.8302e-02 -2.5142e-04 4.0830e-01 -4.8170e-05 0.43774 0.44565 0.41875 0.01725 0.01301 0.00396 1.87503e-01 4.21782e-04 -5.7192960337e-01 -3.8400495419e-01
348.000 -0.00000 0.00000 0.00000 0.00000 0.00000 -0.00000 -1.3934e-02 9.1845e-01 4.1794e-02 -2.5142e-04 4.0830e-01 -4.8170e-05 0.41685 0.44556 0.43974 0.00592 -0.02002 0.00291 1.87503e-01 4.23144e-04 -5.7193074457e-01 -3.8400503532e-01
350.000 0.00000 -0.00000 -0.00000 0.00000 0.00000 -0.00000 4.1639e-02 9.1847e-01 -2.4218e-03 -2.5142e-04 4.0830e-01 -4.8170e-05 0.43668 0.44546 0.42001 -0.02010 0.00151 -0.01010 1.87502e-01 4.24579e-04 -5.7193193748e-01 -3.8400511235e-01
352.000 -0.00000 -0.00000 -0.00000 0.00000 0.00000 -0.00000 -1.7376e-02 9.1843e-01 -3.7118e-02 -2.5142e-04 4.0830e-01 -4.8170e-05 0.42747 0.44543 0.42924 0.00838 0.01756 0.01412 1.87502e-01 4.26074e-04 -5.7193314739e-01 -3.8400518550e-01
354.000 -0.00000 -0.00000 0.00000 -0.00000 0.00000 -0.00000 -2.7728e-02 9.1843e-01 2.8203e-02 -2.5142e-04 4.0830e-01 -4.8170e-05 0.42040 0.44538 0.43636 0.01281 -0.01384 -0.01270 1.87502e-01 4.27565e-04 -5.7193434319e-01 -3.8400525509e-01
356.000 0.00000 -0.00000 0.00000 0.00000 0.00000 -0.00000 3.4877e-02 9.1847e-01 1.3939e-02 -2.5142e-04 4.0830e-01 -4.8170e-05 0.44286 0.44530 0.41398 -0.01718 -0.00656 0.00596 1.87501e-01 4.28950e-04 -5.7193549757e-01 -3.8400532163e-01
358.000 -0.00000 0.00000 -0.00000 0.00000 0.00000 -0.00000 -1.1632e-03 9.1844e-01 -3.7506e-02 -2.5142e-04 4.0830e-01 -4.8170e-05 0.41284 0.44530 0.44399 0.00040 0.01808 0.00358 1.87501e-01 4.30098e-04 -5.7193658659e-01 -3.8400538577e-01
360.000 -0.00000 -0.00000 -0.00000 0.00000 0.00000 -0.00000 -3.4570e-02 9.1842e-01 1.4784e-02 -2.5142e-04 4.0830e-01 -4.8170e-05 0.43912 0.44530 0.41770 0.01645 -0.00723 -0.01204 1.87501e-01 4.30878e-04 -5.7193758864e-01 -3.8400544834e-01
362.000 -0.00000 0.00000 0.00000 0.00000 0.00000 -0.00000 2.6455e-02 9.1846e-01 2.5616e-02 -2.5142e-04 4.0830e-01 -4.8170e-05 0.42666 0.44527 0.43019 -0.01301 -0.01251 0.01594 1.87502e-01 4.31179e-04 -5.7193848339e-01 -3.8400551033e-01
364.000 -0.00000 -0.00000 0.00000 0.00000 0.00000 -0.00000 1.3031e-02 9.1845e-01 -3.5531e-02 -2.5142e-04 4.0830e-01 -4.8170e-05 0.42079 0.44531 0.43601 -0.00678 0.01701 -0.01374 1.87503e-01 4.30939e-04 -5.7193925091e-01 -3.8400557291e-01
366.000 -0.00000 -0.00000 0.00000 0.00000 0.00000 -0.00000 -3.9537e-02 9.1843e-01 7.6000e-04 -2.5142e-04 4.0830e-01 -4.8170e-05 0.44202 0.44537 0.41471 0.01875 -0.00011 0.00652 1.87504e-01 4.30161e-04 -5.7193987118e-01 -3.8400563734e-01
368.000 -0.00000 -0.00000 -0.00000 0.00000 0.00000 -0.00000 1.5282e-02 9.1848e-01 3.6995e-02 -2.5142e-04 4.0830e-01 -4.8170e-05 0.41424 0.44538 0.44248 -0.00727 -0.01792 0.00252 1.87506e-01 4.28927e-04 -5.7194032435e-01 -3.8400570499e-01
370.000 0.00000 -0.00000 0.00000 0.00000 0.00000 -0.00000 2.9343e-02 9.1849e-01 -2.9510e-02 -2.5142e-04 4.0830e-01 -4.8170e-05 0.43760 0.44544 0.41905 -0.01456 0.01372 -0.00957 1.87507e-01 4.27402e-04 -5.7194059170e-01 -3.8400577720e-01
372.000 0.00000 -0.00000 0.00000 0.00000 0.00000 -0.00000 -4.0264e-02 9.1845e-01 -1.8265e-02 -2.5142e-04 4.0830e-01 -4.8170e-05 0.42660 0.44555 0.42993 0.01867 0.00902 0.01194 1.87509e-01 4.25819e-04 -5.7194065735e-01 -3.8400585518e-01
374.000 -0.00000 0.00000 -0.00000 0.00000 0.00000 -0.00000 -3.8067e-03 9.1849e-01 4.5147e-02 -2.5142e-04 4.0830e-01 -4.8170e-05 0.42312 0.44560 0.43336 0.00194 -0.02139 -0.00927 1.87510e-01 4.24441e-04 -5.7194051059e-01 -3.8400593980e-01
376.000 -0.00000 -0.00000 0.00000 0.00000 0.00000 -0.00000 4.4590e-02 9.1851e-01 -1.3067e-02 -2.5142e-04 4.0830e-01 -4.8170e-05 0.43644 0.44565 0.41999 -0.02141 0.00575 0.00355 1.87511e-01 4.23507e-04 -5.7194014849e-01 -3.8400603139e-01
378.000 -0.00000 0.00000 -0.00000 -0.00000 0.00000 -0.00000 -2.8873e-02 9.1846e-01 -3.9328e-02 -2.5142e-04 4.0830e-01 -4.8170e-05 0.42128 0.44576 0.43505 0.01305 0.01864 0.00198 1.87510e-01 4.23173e-04 -5.7193957820e-01 -3.8400612958e-01
380.000 0.00000 -0.00000 -0.00000 0.00000 0.00000 -0.00000 -2.8643e-02 9.1847e-01 4.0595e-02 -2.5142e-04 4.0830e-01 -4.8170e-05 0.43084 0.44580 0.42544 0.01336 -0.01900 -0.00457 1.87509e-01 4.23457e-04 -5.7193881869e-01 -3.8400623323e-01
382.000 0.00000 0.00000 0.00000 0.00000 0.00000 -0.00000 4.7834e-02 9.1850e-01 1.3009e-02 -2.5142e-04 4.0830e-01 -4.8170e-05 0.42951 0.44580 0.42678 -0.02269 -0.00627 0.00339 1.87507e-01 4.24225e-04 -5.7193790125e-01 -3.8400634053e-01
384.000 0.00000 -0.00000 0.00000 0.00000 0.00000 -0.00000 -4.2523e-03 9.1845e-01 -5.0386e-02 -2.5142e-04 4.0830e-01 -4.8170e-05 0.42541 0.44586 0.43083 0.00171 0.02358 0.00017 1.87505e-01 4.25229e-04 -5.7193686833e-01 -3.8400644925e-01
386.000 0.00000 0.00000 0.00000 0.00000 0.00000 -0.00000 -4.6615e-02 9.1843e-01 1.9961e-02 -2.5142e-04 4.0830e-01 -4.8170e-05 0.42869 0.44587 0.42754 0.02156 -0.00951 -0.00330 1.87503e-01 4.26177e-04 -5.7193577071e-01 -3.8400655712e-01
388.000 0.00000 -0.00000 0.00000 0.00000 0.00000 -0.00000 3.3258e-02 9.1847e-01 3.6197e-02 -2.5142e-04 4.0830e-01 -4.8170e-05 0.43170 0.44580 0.42462 -0.01604 -0.01691 0.00349 1.87501e-01 4.26826e-04 -5.7193466299e-01 -3.8400666214e-01
390.000 -0.00000 -0.00000 -0.00000 0.00000 0.00000 -0.00000 2.1856e-02 9.1844e-01 -4.3245e-02 -2.5142e-04 4.0830e-01 -4.8170e-05 0.42140 0.44577 0.43495 -0.01030 0.02043 -0.00001 1.87500e-01 4.27052e-04 -5.7193359794e-01 -3.8400676283e-01
392.000 0.00000 0.00000 0.00000 -0.00000 0.00000 -0.00000 -4.7428e-02 9.1840e-01 -6.4356e-03 -2.5142e-04 4.0830e-01 -4.8170e-05 0.43474 0.44574 0.42164 0.02214 0.00262 -0.00553 1.87499e-01 4.26871e-04 -5.7193262076e-01 -3.8400685828e-01
394.000 -0.00000 -0.00000 0.00000 0.00000 0.00000 -0.00000 9.2290e-03 9.1844e-01 4.4557e-02 -2.5142e-04 4.0830e-01 -4.8170e-05 0.42614 0.44563 0.43036 -0.00504 -0.02103 0.01005 1.87498e-01 4.26409e-04 -5.7193176442e-01 -3.8400694811e-01
396.000 0.00000 0.00000 -0.00000 0.00000 0.00000 -0.00000 3.6457e-02 9.1845e-01 -2.3948e-02 -2.5142e-04 4.0830e-01 -4.8170e-05 0.42332 0.44555 0.43327 -0.01735 0.01167 -0.01065 1.87498e-01 4.25849e-04 -5.7193104682e-01 -3.8400703232e-01
398.000 -0.00000 -0.00000 -0.00000 -0.00000 0.00000 -0.00000 -3.4629e-02 9.1840e-01 -2.5222e-02 -2.5142e-04 4.0830e-01 -4.8170e-05 0.43976 0.44552 0.41686 0.01648 0.01163 0.00623 1.87498e-01 4.25357e-04 -5.7193047033e-01 -3.8400711119e-01
400.000 -0.00000 -0.00000 -0.00000 -0.00000 0.00000 -0.00000 -1.1184e-02 9.1842e-01 3.9182e-02 -2.5142e-04 4.0830e-01 -4.8170e-05 0.41435 0.44543 0.44237 0.00469 -0.01890 0.00182 1.87498e-01 4.25040e-04 -5.7193002351e-01 -3.8400718521e-01
