# t x y z vx vy vz omx omy omz llx lly llz Ixx Iyy Izz Ixy Iyz Ixz KErot PEspr PEgrav Etot
0.000 -0.00000 0.00000 -0.00000 0.00000 0.00000 0.00000 3.2701e-02 9.2026e-01 -4.5232e-02 -2.4692e-04 4.0494e-01 1.5216e-06 0.42921 0.44162 0.43113 -0.01548 0.02116 0.00085 1.86323e-01 2.57555e-29 -5.7197819662e-01 -3.8565486316e-01
2.000 0.00000 0.00000 -0.00000 0.00000 0.00000 -0.00000 -5.2741e-02 9.1859e-01 -1.7777e-02 -2.4692e-04 4.0494e-01 1.5216e-06 0.43112 0.44239 0.42648 0.02442 0.00806 -0.00342 1.86004e-01 3.68749e-04 -5.7242581404e-01 -3.8605282584e-01
4.004 -0.00000 -0.00000 -0.00000 -0.00000 0.00000 -0.00000 -1.4780e-03 9.1831e-01 5.3892e-02 -2.4692e-04 4.0494e-01 1.5216e-06 0.42841 0.44245 0.42918 0.00001 -0.02517 0.00700 1.85932e-01 4.25351e-04 -5.7242173927e-01 -3.8606447812e-01
6.004 -0.00000 0.00000 -0.00000 -0.00000 0.00000 -0.00000 4.9219e-02 9.1837e-01 -1.5017e-02 -2.4692e-04 4.0494e-01 1.5216e-06 0.42425 0.44230 0.43349 -0.02314 0.00754 -0.00848 1.85938e-01 4.19215e-04 -5.7242188254e-01 -3.8606508503e-01
8.004 0.00000 -0.00000 0.00000 0.00000 0.00000 -0.00000 -2.8865e-02 9.1834e-01 -4.0755e-02 -2.4692e-04 4.0494e-01 1.5216e-06 0.43948 0.44222 0.41834 0.01380 0.01875 0.00585 1.85941e-01 4.15797e-04 -5.7242172792e-01 -3.8606522496e-01
10.000 -0.00000 0.00000 -0.00000 -0.00000 0.00000 -0.00000 -2.8904e-02 9.1833e-01 3.7403e-02 -2.4692e-04 4.0494e-01 1.5216e-06 0.41472 0.44209 0.44324 0.01275 -0.01803 0.00079 1.85940e-01 4.15890e-04 -5.7242126767e-01 -3.8606534990e-01
12.000 -0.00000 0.00000 -0.00000 -0.00000 0.00000 -0.00000 4.1204e-02 9.1837e-01 1.3973e-02 -2.4692e-04 4.0494e-01 1.5216e-06 0.44220 0.44192 0.41593 -0.01997 -0.00590 -0.00945 1.85939e-01 4.16522e-04 -5.7242069101e-01 -3.8606546439e-01
14.000 -0.00000 -0.00000 0.00000 0.00000 0.00000 -0.00000 -1.0276e-03 9.1834e-01 -4.1099e-02 -2.4692e-04 4.0494e-01 1.5216e-06 0.42258 0.44183 0.43566 0.00094 0.01952 0.01654 1.85937e-01 4.17232e-04 -5.7242010342e-01 -3.8606556590e-01
16.000 -0.00000 0.00000 0.00000 0.00000 0.00000 -0.00000 -3.6428e-02 9.1831e-01 1.3333e-02 -2.4692e-04 4.0494e-01 1.5216e-06 0.42545 0.44174 0.43289 0.01688 -0.00703 -0.01877 1.85936e-01 4.18070e-04 -5.7241954586e-01 -3.8606565550e-01
18.000 -0.00000 0.00000 -0.00000 0.00000 0.00000 -0.00000 2.2738e-02 9.1834e-01 2.6984e-02 -2.4692e-04 4.0494e-01 1.5216e-06 0.44326 0.44161 0.41521 -0.01167 -0.01256 0.01457 1.85934e-01 4.19038e-04 -5.7241905782e-01 -3.8606573464e-01
20.004 0.00000 0.00000 -0.00000 -0.00000 0.00000 -0.00000 1.4994e-02 9.1832e-01 -2.9522e-02 -2.4692e-04 4.0494e-01 1.5216e-06 0.40876 0.44154 0.44979 -0.00709 0.01454 -0.00472 1.85933e-01 4.20084e-04 -5.7241866338e-01 -3.8606580522e-01
22.004 0.00000 0.00000 -0.00000 -0.00000 0.00000 -0.00000 -3.1959e-02 9.1829e-01 -3.1953e-03 -2.4692e-04 4.0494e-01 1.5216e-06 0.44966 0.44152 0.40892 0.01535 0.00117 -0.00734 1.85931e-01 4.21111e-04 -5.7241837786e-01 -3.8606586890e-01
24.004 0.00000 0.00000 0.00000 -0.00000 0.00000 -0.00000 8.2171e-03 9.1831e-01 2.9017e-02 -2.4692e-04 4.0494e-01 1.5216e-06 0.41591 0.44146 0.44273 -0.00454 -0.01414 0.01751 1.85930e-01 4.22016e-04 -5.7241820514e-01 -3.8606592789e-01
26.004 -0.00000 0.00000 -0.00000 0.00000 0.00000 -0.00000 2.2210e-02 9.1831e-01 -1.9068e-02 -2.4692e-04 4.0494e-01 1.5216e-06 0.43117 0.44143 0.42749 -0.01116 0.00941 -0.02216 1.85929e-01 4.22686e-04 -5.7241814305e-01 -3.8606598427e-01
28.004 0.00000 0.00000 -0.00000 0.00000 0.00000 0.00000 -2.7137e-02 9.1828e-01 -1.3414e-02 -2.4692e-04 4.0494e-01 1.5216e-06 0.43974 0.44146 0.41890 0.01301 0.00670 0.01961 1.85929e-01 4.23015e-04 -5.7241818392e-01 -3.8606604014e-01
30.004 -0.00000 -0.00000 0.00000 0.00000 0.00000 0.00000 -2.5491e-03 9.1830e-01 3.0457e-02 -2.4692e-04 4.0494e-01 1.5216e-06 0.41013 0.44147 0.44849 0.00123 -0.01490 -0.01074 1.85929e-01 4.22905e-04 -5.7241831526e-01 -3.8606609756e-01
32.004 0.00000 0.00000 0.00000 0.00000 0.00000 0.00000 2.9634e-02 9.1832e-01 -1.0269e-02 -2.4692e-04 4.0494e-01 1.5216e-06 0.45082 0.44149 0.40778 -0.01483 0.00460 -0.00130 1.85930e-01 4.22280e-04 -5.7241851990e-01 -3.8606615860e-01
34.004 0.00000 0.00000 0.00000 0.00000 0.00000 0.00000 -2.2565e-02 9.1829e-01 -2.5670e-02 -2.4692e-04 4.0494e-01 1.5216e-06 0.41237 0.44158 0.44613 0.01021 0.01278 0.01233 1.85931e-01 4.21095e-04 -5.7241877578e-01 -3.8606622526e-01
36.004 0.00000 -0.00000 0.00000 0.00000 0.00000 0.00000 -1.7751e-02 9.1831e-01 3.1832e-02 -2.4692e-04 4.0494e-01 1.5216e-06 0.43642 0.44166 0.42201 0.00881 -0.01499 -0.01866 1.85933e-01 4.19358e-04 -5.7241905544e-01 -3.8606629950e-01
38.000 0.00000 0.00000 0.00000 0.00000 0.00000 0.00000 3.7884e-02 9.1835e-01 5.6285e-03 -2.4692e-04 4.0494e-01 1.5216e-06 0.43284 0.44172 0.42552 -0.01824 -0.00337 0.01852 1.85936e-01 4.17153e-04 -5.7241932527e-01 -3.8606638297e-01
40.000 -0.00000 -0.00000 -0.00000 0.00000 0.00000 0.00000 -8.7151e-03 9.1834e-01 -4.0926e-02 -2.4692e-04 4.0494e-01 1.5216e-06 0.41701 0.44185 0.44121 0.00313 0.01954 -0.01261 1.85938e-01 4.14636e-04 -5.7241954791e-01 -3.8606647758e-01
42.000 -0.00000 -0.00000 0.00000 0.00000 0.00000 0.00000 -3.9141e-02 9.1830e-01 2.2533e-02 -2.4692e-04 4.0494e-01 1.5216e-06 0.44438 0.44201 0.41371 0.01858 -0.00999 0.00369 1.85934e-01 4.10817e-04 -5.7241181130e-01 -3.8606656119e-01
44.000 0.00000 0.00000 -0.00000 0.00000 0.00000 0.00000 3.5231e-02 9.1835e-01 3.1302e-02 -2.4692e-04 4.0494e-01 1.5216e-06 0.41595 0.44209 0.44205 -0.01638 -0.01524 0.00452 1.85936e-01 4.09260e-04 -5.7241164874e-01 -3.8606658968e-01
46.000 -0.00000 0.00000 -0.00000 0.00000 0.00000 0.00000 1.9040e-02 9.1835e-01 -4.6204e-02 -2.4692e-04 4.0494e-01 1.5216e-06 0.43614 0.44223 0.42173 -0.00977 0.02141 -0.00908 1.85937e-01 4.08108e-04 -5.7241210413e-01 -3.8606661603e-01
48.000 -0.00000 -0.00000 0.00000 0.00000 0.00000 0.00000 -5.2825e-02 9.1831e-01 -4.6425e-03 -2.4692e-04 4.0494e-01 1.5216e-06 0.42785 0.44238 0.42985 0.02439 0.00269 0.00902 1.85938e-01 4.07070e-04 -5.7241163484e-01 -3.8606664542e-01
50.000 -0.00000 0.00000 -0.00000 0.00000 0.00000 0.00000 1.1302e-02 9.1834e-01 5.2937e-02 -2.4692e-04 4.0494e-01 1.5216e-06 0.42610 0.44244 0.43154 -0.00518 -0.02480 -0.00574 1.85938e-01 4.06699e-04 -5.7241094627e-01 -3.8606667634e-01
52.000 0.00000 0.00000 -0.00000 0.00000 0.00000 0.00000 4.7321e-02 9.1836e-01 -2.7881e-02 -2.4692e-04 4.0494e-01 1.5216e-06 0.43166 0.44249 0.42593 -0.02245 0.01283 0.00203 1.85936e-01 4.07020e-04 -5.7241009347e-01 -3.8606670847e-01
54.000 -0.00000 0.00000 -0.00000 0.00000 0.00000 0.00000 -4.1917e-02 9.1830e-01 -3.7579e-02 -2.4692e-04 4.0494e-01 1.5216e-06 0.42820 0.44257 0.42932 0.01926 0.01755 -0.00047 1.85934e-01 4.07773e-04 -5.7240901351e-01 -3.8606674144e-01
56.000 -0.00000 -0.00000 -0.00000 0.00000 0.00000 0.00000 -2.3847e-02 9.1830e-01 5.0530e-02 -2.4692e-04 4.0494e-01 1.5216e-06 0.42715 0.44255 0.43039 0.01072 -0.02363 0.00196 1.85932e-01 4.08575e-04 -5.7240777529e-01 -3.8606677457e-01
58.000 -0.00000 -0.00000 -0.00000 0.00000 0.00000 0.00000 5.3698e-02 9.1834e-01 6.8329e-03 -2.4692e-04 4.0494e-01 1.5216e-06 0.43005 0.44246 0.42759 -0.02538 -0.00287 -0.00527 1.85931e-01 4.08961e-04 -5.7240642807e-01 -3.8606680699e-01
60.000 0.00000 -0.00000 -0.00000 0.00000 0.00000 0.00000 -1.0244e-02 9.1829e-01 -5.2205e-02 -2.4692e-04 4.0494e-01 1.5216e-06 0.43139 0.44241 0.42630 0.00498 0.02432 0.00774 1.85929e-01 4.08776e-04 -5.7240506521e-01 -3.8606683809e-01
62.000 0.00000 0.00000 -0.00000 0.00000 0.00000 0.00000 -4.5417e-02 9.1827e-01 2.4222e-02 -2.4692e-04 4.0494e-01 1.5216e-06 0.42063 0.44232 0.43716 0.02072 -0.01187 -0.00685 1.85929e-01 4.08095e-04 -5.7240377044e-01 -3.8606686730e-01
64.000 0.00000 -0.00000 0.00000 0.00000 0.00000 0.00000 3.4565e-02 9.1831e-01 3.3373e-02 -2.4692e-04 4.0494e-01 1.5216e-06 0.44195 0.44215 0.41603 -0.01696 -0.01518 0.00167 1.85929e-01 4.07188e-04 -5.7240260620e-01 -3.8606689423e-01
66.000 -0.00000 -0.00000 0.00000 0.00000 0.00000 -0.00000 1.8807e-02 9.1830e-01 -4.1338e-02 -2.4692e-04 4.0494e-01 1.5216e-06 0.41540 0.44203 0.44271 -0.00849 0.01980 0.00644 1.85928e-01 4.06355e-04 -5.7240161643e-01 -3.8606691868e-01
68.000 -0.00000 0.00000 -0.00000 0.00000 0.00000 0.00000 -4.3040e-02 9.1826e-01 -4.6480e-03 -2.4692e-04 4.0494e-01 1.5216e-06 0.43805 0.44194 0.42016 0.02019 0.00146 -0.01431 1.85928e-01 4.05871e-04 -5.7240083229e-01 -3.8606694058e-01
70.000 -0.00000 -0.00000 0.00000 0.00000 0.00000 -0.00000 8.4868e-03 9.1829e-01 3.8794e-02 -2.4692e-04 4.0494e-01 1.5216e-06 0.42939 0.44179 0.42897 -0.00501 -0.01829 0.01839 1.85927e-01 4.05878e-04 -5.7240025566e-01 -3.8606696002e-01
72.000 0.00000 -0.00000 0.00000 0.00000 0.00000 0.00000 3.0489e-02 9.1830e-01 -2.0264e-02 -2.4692e-04 4.0494e-01 1.5216e-06 0.41847 0.44168 0.44002 -0.01452 0.01026 -0.01638 1.85927e-01 4.06399e-04 -5.7239987883e-01 -3.8606697721e-01
74.000 -0.00000 0.00000 0.00000 0.00000 0.00000 0.00000 -2.8505e-02 9.1826e-01 -2.0402e-02 -2.4692e-04 4.0494e-01 1.5216e-06 0.44808 0.44163 0.41046 0.01383 0.00938 0.00833 1.85925e-01 4.07368e-04 -5.7239968385e-01 -3.8606699244e-01
76.000 0.00000 -0.00000 -0.00000 0.00000 0.00000 0.00000 -8.7750e-03 9.1827e-01 3.1468e-02 -2.4692e-04 4.0494e-01 1.5216e-06 0.40825 0.44155 0.45038 0.00352 -0.01540 0.00328 1.85924e-01 4.08654e-04 -5.7239964871e-01 -3.8606700607e-01
78.004 -0.00000 -0.00000 -0.00000 0.00000 0.00000 0.00000 3.0088e-02 9.1828e-01 -4.2191e-03 -2.4692e-04 4.0494e-01 1.5216e-06 0.44558 0.44148 0.41311 -0.01494 0.00238 -0.01460 1.85923e-01 4.10111e-04 -5.7239975241e-01 -3.8606701854e-01
80.004 0.00000 0.00000 -0.00000 0.00000 0.00000 0.00000 -1.5855e-02 9.1825e-01 -2.5751e-02 -2.4692e-04 4.0494e-01 1.5216e-06 0.42350 0.44148 0.43519 0.00764 0.01257 0.02133 1.85921e-01 4.11580e-04 -5.7239997808e-01 -3.8606703024e-01
82.004 -0.00000 -0.00000 0.00000 0.00000 0.00000 0.00000 -1.8014e-02 9.1824e-01 2.3947e-02 -2.4692e-04 4.0494e-01 1.5216e-06 0.42269 0.44147 0.43600 0.00858 -0.01178 -0.02120 1.85920e-01 4.12924e-04 -5.7240031310e-01 -3.8606704162e-01
84.004 0.00000 -0.00000 -0.00000 0.00000 0.00000 0.00000 2.8672e-02 9.1827e-01 6.6954e-03 -2.4692e-04 4.0494e-01 1.5216e-06 0.44634 0.44146 0.41237 -0.01431 -0.00345 0.01418 1.85920e-01 4.14019e-04 -5.7240075161e-01 -3.8606705312e-01
86.004 0.00000 -0.00000 -0.00000 0.00000 0.00000 0.00000 -5.9168e-03 9.1825e-01 -3.0535e-02 -2.4692e-04 4.0494e-01 1.5216e-06 0.40769 0.44151 0.45096 0.00227 0.01498 -0.00273 1.85919e-01 4.14764e-04 -5.7240129271e-01 -3.8606706520e-01
88.004 0.00000 0.00000 0.00000 0.00000 0.00000 0.00000 -2.8166e-02 9.1823e-01 1.7372e-02 -2.4692e-04 4.0494e-01 1.5216e-06 0.44848 0.44157 0.41010 0.01366 -0.00804 -0.00918 1.85920e-01 4.15083e-04 -5.7240193993e-01 -3.8606707828e-01
90.004 0.00000 -0.00000 -0.00000 0.00000 0.00000 0.00000 2.7411e-02 9.1827e-01 2.0587e-02 -2.4692e-04 4.0494e-01 1.5216e-06 0.41848 0.44161 0.44006 -0.01315 -0.01039 0.01747 1.85921e-01 4.14935e-04 -5.7240269955e-01 -3.8606709280e-01
92.004 -0.00000 -0.00000 0.00000 0.00000 0.00000 0.00000 9.4864e-03 9.1827e-01 -3.5848e-02 -2.4692e-04 4.0494e-01 1.5216e-06 0.42889 0.44171 0.42954 -0.00546 0.01697 -0.01955 1.85922e-01 4.14324e-04 -5.7240357833e-01 -3.8606710918e-01
94.004 0.00000 0.00000 -0.00000 0.00000 0.00000 0.00000 -4.0456e-02 9.1825e-01 3.0143e-03 -2.4692e-04 4.0494e-01 1.5216e-06 0.43927 0.44184 0.41902 0.01903 -0.00070 0.01523 1.85924e-01 4.13312e-04 -5.7240458014e-01 -3.8606712778e-01
96.004 0.00000 0.00000 0.00000 -0.00000 0.00000 0.00000 1.6663e-02 9.1829e-01 3.9327e-02 -2.4692e-04 4.0494e-01 1.5216e-06 0.41374 0.44192 0.44446 -0.00749 -0.01891 -0.00673 1.85927e-01 4.12023e-04 -5.7240570250e-01 -3.8606714890e-01
98.004 -0.00000 0.00000 0.00000 0.00000 0.00000 0.00000 3.3271e-02 9.1832e-01 -3.0956e-02 -2.4692e-04 4.0494e-01 1.5216e-06 0.44385 0.44203 0.41424 -0.01643 0.01405 -0.00234 1.85929e-01 4.10650e-04 -5.7240693211e-01 -3.8606717270e-01
100.004 -0.00000 0.00000 -0.00000 0.00000 0.00000 0.00000 -4.3051e-02 9.1828e-01 -2.3696e-02 -2.4692e-04 4.0494e-01 1.5216e-06 0.41928 0.44220 0.43862 0.01961 0.01172 0.00853 1.85932e-01 4.09426e-04 -5.7240824093e-01 -3.8606719919e-01
102.004 0.00000 -0.00000 0.00000 0.00000 0.00000 0.00000 -1.0402e-02 9.1831e-01 5.0214e-02 -2.4692e-04 4.0494e-01 1.5216e-06 0.43182 0.44230 0.42596 0.00518 -0.02341 -0.01012 1.85934e-01 4.08592e-04 -5.7240958366e-01 -3.8606722820e-01
104.004 -0.00000 -0.00000 0.00000 -0.00000 0.00000 0.00000 5.2330e-02 9.1836e-01 -6.2338e-03 -2.4692e-04 4.0494e-01 1.5216e-06 0.43104 0.44237 0.42666 -0.02478 0.00246 0.00765 1.85935e-01 4.08324e-04 -5.7241089829e-01 -3.8606725935e-01
106.004 0.00000 -0.00000 0.00000 -0.00000 0.00000 0.00000 -2.3174e-02 9.1832e-01 -4.9910e-02 -2.4692e-04 4.0494e-01 1.5216e-06 0.42501 0.44249 0.43257 0.01026 0.02342 -0.00356 1.85936e-01 4.08683e-04 -5.7241211088e-01 -3.8606729209e-01
108.004 0.00000 -0.00000 0.00000 -0.00000 0.00000 0.00000 -4.1997e-02 9.1831e-01 3.7210e-02 -2.4692e-04 4.0494e-01 1.5216e-06 0.43092 0.44256 0.42658 0.01941 -0.01725 0.00069 1.85936e-01 4.09585e-04 -5.7241314524e-01 -3.8606732575e-01
110.004 -0.00000 -0.00000 0.00000 -0.00000 0.00000 0.00000 4.7547e-02 9.1836e-01 2.8422e-02 -2.4692e-04 4.0494e-01 1.5216e-06 0.42921 0.44252 0.42834 -0.02247 -0.01321 -0.00079 1.85936e-01 4.10821e-04 -5.7241393555e-01 -3.8606735960e-01
112.004 0.00000 0.00000 0.00000 -0.00000 0.00000 0.00000 1.1933e-02 9.1833e-01 -5.3906e-02 -2.4692e-04 4.0494e-01 1.5216e-06 0.42743 0.44251 0.43012 -0.00562 0.02520 0.00348 1.85935e-01 4.12134e-04 -5.7241443902e-01 -3.8606739293e-01
114.004 -0.00000 0.00000 0.00000 -0.00000 0.00000 0.00000 -5.4509e-02 9.1829e-01 4.3011e-03 -2.4692e-04 4.0494e-01 1.5216e-06 0.42779 0.44248 0.42979 0.02516 -0.00240 -0.00652 1.85934e-01 4.13311e-04 -5.7241464432e-01 -3.8606742509e-01
116.004 0.00000 0.00000 -0.00000 -0.00000 0.00000 0.00000 1.9281e-02 9.1833e-01 4.8394e-02 -2.4692e-04 4.0494e-01 1.5216e-06 0.43486 0.44235 0.42286 -0.00977 -0.02243 0.00710 1.85933e-01 4.14243e-04 -5.7241457293e-01 -3.8606745552e-01
118.004 0.00000 0.00000 0.00000 -0.00000 0.00000 0.00000 3.7601e-02 9.1833e-01 -3.2291e-02 -2.4692e-04 4.0494e-01 1.5216e-06 0.41773 0.44222 0.44013 -0.01750 0.01562 -0.00355 1.85932e-01 4.14945e-04 -5.7241427338e-01 -3.8606748379e-01
120.004 0.00000 -0.00000 -0.00000 -0.00000 0.00000 0.00000 -4.0902e-02 9.1828e-01 -2.4749e-02 -2.4692e-04 4.0494e-01 1.5216e-06 0.44246 0.44214 0.41549 0.01934 0.01104 -0.00362 1.85931e-01 4.15516e-04 -5.7241381062e-01 -3.8606750963e-01
122.004 0.00000 0.00000 0.00000 -0.00000 0.00000 0.00000 -1.0512e-02 9.1829e-01 4.3336e-02 -2.4692e-04 4.0494e-01 1.5216e-06 0.41832 0.44199 0.43978 0.00396 -0.02062 0.01177 1.85930e-01 4.16082e-04 -5.7241325429e-01 -3.8606753288e-01
124.004 0.00000 -0.00000 -0.00000 -0.00000 -0.00000 0.00000 4.0728e-02 9.1832e-01 -4.4317e-03 -2.4692e-04 4.0494e-01 1.5216e-06 0.43210 0.44184 0.42615 -0.01952 0.00283 -0.01732 1.85928e-01 4.16747e-04 -5.7241266899e-01 -3.8606755358e-01
126.004 -0.00000 -0.00000 -0.00000 -0.00000 -0.00000 0.00000 -1.7370e-02 9.1828e-01 -3.4816e-02 -2.4692e-04 4.0494e-01 1.5216e-06 0.43657 0.44177 0.42177 0.00865 0.01632 0.01744 1.85927e-01 4.17560e-04 -5.7241210818e-01 -3.8606757188e-01
128.004 -0.00000 0.00000 0.00000 -0.00000 -0.00000 0.00000 -2.5535e-02 9.1826e-01 2.5942e-02 -2.4692e-04 4.0494e-01 1.5216e-06 0.41262 0.44167 0.44582 0.01152 -0.01291 -0.01130 1.85926e-01 4.18514e-04 -5.7241161176e-01 -3.8606758803e-01
130.004 0.00000 -0.00000 0.00000 -0.00000 -0.00000 0.00000 3.0477e-02 9.1829e-01 1.3080e-02 -2.4692e-04 4.0494e-01 1.5216e-06 0.45023 0.44156 0.40833 -0.01522 -0.00583 0.00057 1.85924e-01 4.19552e-04 -5.7241120635e-01 -3.8606760239e-01
132.004 -0.00000 -0.00000 -0.00000 -0.00000 -0.00000 0.00000 -5.9365e-06 9.1826e-01 -3.1786e-02 -2.4692e-04 4.0494e-01 1.5216e-06 0.41083 0.44152 0.44777 0.00012 0.01550 0.01117 1.85923e-01 4.20587e-04 -5.7241090708e-01 -3.8606761534e-01
134.004 -0.00000 0.00000 0.00000 -0.00000 0.00000 0.00000 -2.8888e-02 9.1824e-01 1.1194e-02 -2.4692e-04 4.0494e-01 1.5216e-06 0.43899 0.44150 0.41964 0.01378 -0.00574 -0.01976 1.85922e-01 4.21515e-04 -5.7241071986e-01 -3.8606762728e-01
136.004 -0.00000 -0.00000 -0.00000 -0.00000 -0.00000 0.00000 2.0337e-02 9.1827e-01 2.1180e-02 -2.4692e-04 4.0494e-01 1.5216e-06 0.43191 0.44145 0.42677 -0.01034 -0.01033 0.02208 1.85921e-01 4.22224e-04 -5.7241064343e-01 -3.8606763865e-01
138.004 0.00000 0.00000 0.00000 -0.00000 -0.00000 0.00000 1.0631e-02 9.1826e-01 -2.7530e-02 -2.4692e-04 4.0494e-01 1.5216e-06 0.41525 0.44146 0.44342 -0.00559 0.01349 -0.01720 1.85920e-01 4.22608e-04 -5.7241067082e-01 -3.8606764986e-01
140.004 0.00000 0.00000 -0.00000 -0.00000 -0.00000 0.00000 -3.0926e-02 9.1824e-01 5.2146e-04 -2.4692e-04 4.0494e-01 1.5216e-06 0.45027 0.44150 0.40836 0.01489 -0.00000 0.00679 1.85921e-01 4.22565e-04 -5.7241079023e-01 -3.8606766133e-01
142.004 0.00000 -0.00000 -0.00000 -0.00000 -0.00000 0.00000 1.2110e-02 9.1826e-01 2.9016e-02 -2.4692e-04 4.0494e-01 1.5216e-06 0.40839 0.44152 0.45022 -0.00583 -0.01430 0.00552 1.85921e-01 4.22017e-04 -5.7241098518e-01 -3.8606767347e-01
144.004 -0.00000 -0.00000 0.00000 -0.00000 -0.00000 0.00000 2.2920e-02 9.1828e-01 -2.3897e-02 -2.4692e-04 4.0494e-01 1.5216e-06 0.44348 0.44157 0.41507 -0.01174 0.01119 -0.01549 1.85923e-01 4.20913e-04 -5.7241123435e-01 -3.8606768668e-01
146.004 0.00000 0.00000 0.00000 -0.00000 -0.00000 0.00000 -3.3434e-02 9.1825e-01 -1.4191e-02 -2.4692e-04 4.0494e-01 1.5216e-06 0.42578 0.44167 0.43267 0.01554 0.00741 0.01986 1.85925e-01 4.19253e-04 -5.7241151108e-01 -3.8606770137e-01
148.004 0.00000 0.00000 -0.00000 -0.00000 -0.00000 0.00000 -2.5607e-03 9.1828e-01 3.8403e-02 -2.4692e-04 4.0494e-01 1.5216e-06 0.42177 0.44175 0.43659 0.00164 -0.01831 -0.01754 1.85927e-01 4.17102e-04 -5.7241178314e-01 -3.8606771790e-01
150.004 0.00000 0.00000 0.00000 -0.00000 -0.00000 0.00000 3.9010e-02 9.1832e-01 -1.1866e-02 -2.4692e-04 4.0494e-01 1.5216e-06 0.44374 0.44183 0.41454 -0.01899 0.00493 0.01000 1.85930e-01 4.14615e-04 -5.7241201280e-01 -3.8606773660e-01
152.004 0.00000 -0.00000 0.00000 -0.00000 -0.00000 0.00000 -2.6441e-02 9.1830e-01 -3.5897e-02 -2.4692e-04 4.0494e-01 1.5216e-06 0.41301 0.44199 0.44510 0.01160 0.01739 -0.00051 1.85932e-01 4.12030e-04 -5.7241215788e-01 -3.8606775772e-01
154.000 0.00000 -0.00000 0.00000 -0.00000 -0.00000 0.00000 -2.8147e-02 9.1831e-01 3.8228e-02 -2.4692e-04 4.0494e-01 1.5216e-06 0.44116 0.44211 0.41682 0.01355 -0.01757 -0.00713 1.85935e-01 4.09658e-04 -5.7241217414e-01 -3.8606778135e-01
156.000 0.00000 -0.00000 0.00000 -0.00000 -0.00000 0.00000 4.6939e-02 9.1836e-01 1.5060e-02 -2.4692e-04 4.0494e-01 1.5216e-06 0.42353 0.44220 0.43437 -0.02209 -0.00766 0.01061 1.85936e-01 4.07807e-04 -5.7241201881e-01 -3.8606780759e-01
158.000 0.00000 0.00000 0.00000 -0.00000 -0.00000 0.00000 -8.8265e-04 9.1834e-01 -5.2164e-02 -2.4692e-04 4.0494e-01 1.5216e-06 0.42803 0.44234 0.42972 -0.00039 0.02440 -0.00943 1.85937e-01 4.06722e-04 -5.7241165538e-01 -3.8606783622e-01
160.000 -0.00000 0.00000 0.00000 -0.00000 -0.00000 0.00000 -5.1914e-02 9.1830e-01 1.6778e-02 -2.4692e-04 4.0494e-01 1.5216e-06 0.43285 0.44247 0.42477 0.02410 -0.00745 0.00542 1.85937e-01 4.06480e-04 -5.7241106026e-01 -3.8606786688e-01
162.000 0.00000 0.00000 -0.00000 -0.00000 -0.00000 0.00000 3.1689e-02 9.1835e-01 4.4903e-02 -2.4692e-04 4.0494e-01 1.5216e-06 0.42520 0.44249 0.43239 -0.01487 -0.02109 -0.00155 1.85935e-01 4.06942e-04 -5.7241022876e-01 -3.8606789903e-01
164.000 0.00000 0.00000 0.00000 -0.00000 -0.00000 0.00000 3.2887e-02 9.1834e-01 -4.4732e-02 -2.4692e-04 4.0494e-01 1.5216e-06 0.42983 0.44253 0.42773 -0.01565 0.02083 0.00020 1.85933e-01 4.07776e-04 -5.7240917979e-01 -3.8606793201e-01
166.000 -0.00000 0.00000 -0.00000 -0.00000 -0.00000 0.00000 -5.3152e-02 9.1828e-01 -1.8383e-02 -2.4692e-04 4.0494e-01 1.5216e-06 0.42967 0.44257 0.42785 0.02456 0.00846 -0.00190 1.85931e-01 4.08567e-04 -5.7240795730e-01 -3.8606796511e-01
168.000 -0.00000 -0.00000 -0.00000 -0.00000 -0.00000 0.00000 -2.1973e-03 9.1830e-01 5.4842e-02 -2.4692e-04 4.0494e-01 1.5216e-06 0.42869 0.44250 0.42891 0.00046 -0.02560 0.00501 1.85930e-01 4.08968e-04 -5.7240662673e-01 -3.8606799762e-01
170.000 0.00000 -0.00000 -0.00000 -0.00000 -0.00000 0.00000 5.0749e-02 9.1832e-01 -1.4663e-02 -2.4692e-04 4.0494e-01 1.5216e-06 0.42503 0.44239 0.43269 -0.02387 0.00728 -0.00677 1.85928e-01 4.08818e-04 -5.7240526667e-01 -3.8606802890e-01
172.000 -0.00000 0.00000 -0.00000 -0.00000 0.00000 0.00000 -2.9089e-02 9.1827e-01 -4.2647e-02 -2.4692e-04 4.0494e-01 1.5216e-06 0.43801 0.44234 0.41977 0.01384 0.01965 0.00492 1.85928e-01 4.08180e-04 -5.7240395716e-01 -3.8606805838e-01
174.000 -0.00000 -0.00000 -0.00000 -0.00000 0.00000 0.00000 -3.0731e-02 9.1827e-01 3.8402e-02 -2.4692e-04 4.0494e-01 1.5216e-06 0.41625 0.44221 0.44167 0.01362 -0.01844 0.00090 1.85927e-01 4.07289e-04 -5.7240276811e-01 -3.8606808567e-01
176.000 0.00000 -0.00000 -0.00000 -0.00000 0.00000 0.00000 4.2790e-02 9.1831e-01 1.5593e-02 -2.4692e-04 4.0494e-01 1.5216e-06 0.44097 0.44204 0.41713 -0.02067 -0.00667 -0.00884 1.85927e-01 4.06445e-04 -5.7240175083e-01 -3.8606811050e-01
178.000 0.00000 -0.00000 0.00000 -0.00000 0.00000 0.00000 1.8907e-04 9.1829e-01 -4.3148e-02 -2.4692e-04 4.0494e-01 1.5216e-06 0.42321 0.44194 0.43500 0.00037 0.02044 0.01555 1.85927e-01 4.05910e-04 -5.7240093455e-01 -3.8606813279e-01
180.000 0.00000 0.00000 0.00000 -0.00000 0.00000 0.00000 -3.8769e-02 9.1826e-01 1.2640e-02 -2.4692e-04 4.0494e-01 1.5216e-06 0.42539 0.44184 0.43293 0.01794 -0.00671 -0.01778 1.85926e-01 4.05843e-04 -5.7240032780e-01 -3.8606815258e-01
182.000 -0.00000 -0.00000 -0.00000 -0.00000 -0.00000 0.00000 2.2613e-02 9.1829e-01 2.9440e-02 -2.4692e-04 4.0494e-01 1.5216e-06 0.44291 0.44170 0.41556 -0.01162 -0.01366 0.01384 1.85925e-01 4.06290e-04 -5.7239992312e-01 -3.8606817007e-01
184.000 -0.00000 -0.00000 0.00000 -0.00000 -0.00000 0.00000 1.7523e-02 9.1828e-01 -2.9892e-02 -2.4692e-04 4.0494e-01 1.5216e-06 0.40932 0.44161 0.44923 -0.00823 0.01471 -0.00448 1.85924e-01 4.07196e-04 -5.7239970310e-01 -3.8606818555e-01
186.000 0.00000 -0.00000 -0.00000 -0.00000 -0.00000 0.00000 -3.2876e-02 9.1825e-01 -5.5656e-03 -2.4692e-04 4.0494e-01 1.5216e-06 0.44922 0.44158 0.40938 0.01577 0.00222 -0.00730 1.85923e-01 4.08443e-04 -5.7239964609e-01 -3.8606819939e-01
188.000 -0.00000 -0.00000 0.00000 -0.00000 0.00000 0.00000 6.1112e-03 9.1826e-01 3.0415e-02 -2.4692e-04 4.0494e-01 1.5216e-06 0.41619 0.44150 0.44248 -0.00361 -0.01477 0.01735 1.85922e-01 4.09882e-04 -5.7239973081e-01 -3.8606821199e-01
190.000 -0.00000 0.00000 -0.00000 -0.00000 -0.00000 0.00000 2.4016e-02 9.1827e-01 -1.7306e-02 -2.4692e-04 4.0494e-01 1.5216e-06 0.43108 0.44146 0.42764 -0.01196 0.00864 -0.02203 1.85920e-01 4.11360e-04 -5.7239993937e-01 -3.8606822377e-01
192.000 -0.00000 -0.00000 0.00000 -0.00000 -0.00000 0.00000 -2.5785e-02 9.1823e-01 -1.5556e-02 -2.4692e-04 4.0494e-01 1.5216e-06 0.43986 0.44148 0.41883 0.01241 0.00765 0.01956 1.85919e-01 4.12732e-04 -5.7240025901e-01 -3.8606823517e-01
194.000 -0.00000 0.00000 -0.00000 -0.00000 -0.00000 0.00000 -4.9516e-03 9.1824e-01 2.9576e-02 -2.4692e-04 4.0494e-01 1.5216e-06 0.40998 0.44148 0.44871 0.00229 -0.01451 -0.01073 1.85919e-01 4.13870e-04 -5.7240068267e-01 -3.8606824663e-01
196.000 -0.00000 -0.00000 -0.00000 -0.00000 -0.00000 0.00000 2.9283e-02 9.1826e-01 -7.6962e-03 -2.4692e-04 4.0494e-01 1.5216e-06 0.45116 0.44149 0.40752 -0.01467 0.00346 -0.00141 1.85918e-01 4.14671e-04 -5.7240120877e-01 -3.8606825859e-01
198.000 -0.00000 0.00000 0.00000 -0.00000 -0.00000 0.00000 -1.9936e-02 9.1823e-01 -2.5901e-02 -2.4692e-04 4.0494e-01 1.5216e-06 0.41210 0.44156 0.44650 0.00904 0.01287 0.01268 1.85919e-01 4.15054e-04 -5.7240184032e-01 -3.8606827150e-01
200.000 0.00000 -0.00000 0.00000 -0.00000 -0.00000 0.00000 -1.8591e-02 9.1824e-01 2.9294e-02 -2.4692e-04 4.0494e-01 1.5216e-06 0.43662 0.44163 0.42191 0.00919 -0.01385 -0.01929 1.85919e-01 4.14975e-04 -5.7240258331e-01 -3.8606828579e-01
202.000 0.00000 0.00000 0.00000 -0.00000 -0.00000 0.00000 3.5637e-02 9.1828e-01 6.9149e-03 -2.4692e-04 4.0494e-01 1.5216e-06 0.43328 0.44168 0.42519 -0.01723 -0.00395 0.01928 1.85921e-01 4.14430e-04 -5.7240344453e-01 -3.8606830188e-01
204.000 -0.00000 0.00000 -0.00000 -0.00000 -0.00000 0.00000 -6.9315e-03 9.1826e-01 -3.9076e-02 -2.4692e-04 4.0494e-01 1.5216e-06 0.41620 0.44180 0.44213 0.00231 0.01872 -0.01320 1.85923e-01 4.13470e-04 -5.7240442856e-01 -3.8606832014e-01
206.000 -0.00000 0.00000 -0.00000 -0.00000 -0.00000 0.00000 -3.7848e-02 9.1825e-01 2.0403e-02 -2.4692e-04 4.0494e-01 1.5216e-06 0.44567 0.44194 0.41252 0.01802 -0.00901 0.00378 1.85925e-01 4.12211e-04 -5.7240553407e-01 -3.8606834088e-01
208.000 -0.00000 0.00000 -0.00000 -0.00000 -0.00000 0.00000 3.2975e-02 9.1831e-01 3.0666e-02 -2.4692e-04 4.0494e-01 1.5216e-06 0.41471 0.44202 0.44339 -0.01533 -0.01499 0.00518 1.85928e-01 4.10837e-04 -5.7240674957e-01 -3.8606836428e-01
210.000 0.00000 0.00000 -0.00000 -0.00000 -0.00000 0.00000 1.9067e-02 9.1831e-01 -4.4088e-02 -2.4692e-04 4.0494e-01 1.5216e-06 0.43705 0.44215 0.42090 -0.00985 0.02043 -0.01048 1.85930e-01 4.09577e-04 -5.7240804936e-01 -3.8606839039e-01
212.000 -0.00000 -0.00000 -0.00000 -0.00000 0.00000 0.00000 -5.1117e-02 9.1828e-01 -5.2155e-03 -2.4692e-04 4.0494e-01 1.5216e-06 0.42788 0.44231 0.42990 0.02361 0.00305 0.01085 1.85932e-01 4.08673e-04 -5.7240939069e-01 -3.8606841905e-01
214.000 0.00000 0.00000 0.00000 -0.00000 0.00000 0.00000 1.0414e-02 9.1833e-01 5.1840e-02 -2.4692e-04 4.0494e-01 1.5216e-06 0.42508 0.44239 0.43261 -0.00467 -0.02434 -0.00743 1.85934e-01 4.08316e-04 -5.7241071377e-01 -3.8606844992e-01
216.000 -0.00000 -0.00000 -0.00000 -0.00000 0.00000 0.00000 4.6915e-02 9.1835e-01 -2.6989e-02 -2.4692e-04 4.0494e-01 1.5216e-06 0.43356 0.44245 0.42406 -0.02233 0.01231 0.00295 1.85935e-01 4.08587e-04 -5.7241194590e-01 -3.8606848247e-01
218.000 -0.00000 -0.00000 -0.00000 -0.00000 -0.00000 0.00000 -4.1343e-02 9.1830e-01 -3.7790e-02 -2.4692e-04 4.0494e-01 1.5216e-06 0.42605 0.44255 0.43146 0.01890 0.01775 -0.00023 1.85935e-01 4.09421e-04 -5.7241301048e-01 -3.8606851604e-01
220.000 0.00000 -0.00000 -0.00000 -0.00000 -0.00000 0.00000 -2.4456e-02 9.1831e-01 5.0528e-02 -2.4692e-04 4.0494e-01 1.5216e-06 0.42881 0.44256 0.42869 0.01112 -0.02357 0.00061 1.85935e-01 4.10625e-04 -5.7241383938e-01 -3.8606854990e-01
222.000 -0.00000 -0.00000 -0.00000 -0.00000 -0.00000 0.00000 5.4386e-02 9.1835e-01 7.5235e-03 -2.4692e-04 4.0494e-01 1.5216e-06 0.42933 0.44249 0.42823 -0.02567 -0.00331 -0.00328 1.85934e-01 4.11943e-04 -5.7241438582e-01 -3.8606858335e-01
224.000 0.00000 -0.00000 0.00000 -0.00000 -0.00000 0.00000 -9.8025e-03 9.1831e-01 -5.3539e-02 -2.4692e-04 4.0494e-01 1.5216e-06 0.43088 0.44247 0.42671 0.00467 0.02494 0.00581 1.85933e-01 4.13149e-04 -5.7241463365e-01 -3.8606861571e-01
226.000 -0.00000 -0.00000 -0.00000 -0.00000 0.00000 0.00000 -4.7208e-02 9.1828e-01 2.4297e-02 -2.4692e-04 4.0494e-01 1.5216e-06 0.42188 0.44240 0.43578 0.02157 -0.01182 -0.00558 1.85932e-01 4.14118e-04 -5.7241459982e-01 -3.8606864642e-01
228.000 0.00000 0.00000 -0.00000 -0.00000 0.00000 0.00000 3.5303e-02 9.1833e-01 3.5342e-02 -2.4692e-04 4.0494e-01 1.5216e-06 0.44026 0.44224 0.41757 -0.01724 -0.01612 0.00132 1.85931e-01 4.14848e-04 -5.7241432954e-01 -3.8606867503e-01
230.000 -0.00000 0.00000 -0.00000 -0.00000 -0.00000 0.00000 2.0659e-02 9.1831e-01 -4.2750e-02 -2.4692e-04 4.0494e-01 1.5216e-06 0.41668 0.44213 0.44127 -0.00937 0.02041 0.00595 1.85930e-01 4.15430e-04 -5.7241388613e-01 -3.8606870122e-01
232.000 -0.00000 0.00000 -0.00000 -0.00000 0.00000 0.00000 -4.5020e-02 9.1827e-01 -6.1321e-03 -2.4692e-04 4.0494e-01 1.5216e-06 0.43720 0.44203 0.42086 0.02108 0.00216 -0.01334 1.85929e-01 4.15990e-04 -5.7241333922e-01 -3.8606872485e-01
234.000 0.00000 -0.00000 0.00000 -0.00000 0.00000 0.00000 7.5407e-03 9.1829e-01 4.1161e-02 -2.4692e-04 4.0494e-01 1.5216e-06 0.42946 0.44188 0.42876 -0.00457 -0.01936 0.01736 1.85927e-01 4.16636e-04 -5.7241275459e-01 -3.8606874591e-01
236.000 0.00000 0.00000 0.00000 -0.00000 0.00000 0.00000 3.3038e-02 9.1830e-01 -1.9933e-02 -2.4692e-04 4.0494e-01 1.5216e-06 0.41873 0.44175 0.43963 -0.01567 0.01011 -0.01560 1.85926e-01 4.17427e-04 -5.7241218756e-01 -3.8606876454e-01
238.000 -0.00000 -0.00000 0.00000 -0.00000 0.00000 0.00000 -2.8786e-02 9.1826e-01 -2.2939e-02 -2.4692e-04 4.0494e-01 1.5216e-06 0.44749 0.44169 0.41093 0.01396 0.01052 0.00792 1.85925e-01 4.18363e-04 -5.7241168001e-01 -3.8606878098e-01
240.000 0.00000 -0.00000 -0.00000 -0.00000 0.00000 0.00000 -1.1146e-02 9.1826e-01 3.2304e-02 -2.4692e-04 4.0494e-01 1.5216e-06 0.40870 0.44160 0.44982 0.00457 -0.01578 0.00338 1.85923e-01 4.19393e-04 -5.7241126039e-01 -3.8606879558e-01
242.000 -0.00000 0.00000 0.00000 -0.00000 0.00000 0.00000 3.1413e-02 9.1828e-01 -2.0038e-03 -2.4692e-04 4.0494e-01 1.5216e-06 0.44529 0.44152 0.41332 -0.01553 0.00140 -0.01440 1.85922e-01 4.20435e-04 -5.7241094534e-01 -3.8606880870e-01
244.000 0.00000 -0.00000 -0.00000 -0.00000 0.00000 0.00000 -1.4007e-02 9.1825e-01 -2.7500e-02 -2.4692e-04 4.0494e-01 1.5216e-06 0.42353 0.44150 0.43509 0.00683 0.01336 0.02118 1.85921e-01 4.21384e-04 -5.7241074198e-01 -3.8606882077e-01
246.000 0.00000 0.00000 -0.00000 -0.00000 0.00000 0.00000 -2.0095e-02 9.1824e-01 2.2525e-02 -2.4692e-04 4.0494e-01 1.5216e-06 0.42265 0.44148 0.43599 0.00950 -0.01116 -0.02117 1.85920e-01 4.22132e-04 -5.7241064995e-01 -3.8606883219e-01
248.000 0.00000 -0.00000 -0.00000 -0.00000 -0.00000 0.00000 2.7723e-02 9.1826e-01 9.0209e-03 -2.4692e-04 4.0494e-01 1.5216e-06 0.44643 0.44145 0.41225 -0.01389 -0.00448 0.01424 1.85919e-01 4.22568e-04 -5.7241066306e-01 -3.8606884340e-01
250.000 0.00000 0.00000 -0.00000 -0.00000 -0.00000 0.00000 -3.4365e-03 9.1825e-01 -3.0099e-02 -2.4692e-04 4.0494e-01 1.5216e-06 0.40742 0.44149 0.45122 0.00117 0.01478 -0.00274 1.85919e-01 4.22592e-04 -5.7241077015e-01 -3.8606885481e-01
252.000 -0.00000 0.00000 -0.00000 -0.00000 -0.00000 0.00000 -2.8279e-02 9.1823e-01 1.4840e-02 -2.4692e-04 4.0494e-01 1.5216e-06 0.44885 0.44154 0.40974 0.01371 -0.00691 -0.00938 1.85920e-01 4.22120e-04 -5.7241095543e-01 -3.8606886683e-01
254.000 0.00000 -0.00000 0.00000 -0.00000 -0.00000 0.00000 2.4950e-02 9.1827e-01 2.1270e-02 -2.4692e-04 4.0494e-01 1.5216e-06 0.41821 0.44156 0.44036 -0.01205 -0.01069 0.01797 1.85921e-01 4.21096e-04 -5.7241119827e-01 -3.8606887987e-01
256.000 0.00000 -0.00000 -0.00000 -0.00000 -0.00000 0.00000 1.0730e-02 9.1827e-01 -3.3608e-02 -2.4692e-04 4.0494e-01 1.5216e-06 0.42888 0.44164 0.42960 -0.00602 0.01596 -0.02030 1.85923e-01 4.19513e-04 -5.7241147282e-01 -3.8606889432e-01
258.000 -0.00000 0.00000 -0.00000 -0.00000 0.00000 0.00000 -3.8598e-02 9.1825e-01 1.2718e-03 -2.4692e-04 4.0494e-01 1.5216e-06 0.43984 0.44176 0.41851 0.01820 0.00009 0.01599 1.85925e-01 4.17425e-04 -5.7241174762e-01 -3.8606891057e-01
260.000 -0.00000 0.00000 -0.00000 -0.00000 -0.00000 0.00000 1.4550e-02 9.1830e-01 3.8007e-02 -2.4692e-04 4.0494e-01 1.5216e-06 0.41274 0.44183 0.44554 -0.00651 -0.01833 -0.00715 1.85928e-01 4.14973e-04 -5.7241198569e-01 -3.8606892894e-01
262.000 -0.00000 -0.00000 0.00000 -0.00000 0.00000 0.00000 3.2600e-02 9.1832e-01 -2.8671e-02 -2.4692e-04 4.0494e-01 1.5216e-06 0.44518 0.44194 0.41298 -0.01615 0.01299 -0.00258 1.85931e-01 4.12385e-04 -5.7241214538e-01 -3.8606894970e-01
264.000 -0.00000 -0.00000 -0.00000 -0.00000 0.00000 0.00000 -4.0845e-02 9.1829e-01 -2.3704e-02 -2.4692e-04 4.0494e-01 1.5216e-06 0.41822 0.44211 0.43977 0.01858 0.01178 0.00957 1.85933e-01 4.09960e-04 -5.7241218244e-01 -3.8606897302e-01
266.000 -0.00000 0.00000 -0.00000 -0.00000 -0.00000 0.00000 -1.1012e-02 9.1832e-01 4.8355e-02 -2.4692e-04 4.0494e-01 1.5216e-06 0.43227 0.44222 0.42560 0.00553 -0.02255 -0.01176 1.85935e-01 4.08018e-04 -5.7241205348e-01 -3.8606899891e-01
268.000 -0.00000 0.00000 0.00000 -0.00000 0.00000 0.00000 5.1042e-02 9.1836e-01 -5.2192e-03 -2.4692e-04 4.0494e-01 1.5216e-06 0.43169 0.44230 0.42610 -0.02421 0.00190 0.00941 1.85936e-01 4.06816e-04 -5.7241172089e-01 -3.8606902722e-01
270.000 -0.00000 0.00000 -0.00000 -0.00000 0.00000 0.00000 -2.2045e-02 9.1832e-01 -4.9317e-02 -2.4692e-04 4.0494e-01 1.5216e-06 0.42348 0.44244 0.43417 0.00964 0.02320 -0.00478 1.85936e-01 4.06460e-04 -5.7241115892e-01 -3.8606905762e-01
272.000 -0.00000 0.00000 -0.00000 -0.00000 0.00000 0.00000 -4.2081e-02 9.1830e-01 3.6291e-02 -2.4692e-04 4.0494e-01 1.5216e-06 0.43301 0.44253 0.42455 0.01954 -0.01674 0.00087 1.85934e-01 4.06840e-04 -5.7241035990e-01 -3.8606908959e-01
274.000 0.00000 0.00000 0.00000 -0.00000 0.00000 0.00000 4.7127e-02 9.1834e-01 2.9013e-02 -2.4692e-04 4.0494e-01 1.5216e-06 0.42736 0.44252 0.43020 -0.02221 -0.01360 0.00020 1.85933e-01 4.07646e-04 -5.7240933925e-01 -3.8606912250e-01
276.000 0.00000 -0.00000 0.00000 -0.00000 0.00000 0.00000 1.2745e-02 9.1831e-01 -5.4162e-02 -2.4692e-04 4.0494e-01 1.5216e-06 0.42844 0.44254 0.42911 -0.00612 0.02529 0.00166 1.85931e-01 4.08467e-04 -5.7240813752e-01 -3.8606915562e-01
278.000 0.00000 0.00000 0.00000 -0.00000 0.00000 0.00000 -5.5464e-02 9.1826e-01 3.6013e-03 -2.4692e-04 4.0494e-01 1.5216e-06 0.42792 0.44254 0.42963 0.02560 -0.00196 -0.00452 1.85929e-01 4.08937e-04 -5.7240681754e-01 -3.8606918826e-01
280.000 -0.00000 -0.00000 0.00000 -0.00000 0.00000 0.00000 1.8995e-02 9.1830e-01 4.9918e-02 -2.4692e-04 4.0494e-01 1.5216e-06 0.43371 0.44243 0.42397 -0.00954 -0.02316 0.00559 1.85927e-01 4.08865e-04 -5.7240545670e-01 -3.8606921974e-01
282.000 0.00000 -0.00000 0.00000 -0.00000 0.00000 0.00000 3.9452e-02 9.1831e-01 -3.2622e-02 -2.4692e-04 4.0494e-01 1.5216e-06 0.41933 0.44232 0.43847 -0.01839 0.01570 -0.00295 1.85927e-01 4.08284e-04 -5.7240413559e-01 -3.8606924950e-01
284.000 -0.00000 -0.00000 -0.00000 -0.00000 0.00000 0.00000 -4.1925e-02 9.1826e-01 -2.6635e-02 -2.4692e-04 4.0494e-01 1.5216e-06 0.44091 0.44224 0.41698 0.01977 0.01195 -0.00329 1.85926e-01 4.07411e-04 -5.7240292614e-01 -3.8606927711e-01
286.000 -0.00000 0.00000 0.00000 -0.00000 0.00000 0.00000 -1.2156e-02 9.1827e-01 4.4999e-02 -2.4692e-04 4.0494e-01 1.5216e-06 0.41926 0.44209 0.43879 0.00475 -0.02136 0.01081 1.85926e-01 4.06543e-04 -5.7240188260e-01 -3.8606930230e-01
288.000 0.00000 -0.00000 0.00000 -0.00000 0.00000 0.00000 4.2886e-02 9.1831e-01 -3.2412e-03 -2.4692e-04 4.0494e-01 1.5216e-06 0.43182 0.44193 0.42639 -0.02049 0.00226 -0.01618 1.85926e-01 4.05952e-04 -5.7240103728e-01 -3.8606932493e-01
290.000 0.00000 -0.00000 0.00000 -0.00000 0.00000 0.00000 -1.6760e-02 9.1827e-01 -3.7275e-02 -2.4692e-04 4.0494e-01 1.5216e-06 0.43623 0.44185 0.42207 0.00836 0.01744 0.01652 1.85925e-01 4.05814e-04 -5.7240040140e-01 -3.8606934506e-01
292.000 0.00000 0.00000 -0.00000 -0.00000 0.00000 0.00000 -2.8095e-02 9.1826e-01 2.5957e-02 -2.4692e-04 4.0494e-01 1.5216e-06 0.41323 0.44175 0.44519 0.01268 -0.01291 -0.01080 1.85924e-01 4.06190e-04 -5.7239996939e-01 -3.8606936286e-01
294.000 0.00000 0.00000 0.00000 -0.00000 0.00000 0.00000 3.1095e-02 9.1829e-01 1.5563e-02 -2.4692e-04 4.0494e-01 1.5216e-06 0.44960 0.44162 0.40894 -0.01550 -0.00695 0.00049 1.85923e-01 4.07038e-04 -5.7239972485e-01 -3.8606937860e-01
296.000 -0.00000 0.00000 -0.00000 -0.00000 0.00000 0.00000 2.2603e-03 9.1826e-01 -3.2942e-02 -2.4692e-04 4.0494e-01 1.5216e-06 0.41126 0.44157 0.44734 -0.00089 0.01602 0.01099 1.85922e-01 4.08246e-04 -5.7239964644e-01 -3.8606939265e-01
298.000 -0.00000 0.00000 -0.00000 -0.00000 0.00000 0.00000 -3.0500e-02 9.1824e-01 9.2466e-03 -2.4692e-04 4.0494e-01 1.5216e-06 0.43879 0.44153 0.41985 0.01450 -0.00487 -0.01952 1.85921e-01 4.09667e-04 -5.7239971260e-01 -3.8606940539e-01
300.000 0.00000 0.00000 0.00000 -0.00000 0.00000 0.00000 1.8782e-02 9.1826e-01 2.3163e-02 -2.4692e-04 4.0494e-01 1.5216e-06 0.43197 0.44147 0.42673 -0.00966 -0.01121 0.02191 1.85919e-01 4.11149e-04 -5.7239990485e-01 -3.8606941726e-01
302.000 -0.00000 0.00000 -0.00000 -0.00000 0.00000 0.00000 1.2902e-02 9.1825e-01 -2.6424e-02 -2.4692e-04 4.0494e-01 1.5216e-06 0.41522 0.44146 0.44349 -0.00660 0.01300 -0.01714 1.85918e-01 4.12543e-04 -5.7240020965e-01 -3.8606942869e-01
304.000 -0.00000 -0.00000 0.00000 -0.00000 0.00000 0.00000 -3.0318e-02 9.1822e-01 -1.9514e-03 -2.4692e-04 4.0494e-01 1.5216e-06 0.45044 0.44149 0.40824 0.01462 0.00109 0.00676 1.85917e-01 4.13721e-04 -5.7240061915e-01 -3.8606944012e-01
306.000 0.00000 0.00000 -0.00000 -0.00000 0.00000 0.00000 9.5308e-03 9.1824e-01 2.8952e-02 -2.4692e-04 4.0494e-01 1.5216e-06 0.40817 0.44150 0.45050 -0.00468 -0.01426 0.00566 1.85917e-01 4.14573e-04 -5.7240113105e-01 -3.8606945199e-01
308.000 -0.00000 -0.00000 0.00000 -0.00000 -0.00000 0.00000 2.3435e-02 9.1825e-01 -2.1330e-02 -2.4692e-04 4.0494e-01 1.5216e-06 0.44377 0.44153 0.41486 -0.01196 0.01004 -0.01586 1.85917e-01 4.15018e-04 -5.7240174779e-01 -3.8606946474e-01
310.000 -0.00000 0.00000 -0.00000 -0.00000 0.00000 0.00000 -3.1022e-02 9.1822e-01 -1.5295e-02 -2.4692e-04 4.0494e-01 1.5216e-06 0.42578 0.44163 0.43274 0.01446 0.00790 0.02047 1.85918e-01 4.15004e-04 -5.7240247507e-01 -3.8606947882e-01
312.000 -0.00000 -0.00000 -0.00000 -0.00000 0.00000 0.00000 -4.2174e-03 9.1825e-01 3.6313e-02 -2.4692e-04 4.0494e-01 1.5216e-06 0.42145 0.44170 0.43701 0.00239 -0.01736 -0.01825 1.85919e-01 4.14522e-04 -5.7240331970e-01 -3.8606949464e-01
314.000 -0.00000 0.00000 -0.00000 -0.00000 0.00000 0.00000 3.7411e-02 9.1828e-01 -9.7566e-03 -2.4692e-04 4.0494e-01 1.5216e-06 0.44463 0.44177 0.41374 -0.01827 0.00397 0.01050 1.85921e-01 4.13614e-04 -5.7240428679e-01 -3.8606951258e-01
316.000 0.00000 -0.00000 0.00000 -0.00000 -0.00000 -0.00000 -2.4053e-02 9.1825e-01 -3.4931e-02 -2.4692e-04 4.0494e-01 1.5216e-06 0.41187 0.44191 0.44634 0.01050 0.01697 -0.00048 1.85923e-01 4.12387e-04 -5.7240537605e-01 -3.8606953296e-01
318.000 0.00000 0.00000 -0.00000 -0.00000 -0.00000 -0.00000 -2.7747e-02 9.1826e-01 3.5911e-02 -2.4692e-04 4.0494e-01 1.5216e-06 0.44232 0.44204 0.41576 0.01341 -0.01650 -0.00800 1.85926e-01 4.11016e-04 -5.7240657763e-01 -3.8606955599e-01
320.000 0.00000 -0.00000 0.00000 -0.00000 0.00000 -0.00000 4.4816e-02 9.1832e-01 1.5304e-02 -2.4692e-04 4.0494e-01 1.5216e-06 0.42301 0.44212 0.43498 -0.02111 -0.00784 0.01211 1.85929e-01 4.09726e-04 -5.7240786801e-01 -3.8606958173e-01
322.000 -0.00000 -0.00000 -0.00000 -0.00000 0.00000 0.00000 -1.2765e-04 9.1830e-01 -5.0488e-02 -2.4692e-04 4.0494e-01 1.5216e-06 0.42772 0.44227 0.43010 -0.00082 0.02365 -0.01118 1.85931e-01 4.08761e-04 -5.7240920684e-01 -3.8606961006e-01
324.000 -0.00000 0.00000 0.00000 -0.00000 0.00000 0.00000 -5.0867e-02 9.1828e-01 1.5756e-02 -2.4692e-04 4.0494e-01 1.5216e-06 0.43421 0.44241 0.42346 0.02367 -0.00688 0.00685 1.85933e-01 4.08322e-04 -5.7241053653e-01 -3.8606964065e-01
326.000 -0.00000 0.00000 -0.00000 -0.00000 0.00000 0.00000 3.0714e-02 9.1834e-01 4.4543e-02 -2.4692e-04 4.0494e-01 1.5216e-06 0.42322 0.44245 0.43440 -0.01432 -0.02100 -0.00207 1.85934e-01 4.08507e-04 -5.7241178576e-01 -3.8606967300e-01
328.000 -0.00000 -0.00000 -0.00000 -0.00000 0.00000 0.00000 3.3119e-02 9.1834e-01 -4.4117e-02 -2.4692e-04 4.0494e-01 1.5216e-06 0.43186 0.44251 0.42570 -0.01586 0.02047 -0.00044 1.85934e-01 4.09273e-04 -5.7241287775e-01 -3.8606970646e-01
330.000 -0.00000 0.00000 -0.00000 -0.00000 0.00000 0.00000 -5.3134e-02 9.1829e-01 -1.8969e-02 -2.4692e-04 4.0494e-01 1.5216e-06 0.42828 0.44258 0.42920 0.02451 0.00885 -0.00026 1.85934e-01 4.10441e-04 -5.7241374242e-01 -3.8606974033e-01
332.000 -0.00000 -0.00000 -0.00000 -0.00000 0.00000 0.00000 -2.8181e-03 9.1831e-01 5.5516e-02 -2.4692e-04 4.0494e-01 1.5216e-06 0.42893 0.44253 0.42860 0.00087 -0.02590 0.00294 1.85933e-01 4.11758e-04 -5.7241432941e-01 -3.8606977387e-01
334.000 -0.00000 -0.00000 0.00000 -0.00000 0.00000 0.00000 5.2047e-02 9.1834e-01 -1.4334e-02 -2.4692e-04 4.0494e-01 1.5216e-06 0.42581 0.44245 0.43180 -0.02448 0.00702 -0.00497 1.85932e-01 4.12989e-04 -5.7241461803e-01 -3.8606980642e-01
336.000 0.00000 -0.00000 -0.00000 -0.00000 0.00000 0.00000 -2.9306e-02 9.1829e-01 -4.4363e-02 -2.4692e-04 4.0494e-01 1.5216e-06 0.43640 0.44241 0.42126 0.01385 0.02048 0.00393 1.85931e-01 4.13994e-04 -5.7241462083e-01 -3.8606983738e-01
338.000 0.00000 -0.00000 -0.00000 -0.00000 0.00000 0.00000 -3.2578e-02 9.1828e-01 3.9290e-02 -2.4692e-04 4.0494e-01 1.5216e-06 0.41783 0.44230 0.43994 0.01452 -0.01879 0.00092 1.85930e-01 4.14753e-04 -5.7241437964e-01 -3.8606986629e-01
340.000 -0.00000 -0.00000 -0.00000 -0.00000 0.00000 0.00000 4.4339e-02 9.1832e-01 1.7274e-02 -2.4692e-04 4.0494e-01 1.5216e-06 0.43965 0.44213 0.41830 -0.02134 -0.00748 -0.00807 1.85929e-01 4.15348e-04 -5.7241395599e-01 -3.8606989283e-01
342.000 0.00000 -0.00000 0.00000 -0.00000 0.00000 0.00000 1.4582e-03 9.1829e-01 -4.5231e-02 -2.4692e-04 4.0494e-01 1.5216e-06 0.42370 0.44203 0.43436 -0.00023 0.02137 0.01443 1.85928e-01 4.15904e-04 -5.7241341932e-01 -3.8606991682e-01
344.000 -0.00000 -0.00000 0.00000 -0.00000 0.00000 0.00000 -4.1193e-02 9.1826e-01 1.1939e-02 -2.4692e-04 4.0494e-01 1.5216e-06 0.42539 0.44193 0.43278 0.01903 -0.00638 -0.01673 1.85926e-01 4.16534e-04 -5.7241283643e-01 -3.8606993822e-01
346.000 -0.00000 0.00000 0.00000 -0.00000 0.00000 0.00000 2.2540e-02 9.1829e-01 3.1989e-02 -2.4692e-04 4.0494e-01 1.5216e-06 0.44234 0.44178 0.41599 -0.01158 -0.01481 0.01313 1.85925e-01 4.17303e-04 -5.7241226429e-01 -3.8606995717e-01
348.000 -0.00000 -0.00000 -0.00000 -0.00000 0.00000 0.00000 2.0003e-02 9.1828e-01 -3.0428e-02 -2.4692e-04 4.0494e-01 1.5216e-06 0.40988 0.44168 0.44855 -0.00934 0.01496 -0.00418 1.85924e-01 4.18221e-04 -5.7241174670e-01 -3.8606997389e-01
350.000 -0.00000 0.00000 0.00000 -0.00000 0.00000 0.00000 -3.3950e-02 9.1824e-01 -7.8248e-03 -2.4692e-04 4.0494e-01 1.5216e-06 0.44864 0.44163 0.40985 0.01626 0.00323 -0.00727 1.85922e-01 4.19242e-04 -5.7241131388e-01 -3.8606998872e-01
352.000 0.00000 0.00000 0.00000 -0.00000 0.00000 0.00000 4.1762e-03 9.1826e-01 3.1929e-02 -2.4692e-04 4.0494e-01 1.5216e-06 0.41648 0.44154 0.44210 -0.00276 -0.01545 0.01718 1.85921e-01 4.20288e-04 -5.7241098397e-01 -3.8607000202e-01
354.000 -0.00000 -0.00000 0.00000 -0.00000 0.00000 0.00000 2.5873e-02 9.1826e-01 -1.5759e-02 -2.4692e-04 4.0494e-01 1.5216e-06 0.43086 0.44148 0.42778 -0.01278 0.00796 -0.02186 1.85919e-01 4.21257e-04 -5.7241076525e-01 -3.8607001421e-01
356.000 -0.00000 0.00000 0.00000 -0.00000 0.00000 0.00000 -2.4664e-02 9.1823e-01 -1.7666e-02 -2.4692e-04 4.0494e-01 1.5216e-06 0.43997 0.44149 0.41867 0.01192 0.00858 0.01944 1.85919e-01 4.22038e-04 -5.7241065828e-01 -3.8607002570e-01
358.000 0.00000 0.00000 0.00000 -0.00000 0.00000 0.00000 -7.2337e-03 9.1824e-01 2.8908e-02 -2.4692e-04 4.0494e-01 1.5216e-06 0.40979 0.44147 0.44886 0.00329 -0.01421 -0.01063 1.85918e-01 4.22522e-04 -5.7241065759e-01 -3.8607003692e-01
360.000 0.00000 0.00000 0.00000 -0.00000 0.00000 0.00000 2.9093e-02 9.1826e-01 -5.3201e-03 -2.4692e-04 4.0494e-01 1.5216e-06 0.45139 0.44147 0.40728 -0.01458 0.00241 -0.00160 1.85918e-01 4.22607e-04 -5.7241075267e-01 -3.8607004827e-01
362.000 -0.00000 -0.00000 0.00000 -0.00000 0.00000 0.00000 -1.7555e-02 9.1823e-01 -2.6213e-02 -2.4692e-04 4.0494e-01 1.5216e-06 0.41189 0.44153 0.44672 0.00798 0.01300 0.01305 1.85919e-01 4.22206e-04 -5.7241092836e-01 -3.8607006019e-01
364.000 -0.00000 -0.00000 -0.00000 -0.00000 0.00000 0.00000 -1.9418e-02 9.1824e-01 2.7015e-02 -2.4692e-04 4.0494e-01 1.5216e-06 0.43667 0.44158 0.42188 0.00955 -0.01283 -0.01986 1.85920e-01 4.21260e-04 -5.7241116471e-01 -3.8607007307e-01
366.000 -0.00000 -0.00000 0.00000 -0.00000 0.00000 0.00000 3.3591e-02 9.1828e-01 8.2426e-03 -2.4692e-04 4.0494e-01 1.5216e-06 0.43360 0.44162 0.42490 -0.01631 -0.00454 0.01995 1.85922e-01 4.19750e-04 -5.7241143658e-01 -3.8607008731e-01
368.000 0.00000 -0.00000 -0.00000 -0.00000 0.00000 0.00000 -5.1632e-03 9.1827e-01 -3.7406e-02 -2.4692e-04 4.0494e-01 1.5216e-06 0.41549 0.44173 0.44290 0.00151 0.01797 -0.01372 1.85924e-01 4.17725e-04 -5.7241171328e-01 -3.8607010329e-01
370.000 -0.00000 -0.00000 0.00000 -0.00000 0.00000 0.00000 -3.6689e-02 9.1826e-01 1.8315e-02 -2.4692e-04 4.0494e-01 1.5216e-06 0.44679 0.44185 0.41147 0.01751 -0.00805 0.00387 1.85927e-01 4.15311e-04 -5.7241195856e-01 -3.8607012136e-01
372.000 -0.00000 -0.00000 -0.00000 -0.00000 0.00000 0.00000 3.0752e-02 9.1832e-01 3.0112e-02 -2.4692e-04 4.0494e-01 1.5216e-06 0.41360 0.44193 0.44458 -0.01431 -0.01477 0.00575 1.85929e-01 4.12725e-04 -5.7241213130e-01 -3.8607014179e-01
374.000 0.00000 -0.00000 -0.00000 -0.00000 0.00000 0.00000 1.9138e-02 9.1832e-01 -4.1962e-02 -2.4692e-04 4.0494e-01 1.5216e-06 0.43787 0.44206 0.42017 -0.00993 0.01945 -0.01172 1.85932e-01 4.10259e-04 -5.7241218742e-01 -3.8607016475e-01
376.000 0.00000 0.00000 -0.00000 -0.00000 0.00000 0.00000 -4.9328e-02 9.1829e-01 -5.8276e-03 -2.4692e-04 4.0494e-01 1.5216e-06 0.42792 0.44222 0.42994 0.02280 0.00340 0.01251 1.85934e-01 4.08235e-04 -5.7241208316e-01 -3.8607019029e-01
378.000 -0.00000 0.00000 0.00000 -0.00000 0.00000 0.00000 9.4513e-03 9.1833e-01 5.0588e-02 -2.4692e-04 4.0494e-01 1.5216e-06 0.42416 0.44231 0.43362 -0.00414 -0.02379 -0.00897 1.85935e-01 4.06923e-04 -5.7241177981e-01 -3.8607021829e-01
380.000 -0.00000 -0.00000 -0.00000 -0.00000 0.00000 0.00000 4.6300e-02 9.1835e-01 -2.5949e-02 -2.4692e-04 4.0494e-01 1.5216e-06 0.43535 0.44239 0.42234 -0.02211 0.01174 0.00379 1.85935e-01 4.06454e-04 -5.7241124964e-01 -3.8607024844e-01
382.000 0.00000 0.00000 0.00000 -0.00000 0.00000 0.00000 -4.0526e-02 9.1829e-01 -3.7779e-02 -2.4692e-04 4.0494e-01 1.5216e-06 0.42405 0.44252 0.43351 0.01845 0.01784 0.00001 1.85933e-01 4.06749e-04 -5.7241048220e-01 -3.8607028023e-01
384.000 -0.00000 0.00000 0.00000 -0.00000 0.00000 0.00000 -2.4875e-02 9.1829e-01 5.0190e-02 -2.4692e-04 4.0494e-01 1.5216e-06 0.43043 0.44256 0.42709 0.01143 -0.02336 -0.00070 1.85932e-01 4.07521e-04 -5.7240948961e-01 -3.8607031305e-01
386.000 0.00000 0.00000 -0.00000 -0.00000 0.00000 0.00000 5.4672e-02 9.1833e-01 8.0978e-03 -2.4692e-04 4.0494e-01 1.5216e-06 0.42868 0.44252 0.42888 -0.02578 -0.00370 -0.00132 1.85930e-01 4.08363e-04 -5.7240830906e-01 -3.8607034618e-01
388.000 -0.00000 0.00000 0.00000 -0.00000 0.00000 0.00000 -9.3832e-03 9.1828e-01 -5.4448e-02 -2.4692e-04 4.0494e-01 1.5216e-06 0.43038 0.44253 0.42719 0.00436 0.02537 0.00387 1.85928e-01 4.08897e-04 -5.7240700072e-01 -3.8607037892e-01
390.000 -0.00000 -0.00000 0.00000 -0.00000 0.00000 0.00000 -4.8597e-02 9.1825e-01 2.4302e-02 -2.4692e-04 4.0494e-01 1.5216e-06 0.42322 0.44248 0.43440 0.02224 -0.01172 -0.00427 1.85926e-01 4.08900e-04 -5.7240564065e-01 -3.8607041059e-01
392.000 0.00000 -0.00000 -0.00000 -0.00000 0.00000 0.00000 3.5902e-02 9.1830e-01 3.6968e-02 -2.4692e-04 4.0494e-01 1.5216e-06 0.43854 0.44233 0.41925 -0.01745 -0.01691 0.00098 1.85925e-01 4.08378e-04 -5.7240430971e-01 -3.8607044061e-01
394.000 -0.00000 0.00000 -0.00000 -0.00000 0.00000 0.00000 2.2243e-02 9.1829e-01 -4.3985e-02 -2.4692e-04 4.0494e-01 1.5216e-06 0.41813 0.44222 0.43978 -0.01014 0.02094 0.00541 1.85925e-01 4.07527e-04 -5.7240308161e-01 -3.8607046853e-01
396.000 -0.00000 -0.00000 0.00000 -0.00000 0.00000 0.00000 -4.6814e-02 9.1825e-01 -7.4204e-03 -2.4692e-04 4.0494e-01 1.5216e-06 0.43632 0.44213 0.42169 0.02188 0.00278 -0.01226 1.85925e-01 4.06641e-04 -5.7240201334e-01 -3.8607049405e-01
398.000 0.00000 -0.00000 0.00000 -0.00000 0.00000 0.00000 6.7308e-03 9.1828e-01 4.3356e-02 -2.4692e-04 4.0494e-01 1.5216e-06 0.42959 0.44197 0.42859 -0.00418 -0.02035 0.01618 1.85925e-01 4.06000e-04 -5.7240114024e-01 -3.8607051703e-01
400.000 0.00000 0.00000 0.00000 -0.00000 0.00000 0.00000 3.5438e-02 9.1829e-01 -1.9698e-02 -2.4692e-04 4.0494e-01 1.5216e-06 0.41911 0.44184 0.43921 -0.01676 0.00999 -0.01467 1.85924e-01 4.05796e-04 -5.7240047617e-01 -3.8607053749e-01
