# t x y z vx vy vz omx omy omz llx lly llz Ixx Iyy Izz Ixy Iyz Ixz KErot PEspr PEgrav Etot
0.000 0.00000 0.00000 -0.00000 0.00000 -0.00000 -0.00000 3.9962e-02 4.7186e-01 -2.5357e-02 -1.1051e-04 1.8334e-01 7.5162e-06 0.45245 0.39305 0.46173 -0.03800 0.02396 0.01028 4.32529e-02 7.37827e-30 -5.7320881809e-01 -5.2995596394e-01
2.005 -0.00000 -0.00000 -0.00000 -0.00000 -0.00000 0.00000 9.7887e-03 4.7642e-01 -4.6202e-02 -1.1051e-04 1.8334e-01 7.5162e-06 0.45866 0.38914 0.43886 -0.00917 0.04247 0.00499 4.36741e-02 1.97696e-03 -5.7753074933e-01 -5.3187964276e-01
4.005 -0.00000 -0.00000 -0.00000 0.00000 0.00000 0.00000 -2.6130e-02 4.7638e-01 -3.9555e-02 -1.1051e-04 1.8334e-01 7.5162e-06 0.45422 0.38918 0.44326 0.02385 0.03627 -0.01000 4.36704e-02 1.97962e-03 -5.7753196924e-01 -5.3188195507e-01
6.000 0.00000 0.00000 0.00000 0.00000 -0.00000 0.00000 -4.6493e-02 4.7634e-01 -9.4572e-03 -1.1051e-04 1.8334e-01 7.5162e-06 0.43850 0.38920 0.45904 0.04245 0.00855 -0.00597 4.36682e-02 1.96239e-03 -5.7751266160e-01 -5.3188209089e-01
8.000 0.00000 -0.00000 -0.00000 0.00000 -0.00000 0.00000 -3.9401e-02 4.7635e-01 2.6146e-02 -1.1051e-04 1.8334e-01 7.5162e-06 0.44250 0.38917 0.45506 0.03578 -0.02407 0.01072 4.36686e-02 1.96640e-03 -5.7751715888e-01 -5.3188212240e-01
10.000 0.00000 0.00000 0.00000 0.00000 -0.00000 0.00000 -9.2169e-03 4.7636e-01 4.6055e-02 -1.1051e-04 1.8334e-01 7.5162e-06 0.46011 0.38911 0.43752 0.00805 -0.04216 0.00639 4.36683e-02 1.96675e-03 -5.7751720807e-01 -5.3188215134e-01
12.005 0.00000 -0.00000 0.00000 0.00000 -0.00000 0.00000 2.6107e-02 4.7638e-01 3.8621e-02 -1.1051e-04 1.8334e-01 7.5162e-06 0.45506 0.38904 0.44263 -0.02420 -0.03521 -0.01194 4.36682e-02 1.96669e-03 -5.7751704157e-01 -5.3188217852e-01
14.005 -0.00000 -0.00000 0.00000 0.00000 0.00000 0.00000 4.5600e-02 4.7639e-01 8.4875e-03 -1.1051e-04 1.8334e-01 7.5162e-06 0.43635 0.38899 0.46139 -0.04189 -0.00764 -0.00586 4.36680e-02 1.96621e-03 -5.7751644333e-01 -5.3188220518e-01
16.005 -0.00000 0.00000 0.00000 0.00000 0.00000 0.00000 3.8031e-02 4.7639e-01 -2.6506e-02 -1.1051e-04 1.8334e-01 7.5162e-06 0.44356 0.38899 0.45419 -0.03492 0.02425 0.01299 4.36678e-02 1.96573e-03 -5.7751573566e-01 -5.3188223172e-01
18.005 0.00000 -0.00000 -0.00000 0.00000 0.00000 0.00000 7.9429e-03 4.7636e-01 -4.5845e-02 -1.1051e-04 1.8334e-01 7.5162e-06 0.46215 0.38902 0.43557 -0.00749 0.04186 0.00465 4.36674e-02 1.96518e-03 -5.7751487971e-01 -5.3188225811e-01
20.000 0.00000 0.00000 -0.00000 0.00000 -0.00000 0.00000 -2.6945e-02 4.7634e-01 -3.8254e-02 -1.1051e-04 1.8334e-01 7.5162e-06 0.45285 0.38908 0.44482 0.02431 0.03498 -0.01335 4.36671e-02 1.96437e-03 -5.7751373432e-01 -5.3188228432e-01
22.000 -0.00000 -0.00000 0.00000 0.00000 -0.00000 0.00000 -4.6315e-02 4.7632e-01 -8.0707e-03 -1.1051e-04 1.8334e-01 7.5162e-06 0.43562 0.38912 0.46201 0.04207 0.00752 -0.00337 4.36667e-02 1.96319e-03 -5.7751223791e-01 -5.3188231060e-01
24.000 0.00000 -0.00000 -0.00000 0.00000 -0.00000 0.00000 -3.8554e-02 4.7632e-01 2.7063e-02 -1.1051e-04 1.8334e-01 7.5162e-06 0.44597 0.38915 0.45164 0.03514 -0.02461 0.01283 4.36664e-02 1.96168e-03 -5.7751043789e-01 -5.3188233704e-01
26.000 -0.00000 0.00000 0.00000 0.00000 0.00000 0.00000 -8.0275e-03 4.7634e-01 4.6375e-02 -1.1051e-04 1.8334e-01 7.5162e-06 0.46114 0.38915 0.43648 0.00730 -0.04244 0.00247 4.36661e-02 1.95991e-03 -5.7750839899e-01 -5.3188236372e-01
28.000 -0.00000 -0.00000 0.00000 0.00000 -0.00000 0.00000 2.7315e-02 4.7636e-01 3.8224e-02 -1.1051e-04 1.8334e-01 7.5162e-06 0.45113 0.38914 0.44651 -0.02516 -0.03514 -0.01177 4.36659e-02 1.95791e-03 -5.7750617967e-01 -5.3188239068e-01
30.000 -0.00000 0.00000 -0.00000 0.00000 -0.00000 0.00000 4.6404e-02 4.7637e-01 7.2280e-03 -1.1051e-04 1.8334e-01 7.5162e-06 0.43757 0.38914 0.46007 -0.04282 -0.00673 -0.00236 4.36657e-02 1.95577e-03 -5.7750386749e-01 -5.3188241793e-01
32.000 0.00000 -0.00000 0.00000 0.00000 -0.00000 0.00000 3.7682e-02 4.7636e-01 -2.8216e-02 -1.1051e-04 1.8334e-01 7.5162e-06 0.44620 0.38917 0.45142 -0.03489 0.02590 0.01085 4.36655e-02 1.95360e-03 -5.7750157826e-01 -5.3188244544e-01
34.000 -0.00000 0.00000 0.00000 0.00000 -0.00000 0.00000 6.2462e-03 4.7634e-01 -4.6869e-02 -1.1051e-04 1.8334e-01 7.5162e-06 0.45944 0.38921 0.43816 -0.00596 0.04309 0.00301 4.36654e-02 1.95156e-03 -5.7749944647e-01 -5.3188247315e-01
36.000 0.00000 -0.00000 -0.00000 0.00000 -0.00000 0.00000 -2.9088e-02 4.7632e-01 -3.7518e-02 -1.1051e-04 1.8334e-01 7.5162e-06 0.45226 0.38924 0.44531 0.02655 0.03444 -0.01064 4.36653e-02 1.94979e-03 -5.7749760403e-01 -5.3188250094e-01
38.000 0.00000 -0.00000 0.00000 0.00000 -0.00000 -0.00000 -4.7162e-02 4.7631e-01 -5.8137e-03 -1.1051e-04 1.8334e-01 7.5162e-06 0.43793 0.38925 0.45964 0.04308 0.00524 -0.00393 4.36652e-02 1.94842e-03 -5.7749616893e-01 -5.3188252871e-01
40.005 0.00000 -0.00000 -0.00000 0.00000 -0.00000 0.00000 -3.7221e-02 4.7631e-01 2.9283e-02 -1.1051e-04 1.8334e-01 7.5162e-06 0.44457 0.38921 0.45304 0.03382 -0.02696 0.01127 4.36651e-02 1.94755e-03 -5.7749523429e-01 -5.3188255638e-01
42.005 0.00000 -0.00000 0.00000 0.00000 -0.00000 0.00000 -5.4341e-03 4.7633e-01 4.6722e-02 -1.1051e-04 1.8334e-01 7.5162e-06 0.46063 0.38915 0.43705 0.00459 -0.04280 0.00440 4.36650e-02 1.94727e-03 -5.7749486602e-01 -5.3188258372e-01
44.005 -0.00000 -0.00000 0.00000 0.00000 -0.00000 0.00000 2.9179e-02 4.7635e-01 3.6438e-02 -1.1051e-04 1.8334e-01 7.5162e-06 0.45320 0.38908 0.44454 -0.02705 -0.03323 -0.01238 4.36649e-02 1.94758e-03 -5.7749508232e-01 -5.3188261070e-01
46.005 -0.00000 0.00000 -0.00000 0.00000 -0.00000 -0.00000 4.6197e-02 4.7636e-01 4.7504e-03 -1.1051e-04 1.8334e-01 7.5162e-06 0.43593 0.38904 0.46185 -0.04247 -0.00420 -0.00403 4.36648e-02 1.94844e-03 -5.7749586211e-01 -5.3188263728e-01
48.005 0.00000 0.00000 -0.00000 0.00000 -0.00000 -0.00000 3.5771e-02 4.7635e-01 -2.9555e-02 -1.1051e-04 1.8334e-01 7.5162e-06 0.44537 0.38903 0.45242 -0.03284 0.02708 0.01345 4.36647e-02 1.94976e-03 -5.7749714590e-01 -5.3188266348e-01
50.005 0.00000 -0.00000 0.00000 0.00000 -0.00000 -0.00000 4.1764e-03 4.7633e-01 -4.6358e-02 -1.1051e-04 1.8334e-01 7.5162e-06 0.46267 0.38905 0.43509 -0.00401 0.04234 0.00289 4.36647e-02 1.95144e-03 -5.7749884281e-01 -5.3188268939e-01
52.005 0.00000 0.00000 0.00000 0.00000 -0.00000 -0.00000 -3.0017e-02 4.7631e-01 -3.5867e-02 -1.1051e-04 1.8334e-01 7.5162e-06 0.45106 0.38909 0.44666 0.02715 0.03277 -0.01391 4.36648e-02 1.95331e-03 -5.7750084064e-01 -5.3188271513e-01
54.005 0.00000 0.00000 -0.00000 0.00000 -0.00000 -0.00000 -4.6756e-02 4.7630e-01 -4.2163e-03 -1.1051e-04 1.8334e-01 7.5162e-06 0.43503 0.38912 0.46264 0.04246 0.00396 -0.00153 4.36650e-02 1.95526e-03 -5.7750301713e-01 -5.3188274089e-01
56.005 0.00000 0.00000 0.00000 0.00000 -0.00000 -0.00000 -3.6122e-02 4.7631e-01 3.0063e-02 -1.1051e-04 1.8334e-01 7.5162e-06 0.44788 0.38913 0.44977 0.03288 -0.02735 0.01348 4.36653e-02 1.95717e-03 -5.7750525142e-01 -5.3188276685e-01
58.005 0.00000 0.00000 0.00000 0.00000 -0.00000 0.00000 -4.2057e-03 4.7633e-01 4.6749e-02 -1.1051e-04 1.8334e-01 7.5162e-06 0.46181 0.38912 0.43584 0.00379 -0.04275 0.00052 4.36657e-02 1.95895e-03 -5.7750743399e-01 -5.3188279317e-01
60.005 0.00000 0.00000 0.00000 0.00000 -0.00000 0.00000 3.0254e-02 4.7636e-01 3.5790e-02 -1.1051e-04 1.8334e-01 7.5162e-06 0.44911 0.38911 0.44854 -0.02782 -0.03290 -0.01242 4.36661e-02 1.96055e-03 -5.7750947429e-01 -5.3188281994e-01
62.005 0.00000 -0.00000 -0.00000 0.00000 -0.00000 0.00000 4.6755e-02 4.7638e-01 3.4505e-03 -1.1051e-04 1.8334e-01 7.5162e-06 0.43696 0.38912 0.46067 -0.04312 -0.00330 -0.00026 4.36665e-02 1.96195e-03 -5.7751130526e-01 -5.3188284719e-01
64.005 0.00000 -0.00000 -0.00000 0.00000 -0.00000 0.00000 3.5275e-02 4.7637e-01 -3.1127e-02 -1.1051e-04 1.8334e-01 7.5162e-06 0.44836 0.38915 0.44924 -0.03269 0.02853 0.01139 4.36669e-02 1.96313e-03 -5.7751288469e-01 -5.3188287486e-01
66.005 -0.00000 0.00000 0.00000 0.00000 -0.00000 -0.00000 2.4957e-03 4.7636e-01 -4.7237e-02 -1.1051e-04 1.8334e-01 7.5162e-06 0.45987 0.38919 0.43767 -0.00256 0.04341 0.00079 4.36672e-02 1.96410e-03 -5.7751419368e-01 -5.3188290284e-01
68.005 0.00000 0.00000 0.00000 0.00000 -0.00000 -0.00000 -3.2011e-02 4.7634e-01 -3.5136e-02 -1.1051e-04 1.8334e-01 7.5162e-06 0.45000 0.38923 0.44750 0.02920 0.03229 -0.01101 4.36674e-02 1.96489e-03 -5.7751523259e-01 -5.3188293099e-01
70.005 0.00000 0.00000 0.00000 -0.00000 -0.00000 0.00000 -4.7557e-02 4.7633e-01 -2.0528e-03 -1.1051e-04 1.8334e-01 7.5162e-06 0.43762 0.38924 0.45987 0.04345 0.00183 -0.00172 4.36676e-02 1.96551e-03 -5.7751601518e-01 -5.3188295915e-01
72.005 -0.00000 0.00000 -0.00000 0.00000 -0.00000 0.00000 -3.4890e-02 4.7634e-01 3.2167e-02 -1.1051e-04 1.8334e-01 7.5162e-06 0.44664 0.38921 0.45087 0.03171 -0.02959 0.01144 4.36676e-02 1.96596e-03 -5.7751656179e-01 -5.3188298719e-01
74.005 -0.00000 -0.00000 -0.00000 0.00000 -0.00000 -0.00000 -1.7208e-03 4.7636e-01 4.7108e-02 -1.1051e-04 1.8334e-01 7.5162e-06 0.46069 0.38915 0.43689 0.00120 -0.04318 0.00235 4.36676e-02 1.96626e-03 -5.7751689245e-01 -5.3188301502e-01
76.005 0.00000 0.00000 0.00000 0.00000 -0.00000 -0.00000 3.2086e-02 4.7638e-01 3.4053e-02 -1.1051e-04 1.8334e-01 7.5162e-06 0.45118 0.38908 0.44647 -0.02973 -0.03106 -0.01246 4.36675e-02 1.96643e-03 -5.7751702083e-01 -5.3188304256e-01
78.005 -0.00000 0.00000 0.00000 -0.00000 -0.00000 -0.00000 4.6535e-02 4.7639e-01 9.8251e-04 -1.1051e-04 1.8334e-01 7.5162e-06 0.43581 0.38904 0.46188 -0.04280 -0.00073 -0.00213 4.36674e-02 1.96646e-03 -5.7751695002e-01 -5.3188306980e-01
80.005 -0.00000 0.00000 0.00000 0.00000 -0.00000 -0.00000 3.3302e-02 4.7638e-01 -3.2445e-02 -1.1051e-04 1.8334e-01 7.5162e-06 0.44716 0.38902 0.45054 -0.03057 0.02975 0.01355 4.36672e-02 1.96634e-03 -5.7751667087e-01 -5.3188309672e-01
82.005 -0.00000 0.00000 0.00000 -0.00000 -0.00000 -0.00000 3.7513e-04 4.7636e-01 -4.6608e-02 -1.1051e-04 1.8334e-01 7.5162e-06 0.46278 0.38904 0.43491 -0.00049 0.04257 0.00109 4.36670e-02 1.96605e-03 -5.7751616332e-01 -5.3188312337e-01
84.005 0.00000 -0.00000 0.00000 -0.00000 -0.00000 -0.00000 -3.2847e-02 4.7633e-01 -3.3317e-02 -1.1051e-04 1.8334e-01 7.5162e-06 0.44924 0.38908 0.44842 0.02976 0.03041 -0.01411 4.36667e-02 1.96556e-03 -5.7751540079e-01 -5.3188314981e-01
86.005 0.00000 -0.00000 0.00000 -0.00000 -0.00000 -0.00000 -4.6904e-02 4.7632e-01 -4.1835e-04 -1.1051e-04 1.8334e-01 7.5162e-06 0.43477 0.38910 0.46288 0.04258 0.00045 0.00028 4.36664e-02 1.96482e-03 -5.7751435706e-01 -5.3188317611e-01
88.005 -0.00000 -0.00000 -0.00000 -0.00000 -0.00000 -0.00000 -3.3520e-02 4.7632e-01 3.2812e-02 -1.1051e-04 1.8334e-01 7.5162e-06 0.44972 0.38911 0.44792 0.03047 -0.02987 0.01377 4.36660e-02 1.96379e-03 -5.7751301455e-01 -5.3188320239e-01
90.005 0.00000 -0.00000 0.00000 -0.00000 -0.00000 -0.00000 -4.4116e-04 4.7634e-01 4.6817e-02 -1.1051e-04 1.8334e-01 7.5162e-06 0.46213 0.38910 0.43553 0.00033 -0.04279 -0.00139 4.36657e-02 1.96246e-03 -5.7751137283e-01 -5.3188322876e-01
92.005 -0.00000 0.00000 0.00000 -0.00000 -0.00000 -0.00000 3.2931e-02 4.7635e-01 3.3174e-02 -1.1051e-04 1.8334e-01 7.5162e-06 0.44714 0.38909 0.45053 -0.03026 -0.03048 -0.01273 4.36654e-02 1.96083e-03 -5.7750945561e-01 -5.3188325531e-01
94.005 -0.00000 0.00000 -0.00000 -0.00000 -0.00000 -0.00000 4.6784e-02 4.7636e-01 -2.7194e-04 -1.1051e-04 1.8334e-01 7.5162e-06 0.43670 0.38911 0.46097 -0.04312 0.00010 0.00178 4.36651e-02 1.95894e-03 -5.7750731516e-01 -5.3188328212e-01
96.005 -0.00000 0.00000 -0.00000 -0.00000 -0.00000 -0.00000 3.2672e-02 4.7635e-01 -3.3764e-02 -1.1051e-04 1.8334e-01 7.5162e-06 0.45048 0.38915 0.44715 -0.03031 0.03091 0.01162 4.36649e-02 1.95685e-03 -5.7750503292e-01 -5.3188330923e-01
98.005 0.00000 0.00000 -0.00000 0.00000 -0.00000 -0.00000 -1.1981e-03 4.7633e-01 -4.7264e-02 -1.1051e-04 1.8334e-01 7.5162e-06 0.46004 0.38921 0.43754 0.00079 0.04343 -0.00135 4.36647e-02 1.95468e-03 -5.7750271596e-01 -5.3188333662e-01
100.005 0.00000 0.00000 0.00000 -0.00000 -0.00000 -0.00000 -3.4643e-02 4.7631e-01 -3.2551e-02 -1.1051e-04 1.8334e-01 7.5162e-06 0.44785 0.38926 0.44969 0.03158 0.02994 -0.01108 4.36646e-02 1.95256e-03 -5.7750048936e-01 -5.3188336425e-01
102.005 0.00000 -0.00000 -0.00000 0.00000 -0.00000 -0.00000 -4.7599e-02 4.7630e-01 1.6398e-03 -1.1051e-04 1.8334e-01 7.5162e-06 0.43765 0.38928 0.45988 0.04350 -0.00152 0.00044 4.36645e-02 1.95063e-03 -5.7749848550e-01 -5.3188339202e-01
104.005 0.00000 -0.00000 -0.00000 0.00000 -0.00000 -0.00000 -3.2304e-02 4.7630e-01 3.4817e-02 -1.1051e-04 1.8334e-01 7.5162e-06 0.44880 0.38925 0.44876 0.02938 -0.03202 0.01135 4.36644e-02 1.94904e-03 -5.7749683133e-01 -5.3188341982e-01
106.005 0.00000 0.00000 -0.00000 0.00000 -0.00000 -0.00000 1.9975e-03 4.7632e-01 4.7153e-02 -1.1051e-04 1.8334e-01 7.5162e-06 0.46057 0.38919 0.43706 -0.00219 -0.04325 0.00026 4.36643e-02 1.94791e-03 -5.7749563555e-01 -5.3188344753e-01
108.005 -0.00000 -0.00000 0.00000 0.00000 -0.00000 -0.00000 3.4753e-02 4.7634e-01 3.1435e-02 -1.1051e-04 1.8334e-01 7.5162e-06 0.44918 0.38913 0.44852 -0.03219 -0.02869 -0.01227 4.36642e-02 1.94733e-03 -5.7749497734e-01 -5.3188347502e-01
110.005 -0.00000 -0.00000 0.00000 0.00000 -0.00000 0.00000 4.6551e-02 4.7635e-01 -2.7756e-03 -1.1051e-04 1.8334e-01 7.5162e-06 0.43604 0.38909 0.46170 -0.04284 0.00272 -0.00017 4.36641e-02 1.94734e-03 -5.7749489823e-01 -5.3188350219e-01
112.005 -0.00000 -0.00000 0.00000 0.00000 -0.00000 -0.00000 3.0622e-02 4.7634e-01 -3.5106e-02 -1.1051e-04 1.8334e-01 7.5162e-06 0.44909 0.38907 0.44867 -0.02812 0.03222 0.01336 4.36639e-02 1.94793e-03 -5.7749539830e-01 -5.3188352898e-01
114.005 -0.00000 -0.00000 0.00000 0.00000 -0.00000 -0.00000 -3.4162e-03 4.7632e-01 -4.6556e-02 -1.1051e-04 1.8334e-01 7.5162e-06 0.46263 0.38909 0.43511 0.00301 0.04254 -0.00076 4.36638e-02 1.94904e-03 -5.7749643695e-01 -5.3188355537e-01
116.005 -0.00000 0.00000 -0.00000 0.00000 -0.00000 -0.00000 -3.5466e-02 4.7630e-01 -3.0563e-02 -1.1051e-04 1.8334e-01 7.5162e-06 0.44743 0.38911 0.45028 0.03219 0.02787 -0.01398 4.36638e-02 1.95055e-03 -5.7749793808e-01 -5.3188358142e-01
118.005 0.00000 -0.00000 -0.00000 0.00000 -0.00000 -0.00000 -4.6762e-02 4.7629e-01 3.3805e-03 -1.1051e-04 1.8334e-01 7.5162e-06 0.43487 0.38912 0.46282 0.04245 -0.00306 0.00212 4.36639e-02 1.95234e-03 -5.7749979890e-01 -5.3188360723e-01
120.005 0.00000 -0.00000 0.00000 0.00000 -0.00000 -0.00000 -3.0708e-02 4.7630e-01 3.5360e-02 -1.1051e-04 1.8334e-01 7.5162e-06 0.45161 0.38911 0.44608 0.02786 -0.03222 0.01373 4.36640e-02 1.95427e-03 -5.7750190071e-01 -5.3188363296e-01
122.005 -0.00000 -0.00000 -0.00000 0.00000 -0.00000 -0.00000 3.3323e-03 4.7632e-01 4.6592e-02 -1.1051e-04 1.8334e-01 7.5162e-06 0.46214 0.38909 0.43556 -0.00314 -0.04257 -0.00330 4.36642e-02 1.95621e-03 -5.7750412059e-01 -5.3188365880e-01
124.005 0.00000 -0.00000 0.00000 0.00000 -0.00000 -0.00000 3.5403e-02 4.7635e-01 3.0340e-02 -1.1051e-04 1.8334e-01 7.5162e-06 0.44518 0.38908 0.45252 -0.03251 -0.02786 -0.01272 4.36646e-02 1.95807e-03 -5.7750634216e-01 -5.3188368493e-01
126.005 -0.00000 -0.00000 -0.00000 0.00000 -0.00000 -0.00000 4.6510e-02 4.7636e-01 -3.9976e-03 -1.1051e-04 1.8334e-01 7.5162e-06 0.43673 0.38909 0.46095 -0.04284 0.00351 0.00383 4.36650e-02 1.95976e-03 -5.7750846453e-01 -5.3188371147e-01
128.005 -0.00000 -0.00000 0.00000 0.00000 -0.00000 -0.00000 2.9856e-02 4.7636e-01 -3.6182e-02 -1.1051e-04 1.8334e-01 7.5162e-06 0.45259 0.38913 0.44504 -0.02772 0.03310 0.01154 4.36654e-02 1.96126e-03 -5.7751040836e-01 -5.3188373848e-01
130.005 0.00000 0.00000 0.00000 0.00000 -0.00000 -0.00000 -4.8792e-03 4.7634e-01 -4.6986e-02 -1.1051e-04 1.8334e-01 7.5162e-06 0.45988 0.38919 0.43768 0.00413 0.04315 -0.00352 4.36658e-02 1.96255e-03 -5.7751211890e-01 -5.3188376595e-01
132.005 0.00000 -0.00000 -0.00000 0.00000 -0.00000 -0.00000 -3.7050e-02 4.7632e-01 -2.9769e-02 -1.1051e-04 1.8334e-01 7.5162e-06 0.44563 0.38924 0.45187 0.03375 0.02741 -0.01084 4.36661e-02 1.96363e-03 -5.7751356582e-01 -5.3188379380e-01
134.005 -0.00000 -0.00000 0.00000 -0.00000 -0.00000 -0.00000 -4.7349e-02 4.7632e-01 5.3058e-03 -1.1051e-04 1.8334e-01 7.5162e-06 0.43796 0.38926 0.45951 0.04327 -0.00484 0.00264 4.36664e-02 1.96451e-03 -5.7751474039e-01 -5.3188382189e-01
136.005 -0.00000 0.00000 0.00000 -0.00000 -0.00000 -0.00000 -2.9540e-02 4.7633e-01 3.7248e-02 -1.1051e-04 1.8334e-01 7.5162e-06 0.45093 0.38924 0.44656 0.02688 -0.03423 0.01092 4.36666e-02 1.96521e-03 -5.7751565041e-01 -5.3188385006e-01
138.005 -0.00000 0.00000 -0.00000 -0.00000 -0.00000 -0.00000 5.6880e-03 4.7635e-01 4.6925e-02 -1.1051e-04 1.8334e-01 7.5162e-06 0.46002 0.38919 0.43752 -0.00554 -0.04306 -0.00184 4.36667e-02 1.96574e-03 -5.7751631377e-01 -5.3188387819e-01
140.005 -0.00000 0.00000 -0.00000 -0.00000 -0.00000 -0.00000 3.7216e-02 4.7637e-01 2.8647e-02 -1.1051e-04 1.8334e-01 7.5162e-06 0.44711 0.38913 0.45049 -0.03446 -0.02616 -0.01172 4.36667e-02 1.96612e-03 -5.7751675152e-01 -5.3188390614e-01
142.005 0.00000 0.00000 -0.00000 -0.00000 -0.00000 -0.00000 4.6306e-02 4.7638e-01 -6.5146e-03 -1.1051e-04 1.8334e-01 7.5162e-06 0.43656 0.38909 0.46108 -0.04264 0.00615 0.00176 4.36667e-02 1.96636e-03 -5.7751698121e-01 -5.3188393383e-01
144.005 0.00000 0.00000 -0.00000 -0.00000 -0.00000 -0.00000 2.7768e-02 4.7637e-01 -3.7573e-02 -1.1051e-04 1.8334e-01 7.5162e-06 0.45089 0.38908 0.44676 -0.02551 0.03451 0.01279 4.36666e-02 1.96645e-03 -5.7751701168e-01 -5.3188396123e-01
146.005 0.00000 0.00000 0.00000 -0.00000 -0.00000 -0.00000 -7.1964e-03 4.7634e-01 -4.6243e-02 -1.1051e-04 1.8334e-01 7.5162e-06 0.46205 0.38909 0.43559 0.00650 0.04226 -0.00256 4.36664e-02 1.96641e-03 -5.7751684001e-01 -5.3188398832e-01
148.005 -0.00000 -0.00000 0.00000 -0.00000 -0.00000 0.00000 -3.7891e-02 4.7632e-01 -2.7628e-02 -1.1051e-04 1.8334e-01 7.5162e-06 0.44563 0.38910 0.45200 0.03443 0.02516 -0.01350 4.36662e-02 1.96621e-03 -5.7751645129e-01 -5.3188401511e-01
150.005 0.00000 0.00000 0.00000 -0.00000 -0.00000 0.00000 -4.6350e-02 4.7631e-01 7.1694e-03 -1.1051e-04 1.8334e-01 7.5162e-06 0.43527 0.38910 0.46237 0.04207 -0.00657 0.00387 4.36659e-02 1.96583e-03 -5.7751582153e-01 -5.3188404165e-01
152.005 -0.00000 0.00000 -0.00000 -0.00000 -0.00000 -0.00000 -2.7710e-02 4.7632e-01 3.7706e-02 -1.1051e-04 1.8334e-01 7.5162e-06 0.45336 0.38909 0.44429 0.02508 -0.03438 0.01336 4.36656e-02 1.96522e-03 -5.7751492333e-01 -5.3188406801e-01
154.005 0.00000 -0.00000 -0.00000 0.00000 0.00000 0.00000 7.0928e-03 4.7634e-01 4.6085e-02 -1.1051e-04 1.8334e-01 7.5162e-06 0.46180 0.38906 0.43588 -0.00661 -0.04208 -0.00511 4.36653e-02 1.96435e-03 -5.7751373363e-01 -5.3188409430e-01
156.005 -0.00000 0.00000 0.00000 0.00000 -0.00000 0.00000 3.7661e-02 4.7635e-01 2.7314e-02 -1.1051e-04 1.8334e-01 7.5162e-06 0.44331 0.38905 0.45439 -0.03457 -0.02506 -0.01240 4.36649e-02 1.96317e-03 -5.7751224228e-01 -5.3188412061e-01
158.005 -0.00000 -0.00000 0.00000 -0.00000 -0.00000 0.00000 4.5939e-02 4.7636e-01 -7.7090e-03 -1.1051e-04 1.8334e-01 7.5162e-06 0.43707 0.38907 0.46062 -0.04229 0.00691 0.00577 4.36646e-02 1.96169e-03 -5.7751046000e-01 -5.3188414706e-01
160.005 0.00000 -0.00000 -0.00000 0.00000 0.00000 0.00000 2.6835e-02 4.7634e-01 -3.8375e-02 -1.1051e-04 1.8334e-01 7.5162e-06 0.45460 0.38912 0.44305 -0.02494 0.03508 0.01116 4.36643e-02 1.95992e-03 -5.7750842424e-01 -5.3188417374e-01
162.005 0.00000 -0.00000 0.00000 0.00000 -0.00000 0.00000 -8.5456e-03 4.7632e-01 -4.6394e-02 -1.1051e-04 1.8334e-01 7.5162e-06 0.45945 0.38919 0.43813 0.00747 0.04259 -0.00557 4.36641e-02 1.95792e-03 -5.7750620183e-01 -5.3188420070e-01
164.005 -0.00000 -0.00000 -0.00000 -0.00000 -0.00000 0.00000 -3.9215e-02 4.7630e-01 -2.6770e-02 -1.1051e-04 1.8334e-01 7.5162e-06 0.44357 0.38925 0.45396 0.03571 0.02468 -0.01032 4.36639e-02 1.95578e-03 -5.7750388753e-01 -5.3188422796e-01
166.005 0.00000 -0.00000 0.00000 -0.00000 -0.00000 -0.00000 -4.6765e-02 4.7629e-01 8.9506e-03 -1.1051e-04 1.8334e-01 7.5162e-06 0.43858 0.38928 0.45893 0.04274 -0.00815 0.00472 4.36637e-02 1.95361e-03 -5.7750159847e-01 -5.3188425548e-01
168.005 -0.00000 -0.00000 0.00000 -0.00000 -0.00000 -0.00000 -2.6555e-02 4.7630e-01 3.9419e-02 -1.1051e-04 1.8334e-01 7.5162e-06 0.45301 0.38927 0.44452 0.02418 -0.03620 0.01024 4.36636e-02 1.95157e-03 -5.7749946484e-01 -5.3188428319e-01
170.005 -0.00000 0.00000 0.00000 -0.00000 -0.00000 -0.00000 9.3411e-03 4.7632e-01 4.6355e-02 -1.1051e-04 1.8334e-01 7.5162e-06 0.45930 0.38922 0.43829 -0.00886 -0.04256 -0.00386 4.36635e-02 1.94979e-03 -5.7749761800e-01 -5.3188431100e-01
172.005 -0.00000 0.00000 -0.00000 -0.00000 -0.00000 -0.00000 3.9405e-02 4.7634e-01 2.5651e-02 -1.1051e-04 1.8334e-01 7.5162e-06 0.44518 0.38917 0.45247 -0.03647 -0.02345 -0.01091 4.36634e-02 1.94841e-03 -5.7749617746e-01 -5.3188433878e-01
174.005 0.00000 -0.00000 -0.00000 -0.00000 0.00000 -0.00000 4.5727e-02 4.7634e-01 -1.0198e-02 -1.1051e-04 1.8334e-01 7.5162e-06 0.43742 0.38914 0.46026 -0.04214 0.00952 0.00365 4.36633e-02 1.94755e-03 -5.7749523862e-01 -5.3188436640e-01
176.005 -0.00000 0.00000 0.00000 -0.00000 -0.00000 -0.00000 2.4729e-02 4.7633e-01 -3.9768e-02 -1.1051e-04 1.8334e-01 7.5162e-06 0.45273 0.38913 0.44497 -0.02274 0.03655 0.01195 4.36632e-02 1.94725e-03 -5.7749486290e-01 -5.3188439374e-01
178.005 -0.00000 -0.00000 0.00000 -0.00000 -0.00000 -0.00000 -1.0913e-02 4.7631e-01 -4.5619e-02 -1.1051e-04 1.8334e-01 7.5162e-06 0.46124 0.38914 0.43644 0.00992 0.04172 -0.00431 4.36631e-02 1.94756e-03 -5.7749507162e-01 -5.3188442074e-01
180.005 0.00000 0.00000 -0.00000 -0.00000 -0.00000 -0.00000 -4.0059e-02 4.7629e-01 -2.4526e-02 -1.1051e-04 1.8334e-01 7.5162e-06 0.44394 0.38915 0.45374 0.03645 0.02231 -0.01271 4.36630e-02 1.94841e-03 -5.7749584443e-01 -5.3188444733e-01
182.005 0.00000 -0.00000 -0.00000 -0.00000 0.00000 -0.00000 -4.5647e-02 4.7628e-01 1.0901e-02 -1.1051e-04 1.8334e-01 7.5162e-06 0.43604 0.38914 0.46165 0.04143 -0.01002 0.00556 4.36629e-02 1.94973e-03 -5.7749712234e-01 -5.3188447355e-01
184.005 -0.00000 -0.00000 0.00000 -0.00000 0.00000 -0.00000 -2.4544e-02 4.7629e-01 3.9813e-02 -1.1051e-04 1.8334e-01 7.5162e-06 0.45508 0.38911 0.44262 0.02216 -0.03633 0.01267 4.36629e-02 1.95140e-03 -5.7749881484e-01 -5.3188449947e-01
186.005 -0.00000 -0.00000 0.00000 -0.00000 0.00000 -0.00000 1.0809e-02 4.7631e-01 4.5292e-02 -1.1051e-04 1.8334e-01 7.5162e-06 0.46117 0.38907 0.43657 -0.01005 -0.04134 -0.00684 4.36630e-02 1.95327e-03 -5.7750080988e-01 -5.3188452522e-01
188.005 0.00000 -0.00000 0.00000 -0.00000 0.00000 -0.00000 3.9685e-02 4.7633e-01 2.4111e-02 -1.1051e-04 1.8334e-01 7.5162e-06 0.44156 0.38905 0.45618 -0.03642 -0.02209 -0.01177 4.36632e-02 1.95523e-03 -5.7750298522e-01 -5.3188455099e-01
190.005 -0.00000 -0.00000 -0.00000 -0.00000 0.00000 -0.00000 4.5075e-02 4.7634e-01 -1.1380e-02 -1.1051e-04 1.8334e-01 7.5162e-06 0.43773 0.38906 0.46000 -0.04147 0.01029 0.00760 4.36635e-02 1.95714e-03 -5.7750521991e-01 -5.3188457696e-01
192.005 -0.00000 0.00000 0.00000 -0.00000 0.00000 -0.00000 2.3633e-02 4.7634e-01 -4.0325e-02 -1.1051e-04 1.8334e-01 7.5162e-06 0.45651 0.38910 0.44116 -0.02199 0.03684 0.01050 4.36639e-02 1.95892e-03 -5.7750740422e-01 -5.3188460328e-01
194.005 -0.00000 -0.00000 -0.00000 -0.00000 0.00000 -0.00000 -1.2161e-02 4.7632e-01 -4.5501e-02 -1.1051e-04 1.8334e-01 7.5162e-06 0.45873 0.38917 0.43886 0.01076 0.04175 -0.00752 4.36643e-02 1.96052e-03 -5.7750944730e-01 -5.3188463005e-01
196.005 0.00000 0.00000 -0.00000 -0.00000 0.00000 -0.00000 -4.1126e-02 4.7630e-01 -2.3600e-02 -1.1051e-04 1.8334e-01 7.5162e-06 0.44157 0.38923 0.45595 0.03742 0.02179 -0.00951 4.36647e-02 1.96192e-03 -5.7751128173e-01 -5.3188465730e-01
198.005 0.00000 0.00000 0.00000 -0.00000 0.00000 -0.00000 -4.5886e-02 4.7630e-01 1.2529e-02 -1.1051e-04 1.8334e-01 7.5162e-06 0.43946 0.38926 0.45802 0.04193 -0.01138 0.00673 4.36651e-02 1.96310e-03 -5.7751286499e-01 -5.3188468498e-01
200.000 -0.00000 -0.00000 -0.00000 -0.00000 0.00000 -0.00000 -2.3500e-02 4.7632e-01 4.1288e-02 -1.1051e-04 1.8334e-01 7.5162e-06 0.45494 0.38925 0.44255 0.02141 -0.03789 0.00928 4.36654e-02 1.96408e-03 -5.7751417495e-01 -5.3188471290e-01
