# t x y z vx vy vz omx omy omz llx lly llz Ixx Iyy Izz Ixy Iyz Ixz KErot PEspr PEgrav Etot
0.000 -0.00000 -0.00000 0.00000 -0.00000 0.00000 0.00000 1.6310e-01 3.9207e-01 -8.6815e-02 -3.9027e-05 7.5205e-02 7.6641e-06 1.56366 0.52106 1.76868 -0.61679 0.32819 0.15255 1.47395e-02 2.77434e-29 -4.5877628073e-01 -4.4403682976e-01
2.005 0.00000 -0.00000 -0.00000 0.00000 0.00000 -0.00000 1.5561e-01 3.9350e-01 -1.0045e-01 -3.9027e-05 7.5205e-02 7.6641e-06 1.56716 0.51479 1.71577 -0.57780 0.37288 0.16464 1.48969e-02 7.86113e-04 -4.6121432674e-01 -4.4553133422e-01
4.005 0.00000 0.00000 0.00000 -0.00000 0.00000 -0.00000 1.4615e-01 3.9263e-01 -1.1271e-01 -3.9027e-05 7.5205e-02 7.6641e-06 1.58158 0.51161 1.67289 -0.53917 0.41584 0.17301 1.48695e-02 1.51461e-03 -4.6225477791e-01 -4.4587068711e-01
6.000 0.00000 0.00000 0.00000 -0.00000 0.00000 0.00000 1.3602e-01 3.9220e-01 -1.2429e-01 -3.9027e-05 7.5205e-02 7.6641e-06 1.60444 0.51011 1.63675 -0.50025 0.45711 0.17764 1.48254e-02 1.96953e-03 -4.6274038776e-01 -4.4594543656e-01
8.000 -0.00000 -0.00000 -0.00000 -0.00000 0.00000 -0.00000 1.2504e-01 3.9196e-01 -1.3511e-01 -3.9027e-05 7.5205e-02 7.6641e-06 1.63053 0.50930 1.60277 -0.45915 0.49594 0.17729 1.47954e-02 2.27428e-03 -4.6303078762e-01 -4.4596115066e-01
10.000 -0.00000 -0.00000 -0.00000 -0.00000 0.00000 -0.00000 1.1324e-01 3.9179e-01 -1.4500e-01 -3.9027e-05 7.5205e-02 7.6641e-06 1.65696 0.50880 1.57095 -0.41537 0.53172 0.17197 1.47582e-02 2.49520e-03 -4.6322778867e-01 -4.4597435638e-01
12.005 -0.00000 -0.00000 -0.00000 -0.00000 0.00000 -0.00000 1.0067e-01 3.9172e-01 -1.5394e-01 -3.9027e-05 7.5205e-02 7.6641e-06 1.68374 0.50858 1.54199 -0.36898 0.56427 0.16244 1.47333e-02 2.58905e-03 -4.6330792054e-01 -4.4598554629e-01
14.005 -0.00000 -0.00000 0.00000 -0.00000 0.00000 -0.00000 8.7463e-02 3.9173e-01 -1.6184e-01 -3.9027e-05 7.5205e-02 7.6641e-06 1.71033 0.50863 1.51596 -0.32059 0.59317 0.14858 1.47280e-02 2.56482e-03 -4.6328749663e-01 -4.4599469689e-01
16.005 0.00000 0.00000 -0.00000 -0.00000 0.00000 -0.00000 7.3664e-02 3.9180e-01 -1.6865e-01 -3.9027e-05 7.5205e-02 7.6641e-06 1.73533 0.50901 1.49368 -0.27031 0.61850 0.13023 1.47368e-02 2.44505e-03 -4.6318368670e-01 -4.4600183596e-01
18.005 0.00000 0.00000 -0.00000 -0.00000 0.00000 -0.00000 5.9348e-02 3.9193e-01 -1.7433e-01 -3.9027e-05 7.5205e-02 7.6641e-06 1.75725 0.50956 1.47567 -0.21799 0.63998 0.10838 1.47492e-02 2.27875e-03 -4.6303517738e-01 -4.4600721307e-01
20.000 -0.00000 -0.00000 0.00000 -0.00000 0.00000 -0.00000 4.4631e-02 3.9205e-01 -1.7878e-01 -3.9027e-05 7.5205e-02 7.6641e-06 1.77567 0.51007 1.46151 -0.16400 0.65694 0.08387 1.47566e-02 2.10771e-03 -4.6287552000e-01 -4.4601122651e-01
22.000 -0.00000 -0.00000 0.00000 -0.00000 0.00000 -0.00000 2.9550e-02 3.9215e-01 -1.8198e-01 -3.9027e-05 7.5205e-02 7.6641e-06 1.78977 0.51048 1.45106 -0.10870 0.66913 0.05661 1.47575e-02 1.96856e-03 -4.6274049408e-01 -4.4601441909e-01
24.000 0.00000 -0.00000 0.00000 -0.00000 0.00000 0.00000 1.4245e-02 3.9222e-01 -1.8389e-01 -3.9027e-05 7.5205e-02 7.6641e-06 1.79819 0.51084 1.44511 -0.05257 0.67654 0.02738 1.47542e-02 1.87521e-03 -4.6264651865e-01 -4.4601708952e-01
26.000 -0.00000 0.00000 -0.00000 -0.00000 0.00000 -0.00000 -1.1753e-03 3.9225e-01 -1.8448e-01 -3.9027e-05 7.5205e-02 7.6641e-06 1.80072 0.51109 1.44371 0.00421 0.67901 -0.00230 1.47506e-02 1.83072e-03 -4.6260071386e-01 -4.4601934848e-01
28.000 -0.00000 -0.00000 -0.00000 0.00000 0.00000 0.00000 -1.6588e-02 3.9224e-01 -1.8375e-01 -3.9027e-05 7.5205e-02 7.6641e-06 1.79792 0.51111 1.44633 0.06105 0.67624 -0.03178 1.47489e-02 1.83597e-03 -4.6260605987e-01 -4.4602121838e-01
30.000 0.00000 0.00000 0.00000 -0.00000 0.00000 -0.00000 -3.1882e-02 3.9220e-01 -1.8171e-01 -3.9027e-05 7.5205e-02 7.6641e-06 1.78976 0.51100 1.45336 0.11723 0.66846 -0.06078 1.47489e-02 1.87579e-03 -4.6264741498e-01 -4.4602268937e-01
32.000 -0.00000 0.00000 0.00000 -0.00000 0.00000 -0.00000 -4.6946e-02 3.9214e-01 -1.7840e-01 -3.9027e-05 7.5205e-02 7.6641e-06 1.77610 0.51089 1.46521 0.17247 0.65605 -0.08805 1.47482e-02 1.93912e-03 -4.6271115133e-01 -4.4602379894e-01
34.000 0.00000 -0.00000 -0.00000 -0.00000 0.00000 -0.00000 -6.1674e-02 3.9207e-01 -1.7383e-01 -3.9027e-05 7.5205e-02 7.6641e-06 1.75812 0.51079 1.48124 0.22662 0.63905 -0.11241 1.47466e-02 2.00811e-03 -4.6277933251e-01 -4.4602463503e-01
36.000 -0.00000 -0.00000 -0.00000 -0.00000 0.00000 -0.00000 -7.5969e-02 3.9201e-01 -1.6805e-01 -3.9027e-05 7.5205e-02 7.6641e-06 1.73681 0.51064 1.50081 0.27914 0.61746 -0.13376 1.47443e-02 2.07259e-03 -4.6284218379e-01 -4.4602529266e-01
38.000 0.00000 0.00000 -0.00000 -0.00000 0.00000 0.00000 -8.9730e-02 3.9196e-01 -1.6110e-01 -3.9027e-05 7.5205e-02 7.6641e-06 1.71228 0.51051 1.52411 0.32951 0.59171 -0.15176 1.47415e-02 2.12007e-03 -4.6288740598e-01 -4.4602583977e-01
40.005 -0.00000 0.00000 -0.00000 -0.00000 0.00000 0.00000 -1.0290e-01 3.9194e-01 -1.5303e-01 -3.9027e-05 7.5205e-02 7.6641e-06 1.68503 0.51052 1.55066 0.37776 0.56208 -0.16529 1.47400e-02 2.14390e-03 -4.6291023709e-01 -4.4602630506e-01
42.005 0.00000 0.00000 0.00000 -0.00000 0.00000 0.00000 -1.1533e-01 3.9193e-01 -1.4392e-01 -3.9027e-05 7.5205e-02 7.6641e-06 1.65661 0.51062 1.57897 0.42351 0.52863 -0.17394 1.47397e-02 2.14460e-03 -4.6291097491e-01 -4.4602668897e-01
44.005 -0.00000 0.00000 0.00000 -0.00000 0.00000 0.00000 -1.2696e-01 3.9194e-01 -1.3380e-01 -3.9027e-05 7.5205e-02 7.6641e-06 1.62755 0.51069 1.60842 0.46630 0.49141 -0.17815 1.47400e-02 2.12840e-03 -4.6289541190e-01 -4.4602699908e-01
46.005 0.00000 0.00000 -0.00000 -0.00000 0.00000 0.00000 -1.3771e-01 3.9195e-01 -1.2276e-01 -3.9027e-05 7.5205e-02 7.6641e-06 1.59796 0.51077 1.63871 0.50573 0.45088 -0.17753 1.47410e-02 2.10100e-03 -4.6286923230e-01 -4.4602723448e-01
48.005 0.00000 -0.00000 -0.00000 -0.00000 0.00000 0.00000 -1.4750e-01 3.9197e-01 -1.1085e-01 -3.9027e-05 7.5205e-02 7.6641e-06 1.56887 0.51094 1.66853 0.54177 0.40734 -0.17155 1.47422e-02 2.06978e-03 -4.6283937006e-01 -4.4602741004e-01
50.005 0.00000 0.00000 -0.00000 -0.00000 0.00000 0.00000 -1.5627e-01 3.9199e-01 -9.8171e-02 -3.9027e-05 7.5205e-02 7.6641e-06 1.54157 0.51112 1.69653 0.57419 0.36080 -0.16079 1.47432e-02 2.03932e-03 -4.6281005062e-01 -4.4602755244e-01
52.005 -0.00000 -0.00000 -0.00000 -0.00000 0.00000 0.00000 -1.6394e-01 3.9200e-01 -8.4795e-02 -3.9027e-05 7.5205e-02 7.6641e-06 1.51626 0.51119 1.72243 0.60245 0.31156 -0.14595 1.47437e-02 2.01675e-03 -4.6278815049e-01 -4.4602766871e-01
54.005 0.00000 0.00000 0.00000 -0.00000 0.00000 0.00000 -1.7046e-01 3.9201e-01 -7.0821e-02 -3.9027e-05 7.5205e-02 7.6641e-06 1.49329 0.51122 1.74573 0.62633 0.26025 -0.12684 1.47437e-02 2.00485e-03 -4.6277636092e-01 -4.4602776536e-01
56.005 -0.00000 -0.00000 -0.00000 -0.00000 0.00000 0.00000 -1.7578e-01 3.9200e-01 -5.6352e-02 -3.9027e-05 7.5205e-02 7.6641e-06 1.47392 0.51128 1.76507 0.64592 0.20720 -0.10383 1.47435e-02 2.00358e-03 -4.6277494261e-01 -4.4602785116e-01
58.005 -0.00000 -0.00000 0.00000 -0.00000 0.00000 0.00000 -1.7988e-01 3.9199e-01 -4.1486e-02 -3.9027e-05 7.5205e-02 7.6641e-06 1.45881 0.51134 1.77994 0.66105 0.15251 -0.07821 1.47435e-02 2.00961e-03 -4.6278098273e-01 -4.4602791940e-01
60.005 -0.00000 0.00000 -0.00000 -0.00000 0.00000 0.00000 -1.8271e-01 3.9198e-01 -2.6327e-02 -3.9027e-05 7.5205e-02 7.6641e-06 1.44783 0.51130 1.79067 0.67137 0.09668 -0.05065 1.47432e-02 2.02007e-03 -4.6279126031e-01 -4.4602797108e-01
62.005 0.00000 0.00000 0.00000 -0.00000 0.00000 0.00000 -1.8427e-01 3.9197e-01 -1.0989e-02 -3.9027e-05 7.5205e-02 7.6641e-06 1.44141 0.51123 1.79675 0.67693 0.04038 -0.02130 1.47430e-02 2.03347e-03 -4.6280444297e-01 -4.4602801401e-01
64.005 -0.00000 0.00000 -0.00000 -0.00000 0.00000 0.00000 -1.8454e-01 3.9196e-01 4.4248e-03 -3.9027e-05 7.5205e-02 7.6641e-06 1.44033 0.51124 1.79744 0.67793 -0.01615 0.00874 1.47425e-02 2.04683e-03 -4.6281740805e-01 -4.4602804661e-01
66.005 0.00000 0.00000 0.00000 -0.00000 0.00000 0.00000 -1.8352e-01 3.9194e-01 1.9810e-02 -3.9027e-05 7.5205e-02 7.6641e-06 1.44428 0.51126 1.79314 0.67424 -0.07276 0.03812 1.47419e-02 2.05851e-03 -4.6282843100e-01 -4.4602807388e-01
68.005 0.00000 0.00000 0.00000 -0.00000 0.00000 0.00000 -1.8123e-01 3.9194e-01 3.5055e-02 -3.9027e-05 7.5205e-02 7.6641e-06 1.45277 0.51121 1.78453 0.66569 -0.12885 0.06647 1.47418e-02 2.06382e-03 -4.6283372355e-01 -4.4602809880e-01
70.005 0.00000 0.00000 -0.00000 -0.00000 0.00000 0.00000 -1.7767e-01 3.9194e-01 5.0053e-02 -3.9027e-05 7.5205e-02 7.6641e-06 1.46605 0.51116 1.77125 0.65254 -0.18385 0.09338 1.47418e-02 2.06566e-03 -4.6283556970e-01 -4.4602811893e-01
72.005 -0.00000 -0.00000 -0.00000 -0.00000 0.00000 0.00000 -1.7287e-01 3.9195e-01 6.4705e-02 -3.9027e-05 7.5205e-02 7.6641e-06 1.48399 0.51119 1.75336 0.63504 -0.23761 0.11750 1.47419e-02 2.06283e-03 -4.6283290707e-01 -4.4602813687e-01
74.005 0.00000 -0.00000 -0.00000 -0.00000 0.00000 0.00000 -1.6687e-01 3.9195e-01 7.8904e-02 -3.9027e-05 7.5205e-02 7.6641e-06 1.50544 0.51124 1.73198 0.61305 -0.28990 0.13800 1.47420e-02 2.05891e-03 -4.6282906841e-01 -4.4602815178e-01
76.005 -0.00000 0.00000 0.00000 -0.00000 0.00000 0.00000 -1.5970e-01 3.9195e-01 9.2554e-02 -3.9027e-05 7.5205e-02 7.6641e-06 1.52982 0.51120 1.70781 0.58662 -0.34011 0.15498 1.47421e-02 2.05273e-03 -4.6282298427e-01 -4.4602816307e-01
78.005 -0.00000 -0.00000 0.00000 -0.00000 0.00000 0.00000 -1.5142e-01 3.9196e-01 1.0555e-01 -3.9027e-05 7.5205e-02 7.6641e-06 1.55705 0.51116 1.68080 0.55619 -0.38777 0.16786 1.47421e-02 2.04702e-03 -4.6281732743e-01 -4.4602817418e-01
80.005 -0.00000 -0.00000 0.00000 -0.00000 0.00000 0.00000 -1.4208e-01 3.9197e-01 1.1782e-01 -3.9027e-05 7.5205e-02 7.6641e-06 1.58612 0.51118 1.65186 0.52202 -0.43283 0.17567 1.47425e-02 2.04140e-03 -4.6281207440e-01 -4.4602818284e-01
82.005 -0.00000 0.00000 0.00000 -0.00000 0.00000 0.00000 -1.3175e-01 3.9198e-01 1.2927e-01 -3.9027e-05 7.5205e-02 7.6641e-06 1.61566 0.51120 1.62239 0.48406 -0.47501 0.17849 1.47427e-02 2.03845e-03 -4.6280928774e-01 -4.4602819051e-01
84.005 -0.00000 0.00000 0.00000 -0.00000 0.00000 0.00000 -1.2049e-01 3.9198e-01 1.3980e-01 -3.9027e-05 7.5205e-02 7.6641e-06 1.64529 0.51113 1.59286 0.44259 -0.51375 0.17676 1.47426e-02 2.03752e-03 -4.6280833326e-01 -4.4602819893e-01
86.005 -0.00000 -0.00000 -0.00000 -0.00000 0.00000 0.00000 -1.0839e-01 3.9199e-01 1.4936e-01 -3.9027e-05 7.5205e-02 7.6641e-06 1.67459 0.51105 1.56362 0.39817 -0.54875 0.17003 1.47426e-02 2.03826e-03 -4.6280904444e-01 -4.4602820486e-01
88.005 0.00000 0.00000 0.00000 -0.00000 0.00000 0.00000 -9.5539e-02 3.9199e-01 1.5787e-01 -3.9027e-05 7.5205e-02 7.6641e-06 1.70213 0.51104 1.53601 0.35106 -0.58006 0.15815 1.47423e-02 2.04077e-03 -4.6281129666e-01 -4.4602821081e-01
90.005 -0.00000 0.00000 0.00000 -0.00000 0.00000 0.00000 -8.2020e-02 3.9200e-01 1.6529e-01 -3.9027e-05 7.5205e-02 7.6641e-06 1.72699 0.51103 1.51110 0.30134 -0.60742 0.14208 1.47424e-02 2.04294e-03 -4.6281358992e-01 -4.4602821673e-01
92.005 0.00000 0.00000 -0.00000 -0.00000 0.00000 0.00000 -6.7928e-02 3.9200e-01 1.7154e-01 -3.9027e-05 7.5205e-02 7.6641e-06 1.74913 0.51093 1.48898 0.24944 -0.63036 0.12238 1.47424e-02 2.04573e-03 -4.6281633402e-01 -4.4602822082e-01
94.005 -0.00000 0.00000 -0.00000 -0.00000 0.00000 0.00000 -5.3364e-02 3.9201e-01 1.7660e-01 -3.9027e-05 7.5205e-02 7.6641e-06 1.76794 0.51083 1.47022 0.19600 -0.64884 0.09895 1.47424e-02 2.04744e-03 -4.6281802022e-01 -4.4602822552e-01
96.005 -0.00000 0.00000 0.00000 -0.00000 0.00000 0.00000 -3.8429e-02 3.9201e-01 1.8042e-01 -3.9027e-05 7.5205e-02 7.6641e-06 1.78217 0.51082 1.45595 0.14122 -0.66296 0.07254 1.47422e-02 2.04930e-03 -4.6281971107e-01 -4.4602822994e-01
98.005 -0.00000 0.00000 0.00000 0.00000 0.00000 0.00000 -2.3226e-02 3.9202e-01 1.8298e-01 -3.9027e-05 7.5205e-02 7.6641e-06 1.79173 0.51080 1.44639 0.08527 -0.67249 0.04452 1.47421e-02 2.04992e-03 -4.6282024738e-01 -4.4602823333e-01
100.005 0.00000 0.00000 -0.00000 0.00000 0.00000 0.00000 -7.8612e-03 3.9203e-01 1.8427e-01 -3.9027e-05 7.5205e-02 7.6641e-06 1.79694 0.51069 1.44128 0.02872 -0.67713 0.01534 1.47421e-02 2.05005e-03 -4.6282041319e-01 -4.4602823765e-01
102.005 0.00000 0.00000 0.00000 0.00000 0.00000 0.00000 7.5547e-03 3.9204e-01 1.8427e-01 -3.9027e-05 7.5205e-02 7.6641e-06 1.79720 0.51060 1.44115 -0.02783 -0.67707 -0.01468 1.47423e-02 2.04875e-03 -4.6281930906e-01 -4.4602824117e-01
104.005 0.00000 -0.00000 0.00000 -0.00000 0.00000 -0.00000 2.2917e-02 3.9205e-01 1.8298e-01 -3.9027e-05 7.5205e-02 7.6641e-06 1.79203 0.51059 1.44637 -0.08422 -0.67244 -0.04422 1.47424e-02 2.04757e-03 -4.6281817849e-01 -4.4602824427e-01
106.005 0.00000 -0.00000 0.00000 0.00000 0.00000 0.00000 3.8119e-02 3.9205e-01 1.8040e-01 -3.9027e-05 7.5205e-02 7.6641e-06 1.78219 0.51057 1.45626 -0.14020 -0.66307 -0.07211 1.47422e-02 2.04658e-03 -4.6281707134e-01 -4.4602824832e-01
108.005 -0.00000 0.00000 -0.00000 -0.00000 0.00000 0.00000 5.3053e-02 3.9206e-01 1.7657e-01 -3.9027e-05 7.5205e-02 7.6641e-06 1.76821 0.51047 1.47036 -0.19514 -0.64889 -0.09820 1.47422e-02 2.04583e-03 -4.6281631267e-01 -4.4602825124e-01
110.005 -0.00000 0.00000 -0.00000 -0.00000 0.00000 0.00000 6.7613e-02 3.9207e-01 1.7150e-01 -3.9027e-05 7.5205e-02 7.6641e-06 1.74978 0.51038 1.48890 -0.24854 -0.63026 -0.12187 1.47422e-02 2.04524e-03 -4.6281565949e-01 -4.4602825438e-01
112.005 -0.00000 -0.00000 0.00000 -0.00000 0.00000 0.00000 8.1701e-02 3.9208e-01 1.6524e-01 -3.9027e-05 7.5205e-02 7.6641e-06 1.72741 0.51037 1.51130 -0.30029 -0.60738 -0.14179 1.47424e-02 2.04430e-03 -4.6281496598e-01 -4.4602825804e-01
114.005 0.00000 -0.00000 -0.00000 -0.00000 0.00000 0.00000 9.5217e-02 3.9209e-01 1.5782e-01 -3.9027e-05 7.5205e-02 7.6641e-06 1.70241 0.51034 1.53633 -0.35010 -0.58013 -0.15755 1.47424e-02 2.04410e-03 -4.6281480633e-01 -4.4602826058e-01
116.005 0.00000 0.00000 -0.00000 -0.00000 0.00000 0.00000 1.0806e-01 3.9210e-01 1.4930e-01 -3.9027e-05 7.5205e-02 7.6641e-06 1.67525 0.51024 1.56358 -0.39734 -0.54869 -0.16931 1.47423e-02 2.04468e-03 -4.6281528008e-01 -4.4602826376e-01
118.005 0.00000 0.00000 -0.00000 -0.00000 0.00000 -0.00000 1.2015e-01 3.9210e-01 1.3973e-01 -3.9027e-05 7.5205e-02 7.6641e-06 1.64610 0.51015 1.59279 -0.44166 -0.51355 -0.17640 1.47423e-02 2.04559e-03 -4.6281611050e-01 -4.4602826680e-01
120.005 0.00000 -0.00000 -0.00000 -0.00000 0.00000 -0.00000 1.3140e-01 3.9211e-01 1.2919e-01 -3.9027e-05 7.5205e-02 7.6641e-06 1.61620 0.51015 1.62268 -0.48303 -0.47493 -0.17812 1.47422e-02 2.04627e-03 -4.6281674988e-01 -4.4602826910e-01
122.005 0.00000 -0.00000 -0.00000 -0.00000 0.00000 -0.00000 1.4173e-01 3.9212e-01 1.1774e-01 -3.9027e-05 7.5205e-02 7.6641e-06 1.58683 0.51013 1.65207 -0.52113 -0.43282 -0.17497 1.47423e-02 2.04640e-03 -4.6281696520e-01 -4.4602827211e-01
124.005 -0.00000 0.00000 0.00000 -0.00000 0.00000 -0.00000 1.5107e-01 3.9212e-01 1.0547e-01 -3.9027e-05 7.5205e-02 7.6641e-06 1.55823 0.51003 1.68075 -0.55542 -0.38761 -0.16733 1.47424e-02 2.04643e-03 -4.6281706924e-01 -4.4602827463e-01
126.005 -0.00000 0.00000 -0.00000 -0.00000 0.00000 -0.00000 1.5935e-01 3.9213e-01 9.2470e-02 -3.9027e-05 7.5205e-02 7.6641e-06 1.53099 0.50996 1.70806 -0.58574 -0.33987 -0.15477 1.47423e-02 2.04665e-03 -4.6281722001e-01 -4.4602827689e-01
128.005 0.00000 0.00000 0.00000 -0.00000 0.00000 -0.00000 1.6651e-01 3.9213e-01 7.8818e-02 -3.9027e-05 7.5205e-02 7.6641e-06 1.50649 0.50997 1.73254 -0.61215 -0.28980 -0.13758 1.47421e-02 2.04704e-03 -4.6281745900e-01 -4.4602827976e-01
130.005 -0.00000 -0.00000 -0.00000 -0.00000 0.00000 -0.00000 1.7251e-01 3.9213e-01 6.4615e-02 -3.9027e-05 7.5205e-02 7.6641e-06 1.48540 0.50997 1.75363 -0.63430 -0.23751 -0.11690 1.47422e-02 2.04686e-03 -4.6281735010e-01 -4.4602828199e-01
132.005 0.00000 -0.00000 -0.00000 -0.00000 0.00000 -0.00000 1.7730e-01 3.9214e-01 4.9960e-02 -3.9027e-05 7.5205e-02 7.6641e-06 1.46772 0.50989 1.77140 -0.65184 -0.18355 -0.09314 1.47423e-02 2.04651e-03 -4.6281704989e-01 -4.4602828444e-01
134.005 0.00000 -0.00000 -0.00000 -0.00000 0.00000 -0.00000 1.8085e-01 3.9215e-01 3.4959e-02 -3.9027e-05 7.5205e-02 7.6641e-06 1.45417 0.50984 1.78502 -0.66482 -0.12851 -0.06636 1.47424e-02 2.04608e-03 -4.6281674241e-01 -4.4602828722e-01
136.005 0.00000 0.00000 0.00000 -0.00000 0.00000 -0.00000 1.8314e-01 3.9215e-01 1.9712e-02 -3.9027e-05 7.5205e-02 7.6641e-06 1.44562 0.50987 1.79354 -0.67332 -0.07253 -0.03770 1.47424e-02 2.04592e-03 -4.6281656771e-01 -4.4602828928e-01
138.005 -0.00000 0.00000 -0.00000 -0.00000 0.00000 -0.00000 1.8414e-01 3.9215e-01 4.3265e-03 -3.9027e-05 7.5205e-02 7.6641e-06 1.44190 0.50988 1.79724 -0.67707 -0.01586 -0.00840 1.47422e-02 2.04622e-03 -4.6281669774e-01 -4.4602829200e-01
140.005 -0.00000 -0.00000 0.00000 -0.00000 0.00000 -0.00000 1.8385e-01 3.9215e-01 -1.1089e-02 -3.9027e-05 7.5205e-02 7.6641e-06 1.44277 0.50982 1.79644 -0.67591 0.04086 0.02124 1.47422e-02 2.04607e-03 -4.6281654034e-01 -4.4602829461e-01
142.005 -0.00000 0.00000 0.00000 -0.00000 0.00000 -0.00000 1.8228e-01 3.9215e-01 -2.6424e-02 -3.9027e-05 7.5205e-02 7.6641e-06 1.44876 0.50979 1.79048 -0.67009 0.09712 0.05067 1.47422e-02 2.04596e-03 -4.6281647243e-01 -4.4602829658e-01
144.005 0.00000 0.00000 0.00000 -0.00000 0.00000 -0.00000 1.7943e-01 3.9215e-01 -4.1576e-02 -3.9027e-05 7.5205e-02 7.6641e-06 1.45984 0.50984 1.77936 -0.65974 0.15278 0.07843 1.47423e-02 2.04551e-03 -4.6281616253e-01 -4.4602829936e-01
146.005 -0.00000 -0.00000 0.00000 -0.00000 0.00000 -0.00000 1.7533e-01 3.9215e-01 -5.6438e-02 -3.9027e-05 7.5205e-02 7.6641e-06 1.47507 0.50987 1.76409 -0.64467 0.20754 0.10370 1.47423e-02 2.04570e-03 -4.6281634456e-01 -4.4602830163e-01
148.005 -0.00000 0.00000 0.00000 -0.00000 0.00000 -0.00000 1.6999e-01 3.9215e-01 -7.0904e-02 -3.9027e-05 7.5205e-02 7.6641e-06 1.49415 0.50983 1.74505 -0.62494 0.26073 0.12644 1.47423e-02 2.04597e-03 -4.6281652510e-01 -4.4602830357e-01
150.005 0.00000 0.00000 -0.00000 -0.00000 0.00000 -0.00000 1.6347e-01 3.9214e-01 -8.4872e-02 -3.9027e-05 7.5205e-02 7.6641e-06 1.51711 0.50982 1.72209 -0.60097 0.31195 0.14580 1.47422e-02 2.04646e-03 -4.6281693636e-01 -4.4602830616e-01
152.005 -0.00000 0.00000 0.00000 -0.00000 0.00000 -0.00000 1.5581e-01 3.9214e-01 -9.8249e-02 -3.9027e-05 7.5205e-02 7.6641e-06 1.54299 0.50989 1.69613 -0.57291 0.36114 0.16067 1.47422e-02 2.04640e-03 -4.6281695637e-01 -4.4602830809e-01
154.005 -0.00000 0.00000 -0.00000 -0.00000 0.00000 -0.00000 1.4705e-01 3.9214e-01 -1.1094e-01 -3.9027e-05 7.5205e-02 7.6641e-06 1.57061 0.50994 1.66848 -0.54068 0.40791 0.17104 1.47423e-02 2.04624e-03 -4.6281685284e-01 -4.4602831005e-01
156.005 0.00000 -0.00000 0.00000 -0.00000 0.00000 -0.00000 1.3726e-01 3.9214e-01 -1.2285e-01 -3.9027e-05 7.5205e-02 7.6641e-06 1.59969 0.50991 1.63943 -0.50458 0.45166 0.17705 1.47423e-02 2.04611e-03 -4.6281673298e-01 -4.4602831245e-01
158.005 0.00000 0.00000 0.00000 -0.00000 0.00000 -0.00000 1.2652e-01 3.9213e-01 -1.3391e-01 -3.9027e-05 7.5205e-02 7.6641e-06 1.62972 0.50992 1.60939 -0.46513 0.49217 0.17798 1.47423e-02 2.04613e-03 -4.6281669992e-01 -4.4602831423e-01
160.005 0.00000 0.00000 -0.00000 -0.00000 0.00000 -0.00000 1.1488e-01 3.9212e-01 -1.4402e-01 -3.9027e-05 7.5205e-02 7.6641e-06 1.65921 0.51002 1.57979 -0.42247 0.52942 0.17355 1.47421e-02 2.04644e-03 -4.6281687248e-01 -4.4602831628e-01
162.005 -0.00000 -0.00000 -0.00000 -0.00000 0.00000 -0.00000 1.0245e-01 3.9212e-01 -1.5314e-01 -3.9027e-05 7.5205e-02 7.6641e-06 1.68729 0.51007 1.55166 -0.37666 0.56301 0.16455 1.47422e-02 2.04618e-03 -4.6281673017e-01 -4.4602831860e-01
164.005 -0.00000 -0.00000 0.00000 -0.00000 0.00000 -0.00000 8.9291e-02 3.9212e-01 -1.6118e-01 -3.9027e-05 7.5205e-02 7.6641e-06 1.71385 0.51006 1.52512 -0.32821 0.59247 0.15122 1.47423e-02 2.04607e-03 -4.6281668350e-01 -4.4602832042e-01
166.005 -0.00000 0.00000 -0.00000 -0.00000 0.00000 -0.00000 7.5512e-02 3.9211e-01 -1.6809e-01 -3.9027e-05 7.5205e-02 7.6641e-06 1.73796 0.51010 1.50098 -0.27765 0.61778 0.13330 1.47423e-02 2.04583e-03 -4.6281648986e-01 -4.4602832263e-01
168.005 0.00000 0.00000 -0.00000 -0.00000 0.00000 -0.00000 6.1202e-02 3.9210e-01 -1.7383e-01 -3.9027e-05 7.5205e-02 7.6641e-06 1.75832 0.51020 1.48050 -0.22512 0.63895 0.11150 1.47423e-02 2.04612e-03 -4.6281671262e-01 -4.4602832480e-01
170.005 -0.00000 0.00000 -0.00000 -0.00000 0.00000 -0.00000 4.6461e-02 3.9209e-01 -1.7835e-01 -3.9027e-05 7.5205e-02 7.6641e-06 1.77476 0.51027 1.46399 -0.17083 0.65563 0.08700 1.47422e-02 2.04632e-03 -4.6281680712e-01 -4.4602832672e-01
172.005 0.00000 0.00000 0.00000 -0.00000 0.00000 -0.00000 3.1395e-02 3.9208e-01 -1.8162e-01 -3.9027e-05 7.5205e-02 7.6641e-06 1.78732 0.51027 1.45143 -0.11539 0.66754 0.06006 1.47421e-02 2.04638e-03 -4.6281684689e-01 -4.4602832900e-01
174.005 -0.00000 -0.00000 -0.00000 -0.00000 0.00000 -0.00000 1.6110e-02 3.9208e-01 -1.8363e-01 -3.9027e-05 7.5205e-02 7.6641e-06 1.79510 0.51031 1.44362 -0.05933 0.67485 0.03102 1.47423e-02 2.04600e-03 -4.6281658550e-01 -4.4602833090e-01
176.005 -0.00000 0.00000 0.00000 -0.00000 0.00000 -0.00000 7.1055e-04 3.9207e-01 -1.8435e-01 -3.9027e-05 7.5205e-02 7.6641e-06 1.79753 0.51043 1.44108 -0.00277 0.67761 0.00126 1.47423e-02 2.04577e-03 -4.6281642390e-01 -4.4602833286e-01
178.005 0.00000 0.00000 -0.00000 -0.00000 0.00000 -0.00000 -1.4698e-02 3.9206e-01 -1.8378e-01 -3.9027e-05 7.5205e-02 7.6641e-06 1.79523 0.51050 1.44331 0.05399 0.67552 -0.02818 1.47423e-02 2.04594e-03 -4.6281652914e-01 -4.4602833500e-01
180.005 -0.00000 -0.00000 -0.00000 -0.00000 0.00000 -0.00000 -3.0004e-02 3.9205e-01 -1.8193e-01 -3.9027e-05 7.5205e-02 7.6641e-06 1.78836 0.51050 1.45016 0.11025 0.66857 -0.05713 1.47422e-02 2.04619e-03 -4.6281674291e-01 -4.4602833668e-01
182.005 -0.00000 0.00000 0.00000 -0.00000 0.00000 -0.00000 -4.5099e-02 3.9204e-01 -1.7880e-01 -3.9027e-05 7.5205e-02 7.6641e-06 1.77641 0.51055 1.46206 0.16560 0.65707 -0.08475 1.47422e-02 2.04645e-03 -4.6281694756e-01 -4.4602833861e-01
184.005 -0.00000 0.00000 -0.00000 -0.00000 0.00000 -0.00000 -5.9883e-02 3.9204e-01 -1.7443e-01 -3.9027e-05 7.5205e-02 7.6641e-06 1.75984 0.51067 1.47851 0.21994 0.64110 -0.10963 1.47423e-02 2.04620e-03 -4.6281680678e-01 -4.4602834052e-01
186.005 0.00000 -0.00000 0.00000 -0.00000 0.00000 0.00000 -7.4251e-02 3.9203e-01 -1.6883e-01 -3.9027e-05 7.5205e-02 7.6641e-06 1.73978 0.51073 1.49851 0.27286 0.62049 -0.13133 1.47423e-02 2.04606e-03 -4.6281670439e-01 -4.4602834213e-01
188.005 -0.00000 -0.00000 -0.00000 -0.00000 0.00000 -0.00000 -8.8099e-02 3.9202e-01 -1.6205e-01 -3.9027e-05 7.5205e-02 7.6641e-06 1.71643 0.51074 1.52187 0.32371 0.59546 -0.14980 1.47423e-02 2.04601e-03 -4.6281661978e-01 -4.4602834408e-01
190.005 -0.00000 0.00000 0.00000 -0.00000 0.00000 -0.00000 -1.0133e-01 3.9201e-01 -1.5414e-01 -3.9027e-05 7.5205e-02 7.6641e-06 1.68990 0.51078 1.54834 0.37221 0.56644 -0.16406 1.47422e-02 2.04620e-03 -4.6281671738e-01 -4.4602834591e-01
192.005 0.00000 0.00000 -0.00000 -0.00000 0.00000 -0.00000 -1.1386e-01 3.9201e-01 -1.4516e-01 -3.9027e-05 7.5205e-02 7.6641e-06 1.66146 0.51090 1.57666 0.41829 0.53351 -0.17333 1.47421e-02 2.04625e-03 -4.6281674331e-01 -4.4602834753e-01
194.005 0.00000 -0.00000 0.00000 -0.00000 0.00000 -0.00000 -1.2559e-01 3.9200e-01 -1.3516e-01 -3.9027e-05 7.5205e-02 7.6641e-06 1.63226 0.51096 1.60581 0.46150 0.49667 -0.17795 1.47422e-02 2.04607e-03 -4.6281665104e-01 -4.4602834960e-01
196.005 0.00000 -0.00000 0.00000 -0.00000 0.00000 -0.00000 -1.3645e-01 3.9200e-01 -1.2421e-01 -3.9027e-05 7.5205e-02 7.6641e-06 1.60247 0.51095 1.63561 0.50131 0.45634 -0.17796 1.47423e-02 2.04591e-03 -4.6281656758e-01 -4.4602835141e-01
198.005 -0.00000 -0.00000 0.00000 -0.00000 0.00000 -0.00000 -1.4635e-01 3.9199e-01 -1.1239e-01 -3.9027e-05 7.5205e-02 7.6641e-06 1.57281 0.51099 1.66523 0.53760 0.41301 -0.17270 1.47423e-02 2.04596e-03 -4.6281660200e-01 -4.4602835312e-01
200.005 -0.00000 0.00000 -0.00000 -0.00000 0.00000 -0.00000 -1.5523e-01 3.9198e-01 -9.9791e-02 -3.9027e-05 7.5205e-02 7.6641e-06 1.54474 0.51109 1.69319 0.57031 0.36677 -0.16238 1.47422e-02 2.04628e-03 -4.6281682265e-01 -4.4602835520e-01
202.005 0.00000 -0.00000 0.00000 -0.00000 0.00000 -0.00000 -1.6303e-01 3.9197e-01 -8.6490e-02 -3.9027e-05 7.5205e-02 7.6641e-06 1.51895 0.51113 1.71893 0.59903 0.31779 -0.14791 1.47421e-02 2.04638e-03 -4.6281688577e-01 -4.4602835694e-01
204.005 0.00000 -0.00000 -0.00000 -0.00000 0.00000 -0.00000 -1.6969e-01 3.9197e-01 -7.2584e-02 -3.9027e-05 7.5205e-02 7.6641e-06 1.49557 0.51111 1.74234 0.62339 0.26663 -0.12943 1.47422e-02 2.04629e-03 -4.6281680391e-01 -4.4602835871e-01
206.005 -0.00000 -0.00000 0.00000 -0.00000 0.00000 -0.00000 -1.7516e-01 3.9197e-01 -5.8174e-02 -3.9027e-05 7.5205e-02 7.6641e-06 1.47557 0.51114 1.76232 0.64344 0.21380 -0.10691 1.47423e-02 2.04593e-03 -4.6281655475e-01 -4.4602836061e-01
208.005 -0.00000 0.00000 -0.00000 -0.00000 0.00000 -0.00000 -1.7942e-01 3.9196e-01 -4.3355e-02 -3.9027e-05 7.5205e-02 7.6641e-06 1.45996 0.51123 1.77785 0.65917 0.15938 -0.08145 1.47423e-02 2.04583e-03 -4.6281647096e-01 -4.4602836224e-01
210.005 0.00000 0.00000 -0.00000 -0.00000 0.00000 -0.00000 -1.8242e-01 3.9196e-01 -2.8230e-02 -3.9027e-05 7.5205e-02 7.6641e-06 1.44868 0.51125 1.78909 0.67021 0.10369 -0.05412 1.47422e-02 2.04605e-03 -4.6281661490e-01 -4.4602836399e-01
212.005 0.00000 0.00000 -0.00000 -0.00000 0.00000 -0.00000 -1.8414e-01 3.9196e-01 -1.2909e-02 -3.9027e-05 7.5205e-02 7.6641e-06 1.44180 0.51121 1.79601 0.67642 0.04738 -0.02510 1.47422e-02 2.04624e-03 -4.6281678222e-01 -4.4602836569e-01
214.005 0.00000 0.00000 -0.00000 -0.00000 0.00000 -0.00000 -1.8458e-01 3.9195e-01 2.5004e-03 -3.9027e-05 7.5205e-02 7.6641e-06 1.44009 0.51122 1.79771 0.67803 -0.00911 0.00497 1.47422e-02 2.04631e-03 -4.6281687084e-01 -4.4602836724e-01
216.005 0.00000 -0.00000 0.00000 -0.00000 0.00000 -0.00000 -1.8373e-01 3.9196e-01 1.7895e-02 -3.9027e-05 7.5205e-02 7.6641e-06 1.44363 0.51129 1.79411 0.67502 -0.06568 0.03459 1.47423e-02 2.04609e-03 -4.6281673031e-01 -4.4602836894e-01
218.005 0.00000 -0.00000 0.00000 -0.00000 0.00000 -0.00000 -1.8160e-01 3.9196e-01 3.3165e-02 -3.9027e-05 7.5205e-02 7.6641e-06 1.45172 0.51129 1.78602 0.66716 -0.12191 0.06301 1.47423e-02 2.04604e-03 -4.6281667843e-01 -4.4602837057e-01
220.005 -0.00000 0.00000 -0.00000 -0.00000 0.00000 -0.00000 -1.7819e-01 3.9195e-01 4.8202e-02 -3.9027e-05 7.5205e-02 7.6641e-06 1.46434 0.51123 1.77346 0.65455 -0.17713 0.09008 1.47422e-02 2.04608e-03 -4.6281665229e-01 -4.4602837216e-01
222.005 0.00000 0.00000 0.00000 -0.00000 0.00000 -0.00000 -1.7355e-01 3.9195e-01 6.2901e-02 -3.9027e-05 7.5205e-02 7.6641e-06 1.48166 0.51123 1.75614 0.63753 -0.23101 0.11472 1.47421e-02 2.04626e-03 -4.6281675020e-01 -4.4602837389e-01
224.005 0.00000 -0.00000 -0.00000 -0.00000 0.00000 -0.00000 -1.6769e-01 3.9195e-01 7.7164e-02 -3.9027e-05 7.5205e-02 7.6641e-06 1.50279 0.51128 1.73496 0.61612 -0.28347 0.13573 1.47422e-02 2.04615e-03 -4.6281669217e-01 -4.4602837548e-01
226.005 0.00000 0.00000 0.00000 -0.00000 0.00000 -0.00000 -1.6066e-01 3.9196e-01 9.0888e-02 -3.9027e-05 7.5205e-02 7.6641e-06 1.52676 0.51125 1.71101 0.59023 -0.33400 0.15303 1.47422e-02 2.04598e-03 -4.6281659991e-01 -4.4602837722e-01
228.005 0.00000 -0.00000 -0.00000 -0.00000 0.00000 -0.00000 -1.5251e-01 3.9196e-01 1.0397e-01 -3.9027e-05 7.5205e-02 7.6641e-06 1.55347 0.51118 1.68438 0.56020 -0.38202 0.16647 1.47423e-02 2.04591e-03 -4.6281656349e-01 -4.4602837898e-01
230.005 -0.00000 -0.00000 0.00000 -0.00000 0.00000 -0.00000 -1.4330e-01 3.9197e-01 1.1633e-01 -3.9027e-05 7.5205e-02 7.6641e-06 1.58235 0.51116 1.65552 0.52644 -0.42734 0.17505 1.47422e-02 2.04606e-03 -4.6281667802e-01 -4.4602838053e-01
232.005 -0.00000 -0.00000 0.00000 -0.00000 0.00000 -0.00000 -1.3308e-01 3.9197e-01 1.2788e-01 -3.9027e-05 7.5205e-02 7.6641e-06 1.61194 0.51118 1.62590 0.48899 -0.46986 0.17842 1.47421e-02 2.04636e-03 -4.6281688918e-01 -4.4602838233e-01
234.005 0.00000 0.00000 0.00000 -0.00000 0.00000 -0.00000 -1.2194e-01 3.9197e-01 1.3854e-01 -3.9027e-05 7.5205e-02 7.6641e-06 1.64148 0.51114 1.59640 0.44794 -0.50909 0.17714 1.47421e-02 2.04634e-03 -4.6281686989e-01 -4.4602838402e-01
236.005 -0.00000 -0.00000 -0.00000 -0.00000 0.00000 -0.00000 -1.0994e-01 3.9198e-01 1.4822e-01 -3.9027e-05 7.5205e-02 7.6641e-06 1.67080 0.51105 1.56718 0.40381 -0.54458 0.17114 1.47422e-02 2.04617e-03 -4.6281673758e-01 -4.4602838552e-01
238.005 -0.00000 -0.00000 0.00000 -0.00000 0.00000 -0.00000 -9.7181e-02 3.9199e-01 1.5687e-01 -3.9027e-05 7.5205e-02 7.6641e-06 1.69877 0.51101 1.53925 0.35704 -0.57632 0.15997 1.47423e-02 2.04586e-03 -4.6281650423e-01 -4.4602838722e-01
240.005 0.00000 0.00000 -0.00000 -0.00000 0.00000 -0.00000 -8.3741e-02 3.9199e-01 1.6442e-01 -3.9027e-05 7.5205e-02 7.6641e-06 1.72407 0.51102 1.51394 0.30770 -0.60420 0.14426 1.47422e-02 2.04592e-03 -4.6281653276e-01 -4.4602838877e-01
242.005 0.00000 0.00000 -0.00000 -0.00000 0.00000 -0.00000 -6.9715e-02 3.9200e-01 1.7083e-01 -3.9027e-05 7.5205e-02 7.6641e-06 1.74647 0.51097 1.49159 0.25604 -0.62777 0.12497 1.47422e-02 2.04610e-03 -4.6281665728e-01 -4.4602839024e-01
244.005 -0.00000 0.00000 0.00000 -0.00000 0.00000 -0.00000 -5.5204e-02 3.9200e-01 1.7604e-01 -3.9027e-05 7.5205e-02 7.6641e-06 1.76576 0.51086 1.47240 0.20271 -0.64681 0.10211 1.47422e-02 2.04626e-03 -4.6281681030e-01 -4.4602839185e-01
246.005 0.00000 0.00000 -0.00000 -0.00000 0.00000 -0.00000 -4.0311e-02 3.9201e-01 1.8002e-01 -3.9027e-05 7.5205e-02 7.6641e-06 1.78077 0.51081 1.45744 0.14811 -0.66144 0.07601 1.47422e-02 2.04618e-03 -4.6281678732e-01 -4.4602839331e-01
248.005 0.00000 0.00000 0.00000 -0.00000 0.00000 -0.00000 -2.5136e-02 3.9202e-01 1.8274e-01 -3.9027e-05 7.5205e-02 7.6641e-06 1.79088 0.51082 1.44733 0.09234 -0.67157 0.04802 1.47423e-02 2.04605e-03 -4.6281670259e-01 -4.4602839477e-01
250.005 0.00000 0.00000 0.00000 -0.00000 0.00000 -0.00000 -9.7844e-03 3.9203e-01 1.8418e-01 -3.9027e-05 7.5205e-02 7.6641e-06 1.79651 0.51074 1.44177 0.03580 -0.67688 0.01902 1.47422e-02 2.04607e-03 -4.6281669160e-01 -4.4602839640e-01
252.005 0.00000 0.00000 0.00000 -0.00000 0.00000 -0.00000 5.6319e-03 3.9203e-01 1.8434e-01 -3.9027e-05 7.5205e-02 7.6641e-06 1.79748 0.51063 1.44091 -0.02082 -0.67735 -0.01085 1.47421e-02 2.04616e-03 -4.6281671196e-01 -4.4602839787e-01
254.005 0.00000 0.00000 -0.00000 -0.00000 0.00000 -0.00000 2.1006e-02 3.9204e-01 1.8321e-01 -3.9027e-05 7.5205e-02 7.6641e-06 1.79306 0.51059 1.44538 -0.07720 -0.67325 -0.04061 1.47421e-02 2.04625e-03 -4.6281675256e-01 -4.4602839940e-01
256.005 0.00000 -0.00000 -0.00000 -0.00000 0.00000 -0.00000 3.6234e-02 3.9205e-01 1.8080e-01 -3.9027e-05 7.5205e-02 7.6641e-06 1.78364 0.51058 1.45480 -0.13322 -0.66451 -0.06881 1.47422e-02 2.04605e-03 -4.6281663229e-01 -4.4602840103e-01
258.005 -0.00000 0.00000 -0.00000 -0.00000 0.00000 -0.00000 5.1209e-02 3.9206e-01 1.7712e-01 -3.9027e-05 7.5205e-02 7.6641e-06 1.77010 0.51051 1.46842 -0.18837 -0.65096 -0.09503 1.47422e-02 2.04593e-03 -4.6281656620e-01 -4.4602840258e-01
260.005 0.00000 -0.00000 -0.00000 -0.00000 0.00000 -0.00000 6.5821e-02 3.9207e-01 1.7221e-01 -3.9027e-05 7.5205e-02 7.6641e-06 1.75234 0.51039 1.48630 -0.24201 -0.63281 -0.11903 1.47422e-02 2.04594e-03 -4.6281658182e-01 -4.4602840417e-01
262.005 0.00000 -0.00000 0.00000 -0.00000 0.00000 -0.00000 7.9972e-02 3.9208e-01 1.6609e-01 -3.9027e-05 7.5205e-02 7.6641e-06 1.73042 0.51035 1.50826 -0.29392 -0.61043 -0.13959 1.47422e-02 2.04618e-03 -4.6281676854e-01 -4.4602840572e-01
264.005 0.00000 -0.00000 -0.00000 -0.00000 0.00000 -0.00000 9.3564e-02 3.9208e-01 1.5881e-01 -3.9027e-05 7.5205e-02 7.6641e-06 1.70556 0.51035 1.53312 -0.34397 -0.58377 -0.15585 1.47421e-02 2.04636e-03 -4.6281689333e-01 -4.4602840727e-01
266.005 -0.00000 0.00000 0.00000 -0.00000 0.00000 -0.00000 1.0650e-01 3.9209e-01 1.5042e-01 -3.9027e-05 7.5205e-02 7.6641e-06 1.67868 0.51027 1.56006 -0.39161 -0.55285 -0.16801 1.47421e-02 2.04629e-03 -4.6281683757e-01 -4.4602840884e-01
268.005 0.00000 -0.00000 -0.00000 -0.00000 0.00000 -0.00000 1.1869e-01 3.9210e-01 1.4098e-01 -3.9027e-05 7.5205e-02 7.6641e-06 1.64988 0.51017 1.58899 -0.43632 -0.51810 -0.17578 1.47422e-02 2.04605e-03 -4.6281665647e-01 -4.4602841027e-01
270.005 0.00000 0.00000 0.00000 -0.00000 0.00000 -0.00000 1.3005e-01 3.9211e-01 1.3056e-01 -3.9027e-05 7.5205e-02 7.6641e-06 1.61994 0.51014 1.61895 -0.47802 -0.47991 -0.17827 1.47422e-02 2.04588e-03 -4.6281651384e-01 -4.4602841175e-01
272.005 0.00000 -0.00000 0.00000 -0.00000 0.00000 -0.00000 1.4050e-01 3.9211e-01 1.1922e-01 -3.9027e-05 7.5205e-02 7.6641e-06 1.59037 0.51014 1.64852 -0.51655 -0.43829 -0.17562 1.47422e-02 2.04600e-03 -4.6281658250e-01 -4.4602841323e-01
274.005 -0.00000 0.00000 0.00000 -0.00000 0.00000 -0.00000 1.4996e-01 3.9212e-01 1.0705e-01 -3.9027e-05 7.5205e-02 7.6641e-06 1.56175 0.51007 1.67720 -0.55139 -0.39343 -0.16847 1.47421e-02 2.04614e-03 -4.6281669833e-01 -4.4602841460e-01
276.005 -0.00000 -0.00000 0.00000 -0.00000 0.00000 -0.00000 1.5837e-01 3.9212e-01 9.4130e-02 -3.9027e-05 7.5205e-02 7.6641e-06 1.53434 0.50998 1.70470 -0.58220 -0.34593 -0.15664 1.47422e-02 2.04621e-03 -4.6281678715e-01 -4.4602841606e-01
278.005 0.00000 -0.00000 0.00000 -0.00000 0.00000 -0.00000 1.6568e-01 3.9213e-01 8.0556e-02 -3.9027e-05 7.5205e-02 7.6641e-06 1.50933 0.50996 1.72973 -0.60905 -0.29616 -0.14001 1.47422e-02 2.04610e-03 -4.6281673344e-01 -4.4602841748e-01
280.005 -0.00000 0.00000 0.00000 -0.00000 0.00000 -0.00000 1.7183e-01 3.9213e-01 6.6416e-02 -3.9027e-05 7.5205e-02 7.6641e-06 1.48779 0.50998 1.75125 -0.63178 -0.24418 -0.11960 1.47422e-02 2.04605e-03 -4.6281670361e-01 -4.4602841886e-01
282.005 -0.00000 0.00000 -0.00000 -0.00000 0.00000 -0.00000 1.7677e-01 3.9214e-01 5.1811e-02 -3.9027e-05 7.5205e-02 7.6641e-06 1.46978 0.50993 1.76932 -0.64995 -0.19037 -0.09623 1.47422e-02 2.04614e-03 -4.6281672470e-01 -4.4602842038e-01
284.005 0.00000 -0.00000 0.00000 -0.00000 0.00000 -0.00000 1.8048e-01 3.9214e-01 3.6846e-02 -3.9027e-05 7.5205e-02 7.6641e-06 1.45562 0.50985 1.78355 -0.66346 -0.13539 -0.06991 1.47421e-02 2.04623e-03 -4.6281675354e-01 -4.4602842184e-01
286.005 0.00000 -0.00000 -0.00000 -0.00000 0.00000 -0.00000 1.8292e-01 3.9214e-01 2.1625e-02 -3.9027e-05 7.5205e-02 7.6641e-06 1.44633 0.50986 1.79283 -0.67248 -0.07956 -0.04135 1.47421e-02 2.04619e-03 -4.6281671640e-01 -4.4602842324e-01
288.005 0.00000 0.00000 -0.00000 -0.00000 0.00000 -0.00000 1.8409e-01 3.9215e-01 6.2511e-03 -3.9027e-05 7.5205e-02 7.6641e-06 1.44210 0.50989 1.79704 -0.67687 -0.02299 -0.01200 1.47422e-02 2.04597e-03 -4.6281658467e-01 -4.4602842481e-01
290.005 -0.00000 -0.00000 0.00000 -0.00000 0.00000 -0.00000 1.8396e-01 3.9215e-01 -9.1672e-03 -3.9027e-05 7.5205e-02 7.6641e-06 1.44246 0.50986 1.79672 -0.67636 0.03380 0.01753 1.47422e-02 2.04590e-03 -4.6281654989e-01 -4.4602842630e-01
292.005 0.00000 0.00000 -0.00000 -0.00000 0.00000 -0.00000 1.8255e-01 3.9215e-01 -2.4519e-02 -3.9027e-05 7.5205e-02 7.6641e-06 1.44770 0.50980 1.79153 -0.67107 0.09017 0.04698 1.47422e-02 2.04601e-03 -4.6281663326e-01 -4.4602842772e-01
294.005 0.00000 -0.00000 -0.00000 -0.00000 0.00000 -0.00000 1.7986e-01 3.9215e-01 -3.9698e-02 -3.9027e-05 7.5205e-02 7.6641e-06 1.45813 0.50982 1.78107 -0.66125 0.14587 0.07513 1.47421e-02 2.04626e-03 -4.6281682523e-01 -4.4602842923e-01
296.005 -0.00000 0.00000 -0.00000 -0.00000 0.00000 -0.00000 1.7591e-01 3.9215e-01 -5.4603e-02 -3.9027e-05 7.5205e-02 7.6641e-06 1.47299 0.50988 1.76615 -0.64682 0.20074 0.10075 1.47421e-02 2.04633e-03 -4.6281688059e-01 -4.4602843067e-01
298.005 -0.00000 -0.00000 0.00000 -0.00000 0.00000 -0.00000 1.7073e-01 3.9215e-01 -6.9125e-02 -3.9027e-05 7.5205e-02 7.6641e-06 1.49159 0.50986 1.74757 -0.62768 0.25421 0.12371 1.47421e-02 2.04620e-03 -4.6281678426e-01 -4.4602843206e-01
300.005 -0.00000 -0.00000 0.00000 -0.00000 0.00000 -0.00000 1.6435e-01 3.9214e-01 -8.3161e-02 -3.9027e-05 7.5205e-02 7.6641e-06 1.51399 0.50982 1.72522 -0.60417 0.30571 0.14357 1.47422e-02 2.04598e-03 -4.6281661011e-01 -4.4602843347e-01
302.005 -0.00000 0.00000 -0.00000 -0.00000 0.00000 -0.00000 1.5683e-01 3.9214e-01 -9.6616e-02 -3.9027e-05 7.5205e-02 7.6641e-06 1.53962 0.50987 1.69953 -0.57661 0.35511 0.15915 1.47422e-02 2.04593e-03 -4.6281654292e-01 -4.4602843483e-01
304.005 -0.00000 0.00000 -0.00000 -0.00000 0.00000 -0.00000 1.4820e-01 3.9214e-01 -1.0940e-01 -3.9027e-05 7.5205e-02 7.6641e-06 1.56715 0.50994 1.67193 -0.54495 0.40220 0.17001 1.47421e-02 2.04606e-03 -4.6281662873e-01 -4.4602843619e-01
306.005 0.00000 0.00000 0.00000 -0.00000 -0.00000 -0.00000 1.3854e-01 3.9213e-01 -1.2141e-01 -3.9027e-05 7.5205e-02 7.6641e-06 1.59598 0.50994 1.64310 -0.50931 0.44641 0.17649 1.47421e-02 2.04614e-03 -4.6281671263e-01 -4.4602843756e-01
308.005 0.00000 0.00000 -0.00000 -0.00000 -0.00000 -0.00000 1.2791e-01 3.9213e-01 -1.3258e-01 -3.9027e-05 7.5205e-02 7.6641e-06 1.62588 0.50992 1.61322 -0.47020 0.48732 0.17817 1.47422e-02 2.04615e-03 -4.6281674900e-01 -4.4602843891e-01
310.005 0.00000 0.00000 -0.00000 -0.00000 0.00000 -0.00000 1.1638e-01 3.9213e-01 -1.4282e-01 -3.9027e-05 7.5205e-02 7.6641e-06 1.65563 0.50999 1.58340 -0.42795 0.52493 0.17446 1.47422e-02 2.04605e-03 -4.6281670246e-01 -4.4602844027e-01
312.005 -0.00000 0.00000 0.00000 -0.00000 0.00000 -0.00000 1.0404e-01 3.9212e-01 -1.5206e-01 -3.9027e-05 7.5205e-02 7.6641e-06 1.68394 0.51008 1.55501 -0.38258 0.55902 0.16588 1.47422e-02 2.04610e-03 -4.6281672734e-01 -4.4602844166e-01
314.005 -0.00000 -0.00000 0.00000 -0.00000 -0.00000 -0.00000 9.0969e-02 3.9211e-01 -1.6023e-01 -3.9027e-05 7.5205e-02 7.6641e-06 1.71058 0.51009 1.52836 -0.33440 0.58906 0.15308 1.47421e-02 2.04619e-03 -4.6281675993e-01 -4.4602844308e-01
316.005 -0.00000 0.00000 0.00000 -0.00000 -0.00000 -0.00000 7.7262e-02 3.9210e-01 -1.6729e-01 -3.9027e-05 7.5205e-02 7.6641e-06 1.73508 0.51009 1.50385 -0.28403 0.61486 0.13584 1.47421e-02 2.04624e-03 -4.6281676644e-01 -4.4602844449e-01
318.005 0.00000 -0.00000 0.00000 -0.00000 -0.00000 -0.00000 6.3014e-02 3.9210e-01 -1.7318e-01 -3.9027e-05 7.5205e-02 7.6641e-06 1.75608 0.51018 1.48277 -0.23178 0.63652 0.11443 1.47421e-02 2.04610e-03 -4.6281666291e-01 -4.4602844586e-01
320.005 -0.00000 -0.00000 -0.00000 -0.00000 -0.00000 -0.00000 4.8322e-02 3.9209e-01 -1.7785e-01 -3.9027e-05 7.5205e-02 7.6641e-06 1.77295 0.51028 1.46581 -0.17772 0.65381 0.09012 1.47422e-02 2.04592e-03 -4.6281655119e-01 -4.4602844733e-01
322.005 0.00000 0.00000 0.00000 -0.00000 -0.00000 -0.00000 3.3290e-02 3.9209e-01 -1.8129e-01 -3.9027e-05 7.5205e-02 7.6641e-06 1.78591 0.51030 1.45283 -0.12235 0.66636 0.06354 1.47422e-02 2.04592e-03 -4.6281656104e-01 -4.4602844876e-01
324.005 -0.00000 -0.00000 -0.00000 -0.00000 -0.00000 -0.00000 1.8026e-02 3.9208e-01 -1.8345e-01 -3.9027e-05 7.5205e-02 7.6641e-06 1.79442 0.51031 1.44430 -0.06632 0.67419 0.03480 1.47422e-02 2.04609e-03 -4.6281669283e-01 -4.4602845009e-01
326.005 -0.00000 -0.00000 0.00000 -0.00000 0.00000 -0.00000 2.6353e-03 3.9207e-01 -1.8433e-01 -3.9027e-05 7.5205e-02 7.6641e-06 1.79758 0.51040 1.44104 -0.00985 0.67749 0.00496 1.47421e-02 2.04629e-03 -4.6281685378e-01 -4.4602845151e-01
328.005 -0.00000 -0.00000 -0.00000 -0.00000 -0.00000 -0.00000 -1.2778e-02 3.9206e-01 -1.8392e-01 -3.9027e-05 7.5205e-02 7.6641e-06 1.79572 0.51050 1.44279 0.04688 0.67606 -0.02461 1.47421e-02 2.04628e-03 -4.6281684888e-01 -4.4602845288e-01
330.005 -0.00000 -0.00000 0.00000 -0.00000 -0.00000 -0.00000 -2.8103e-02 3.9205e-01 -1.8223e-01 -3.9027e-05 7.5205e-02 7.6641e-06 1.78941 0.51053 1.44909 0.10329 0.66973 -0.05352 1.47422e-02 2.04613e-03 -4.6281673472e-01 -4.4602845418e-01
332.005 0.00000 -0.00000 -0.00000 -0.00000 -0.00000 -0.00000 -4.3231e-02 3.9205e-01 -1.7926e-01 -3.9027e-05 7.5205e-02 7.6641e-06 1.77823 0.51054 1.46025 0.15878 0.65874 -0.08136 1.47422e-02 2.04597e-03 -4.6281659298e-01 -4.4602845553e-01
334.005 0.00000 -0.00000 0.00000 -0.00000 -0.00000 -0.00000 -5.8059e-02 3.9204e-01 -1.7504e-01 -3.9027e-05 7.5205e-02 7.6641e-06 1.76219 0.51064 1.47620 0.21320 0.64332 -0.10676 1.47421e-02 2.04599e-03 -4.6281658538e-01 -4.4602845683e-01
336.005 0.00000 -0.00000 0.00000 -0.00000 -0.00000 0.00000 -7.2484e-02 3.9203e-01 -1.6960e-01 -3.9027e-05 7.5205e-02 7.6641e-06 1.74239 0.51074 1.49590 0.26632 0.62334 -0.12883 1.47421e-02 2.04609e-03 -4.6281665377e-01 -4.4602845812e-01
338.005 0.00000 0.00000 0.00000 -0.00000 -0.00000 0.00000 -8.6403e-02 3.9202e-01 -1.6296e-01 -3.9027e-05 7.5205e-02 7.6641e-06 1.71949 0.51076 1.51878 0.31751 0.59884 -0.14762 1.47421e-02 2.04612e-03 -4.6281670807e-01 -4.4602845947e-01
340.005 0.00000 0.00000 -0.00000 -0.00000 -0.00000 -0.00000 -9.9718e-02 3.9201e-01 -1.5519e-01 -3.9027e-05 7.5205e-02 7.6641e-06 1.69343 0.51078 1.54482 0.36632 0.57025 -0.16254 1.47422e-02 2.04608e-03 -4.6281670769e-01 -4.4602846078e-01
342.005 0.00000 0.00000 0.00000 -0.00000 -0.00000 -0.00000 -1.1234e-01 3.9201e-01 -1.4634e-01 -3.9027e-05 7.5205e-02 7.6641e-06 1.66508 0.51087 1.57308 0.41266 0.53782 -0.17253 1.47422e-02 2.04605e-03 -4.6281670190e-01 -4.4602846207e-01
344.005 0.00000 -0.00000 -0.00000 -0.00000 -0.00000 -0.00000 -1.2418e-01 3.9200e-01 -1.3646e-01 -3.9027e-05 7.5205e-02 7.6641e-06 1.63585 0.51097 1.60221 0.45627 0.50150 -0.17761 1.47421e-02 2.04615e-03 -4.6281675889e-01 -4.4602846347e-01
346.005 -0.00000 0.00000 0.00000 -0.00000 -0.00000 -0.00000 -1.3514e-01 3.9199e-01 -1.2562e-01 -3.9027e-05 7.5205e-02 7.6641e-06 1.60622 0.51097 1.63183 0.49657 0.46156 -0.17816 1.47421e-02 2.04624e-03 -4.6281678752e-01 -4.4602846483e-01
348.005 0.00000 0.00000 -0.00000 -0.00000 -0.00000 0.00000 -1.4517e-01 3.9198e-01 -1.1391e-01 -3.9027e-05 7.5205e-02 7.6641e-06 1.57651 0.51098 1.66153 0.53328 0.41854 -0.17369 1.47421e-02 2.04621e-03 -4.6281674800e-01 -4.4602846617e-01
350.005 -0.00000 0.00000 0.00000 -0.00000 -0.00000 -0.00000 -1.5418e-01 3.9198e-01 -1.0141e-01 -3.9027e-05 7.5205e-02 7.6641e-06 1.54808 0.51107 1.68988 0.56641 0.37270 -0.16397 1.47421e-02 2.04602e-03 -4.6281661211e-01 -4.4602846754e-01
352.005 0.00000 0.00000 -0.00000 -0.00000 -0.00000 -0.00000 -1.6212e-01 3.9198e-01 -8.8187e-02 -3.9027e-05 7.5205e-02 7.6641e-06 1.52199 0.51115 1.71589 0.59568 0.32408 -0.14987 1.47422e-02 2.04590e-03 -4.6281653693e-01 -4.4602846892e-01
354.005 -0.00000 0.00000 0.00000 0.00000 -0.00000 -0.00000 -1.6892e-01 3.9197e-01 -7.4351e-02 -3.9027e-05 7.5205e-02 7.6641e-06 1.49839 0.51114 1.73950 0.62063 0.27312 -0.13193 1.47422e-02 2.04597e-03 -4.6281659211e-01 -4.4602847027e-01
356.005 -0.00000 0.00000 -0.00000 -0.00000 -0.00000 -0.00000 -1.7455e-01 3.9196e-01 -5.9996e-02 -3.9027e-05 7.5205e-02 7.6641e-06 1.47786 0.51114 1.76003 0.64118 0.22044 -0.10999 1.47421e-02 2.04615e-03 -4.6281674594e-01 -4.4602847157e-01
358.005 -0.00000 0.00000 0.00000 -0.00000 -0.00000 -0.00000 -1.7895e-01 3.9196e-01 -4.5223e-02 -3.9027e-05 7.5205e-02 7.6641e-06 1.46158 0.51121 1.77623 0.65742 0.16626 -0.08475 1.47421e-02 2.04628e-03 -4.6281685374e-01 -4.4602847290e-01
360.005 0.00000 -0.00000 0.00000 -0.00000 -0.00000 -0.00000 -1.8211e-01 3.9196e-01 -3.0131e-02 -3.9027e-05 7.5205e-02 7.6641e-06 1.44985 0.51127 1.78790 0.66911 0.11072 -0.05755 1.47421e-02 2.04622e-03 -4.6281681259e-01 -4.4602847421e-01
362.005 0.00000 0.00000 0.00000 -0.00000 -0.00000 -0.00000 -1.8400e-01 3.9196e-01 -1.4828e-02 -3.9027e-05 7.5205e-02 7.6641e-06 1.44246 0.51124 1.79533 0.67594 0.05441 -0.02882 1.47421e-02 2.04608e-03 -4.6281669673e-01 -4.4602847548e-01
364.005 -0.00000 0.00000 0.00000 -0.00000 0.00000 -0.00000 -1.8459e-01 3.9195e-01 5.7641e-04 -3.9027e-05 7.5205e-02 7.6641e-06 1.43997 0.51122 1.79784 0.67807 -0.00209 0.00114 1.47421e-02 2.04599e-03 -4.6281660258e-01 -4.4602847676e-01
366.005 0.00000 -0.00000 0.00000 -0.00000 -0.00000 -0.00000 -1.8391e-01 3.9195e-01 1.5978e-02 -3.9027e-05 7.5205e-02 7.6641e-06 1.44286 0.51128 1.79489 0.67564 -0.05860 0.03100 1.47421e-02 2.04605e-03 -4.6281662080e-01 -4.4602847803e-01
368.005 0.00000 0.00000 -0.00000 -0.00000 -0.00000 -0.00000 -1.8193e-01 3.9195e-01 3.1270e-02 -3.9027e-05 7.5205e-02 7.6641e-06 1.45051 0.51131 1.78720 0.66844 -0.11490 0.05959 1.47421e-02 2.04609e-03 -4.6281666273e-01 -4.4602847929e-01
370.005 0.00000 0.00000 0.00000 -0.00000 -0.00000 -0.00000 -1.7869e-01 3.9195e-01 4.6343e-02 -3.9027e-05 7.5205e-02 7.6641e-06 1.46253 0.51126 1.77523 0.65640 -0.17033 0.08674 1.47421e-02 2.04608e-03 -4.6281668638e-01 -4.4602848061e-01
372.005 0.00000 0.00000 -0.00000 -0.00000 0.00000 -0.00000 -1.7420e-01 3.9195e-01 6.1090e-02 -3.9027e-05 7.5205e-02 7.6641e-06 1.47919 0.51123 1.75862 0.63987 -0.22439 0.11180 1.47422e-02 2.04604e-03 -4.6281668253e-01 -4.4602848189e-01
374.005 -0.00000 -0.00000 0.00000 -0.00000 0.00000 -0.00000 -1.6849e-01 3.9195e-01 7.5412e-02 -3.9027e-05 7.5205e-02 7.6641e-06 1.49996 0.51126 1.73780 0.61902 -0.27699 0.13340 1.47422e-02 2.04608e-03 -4.6281672107e-01 -4.4602848317e-01
376.005 -0.00000 0.00000 0.00000 -0.00000 0.00000 -0.00000 -1.6160e-01 3.9196e-01 8.9208e-02 -3.9027e-05 7.5205e-02 7.6641e-06 1.52369 0.51128 1.71405 0.59374 -0.32780 0.15108 1.47421e-02 2.04620e-03 -4.6281679109e-01 -4.4602848453e-01
378.005 0.00000 -0.00000 0.00000 -0.00000 0.00000 -0.00000 -1.5359e-01 3.9196e-01 1.0238e-01 -3.9027e-05 7.5205e-02 7.6641e-06 1.54997 0.51121 1.68784 0.56417 -0.37621 0.16496 1.47421e-02 2.04625e-03 -4.6281679723e-01 -4.4602848587e-01
380.005 -0.00000 -0.00000 -0.00000 -0.00000 0.00000 -0.00000 -1.4450e-01 3.9196e-01 1.1483e-01 -3.9027e-05 7.5205e-02 7.6641e-06 1.57860 0.51116 1.65927 0.53082 -0.42185 0.17429 1.47421e-02 2.04615e-03 -4.6281671024e-01 -4.4602848714e-01
382.005 -0.00000 -0.00000 0.00000 -0.00000 0.00000 -0.00000 -1.3441e-01 3.9197e-01 1.2649e-01 -3.9027e-05 7.5205e-02 7.6641e-06 1.60829 0.51118 1.62957 0.49386 -0.46469 0.17834 1.47421e-02 2.04596e-03 -4.6281657358e-01 -4.4602848849e-01
384.005 0.00000 0.00000 0.00000 -0.00000 0.00000 -0.00000 -1.2338e-01 3.9197e-01 1.3726e-01 -3.9027e-05 7.5205e-02 7.6641e-06 1.63786 0.51117 1.60000 0.45329 -0.50439 0.17751 1.47421e-02 2.04591e-03 -4.6281654239e-01 -4.4602848982e-01
386.005 0.00000 0.00000 0.00000 -0.00000 -0.00000 0.00000 -1.1148e-01 3.9198e-01 1.4707e-01 -3.9027e-05 7.5205e-02 7.6641e-06 1.66711 0.51108 1.57083 0.40947 -0.54040 0.17212 1.47421e-02 2.04602e-03 -4.6281663337e-01 -4.4602849109e-01
388.005 0.00000 -0.00000 -0.00000 -0.00000 0.00000 -0.00000 -9.8813e-02 3.9198e-01 1.5585e-01 -3.9027e-05 7.5205e-02 7.6641e-06 1.69536 0.51101 1.54265 0.36298 -0.57257 0.16170 1.47421e-02 2.04619e-03 -4.6281678024e-01 -4.4602849237e-01
390.005 -0.00000 0.00000 -0.00000 -0.00000 0.00000 -0.00000 -8.5453e-02 3.9199e-01 1.6354e-01 -3.9027e-05 7.5205e-02 7.6641e-06 1.72115 0.51102 1.51686 0.31400 -0.60091 0.14647 1.47421e-02 2.04625e-03 -4.6281683633e-01 -4.4602849365e-01
392.005 0.00000 0.00000 0.00000 -0.00000 0.00000 -0.00000 -7.1495e-02 3.9199e-01 1.7010e-01 -3.9027e-05 7.5205e-02 7.6641e-06 1.74384 0.51100 1.49419 0.26264 -0.62509 0.12749 1.47421e-02 2.04617e-03 -4.6281677787e-01 -4.4602849490e-01
394.005 -0.00000 0.00000 0.00000 0.00000 0.00000 0.00000 -5.7039e-02 3.9200e-01 1.7546e-01 -3.9027e-05 7.5205e-02 7.6641e-06 1.76348 0.51089 1.47466 0.20943 -0.64472 0.10516 1.47421e-02 2.04606e-03 -4.6281667840e-01 -4.4602849615e-01
396.005 -0.00000 -0.00000 0.00000 0.00000 0.00000 0.00000 -4.2187e-02 3.9201e-01 1.7959e-01 -3.9027e-05 7.5205e-02 7.6641e-06 1.77918 0.51082 1.45903 0.15496 -0.65985 0.07948 1.47421e-02 2.04603e-03 -4.6281662492e-01 -4.4602849739e-01
398.005 -0.00000 0.00000 -0.00000 0.00000 0.00000 0.00000 -2.7042e-02 3.9201e-01 1.8247e-01 -3.9027e-05 7.5205e-02 7.6641e-06 1.78995 0.51081 1.44826 0.09938 -0.67054 0.05155 1.47421e-02 2.04608e-03 -4.6281664260e-01 -4.4602849862e-01
400.000 0.00000 0.00000 -0.00000 0.00000 0.00000 -0.00000 -1.1745e-02 3.9202e-01 1.8407e-01 -3.9027e-05 7.5205e-02 7.6641e-06 1.79600 0.51078 1.44225 0.04305 -0.67650 0.02269 1.47421e-02 2.04607e-03 -4.6281665571e-01 -4.4602849990e-01
