# t x y z vx vy vz omx omy omz llx lly llz Ixx Iyy Izz Ixy Iyz Ixz KErot PEspr PEgrav Etot
0.000 0.00000 0.00000 -0.00000 -0.00000 -0.00000 -0.00000 1.0879e-01 3.4484e-01 -1.0514e-01 -7.3418e-05 1.2980e-01 -6.6423e-07 0.58750 0.47011 0.59481 -0.15364 0.14832 0.10469 2.23767e-02 8.89058e-30 -5.4786074920e-01 -5.2548409165e-01
2.005 0.00000 0.00000 0.00000 0.00000 0.00000 -0.00000 6.1330e-02 3.4813e-01 -1.3717e-01 -7.3418e-05 1.2980e-01 -6.6423e-07 0.64491 0.46168 0.50900 -0.08469 0.18754 0.07393 2.25922e-02 2.47497e-03 -5.5253282898e-01 -5.2746567592e-01
4.005 0.00000 0.00000 0.00000 -0.00000 0.00000 0.00000 5.8531e-03 3.4819e-01 -1.5125e-01 -7.3418e-05 1.2980e-01 -6.6423e-07 0.67838 0.46330 0.47899 -0.00900 0.20797 0.00602 2.25977e-02 1.99491e-03 -5.5209259766e-01 -5.2749999807e-01
6.000 0.00000 -0.00000 0.00000 -0.00000 0.00000 -0.00000 -5.0903e-02 3.4812e-01 -1.4262e-01 -7.3418e-05 1.2980e-01 -6.6423e-07 0.65385 0.46354 0.50217 0.06957 0.19651 -0.06305 2.25956e-02 2.08784e-03 -5.5218469757e-01 -5.2750121459e-01
8.000 -0.00000 0.00000 0.00000 0.00000 0.00000 0.00000 -1.0058e-01 3.4810e-01 -1.1342e-01 -7.3418e-05 1.2980e-01 -6.6423e-07 0.59074 0.46377 0.56560 0.13860 0.15601 -0.09785 2.25962e-02 2.03941e-03 -5.5213694616e-01 -5.2750135303e-01
10.000 0.00000 -0.00000 0.00000 -0.00000 0.00000 0.00000 -1.3548e-01 3.4807e-01 -6.7638e-02 -7.3418e-05 1.2980e-01 -6.6423e-07 0.51977 0.46340 0.63656 0.18641 0.09227 -0.08073 2.25956e-02 2.07367e-03 -5.5217066743e-01 -5.2750143657e-01
12.005 -0.00000 0.00000 -0.00000 -0.00000 0.00000 0.00000 -1.5078e-01 3.4807e-01 -1.2208e-02 -7.3418e-05 1.2980e-01 -6.6423e-07 0.47902 0.46302 0.67799 0.20667 0.01604 -0.01786 2.25957e-02 2.04887e-03 -5.5214603358e-01 -5.2750149653e-01
14.005 -0.00000 -0.00000 0.00000 -0.00000 0.00000 0.00000 -1.4437e-01 3.4807e-01 4.4626e-02 -7.3418e-05 1.2980e-01 -6.6423e-07 0.49438 0.46270 0.66274 0.19751 -0.06123 0.05725 2.25955e-02 2.06674e-03 -5.5216379760e-01 -5.2750154004e-01
16.005 -0.00000 -0.00000 -0.00000 -0.00000 0.00000 -0.00000 -1.1751e-01 3.4809e-01 9.5081e-02 -7.3418e-05 1.2980e-01 -6.6423e-07 0.55872 0.46282 0.59843 0.16124 -0.12989 0.09946 2.25956e-02 2.05413e-03 -5.5215133522e-01 -5.2750157761e-01
18.005 0.00000 -0.00000 0.00000 -0.00000 0.00000 0.00000 -7.3766e-02 3.4811e-01 1.3208e-01 -7.3418e-05 1.2980e-01 -6.6423e-07 0.63255 0.46316 0.52414 0.10190 -0.18104 0.08415 2.25957e-02 2.06356e-03 -5.5216089069e-01 -5.2750161208e-01
20.000 0.00000 0.00000 -0.00000 -0.00000 0.00000 0.00000 -1.9340e-02 3.4814e-01 1.5018e-01 -7.3418e-05 1.2980e-01 -6.6423e-07 0.67411 0.46352 0.48229 0.02699 -0.20672 0.02376 2.25958e-02 2.05696e-03 -5.5215437680e-01 -5.2750164505e-01
22.000 -0.00000 -0.00000 0.00000 -0.00000 0.00000 0.00000 3.8167e-02 3.4817e-01 1.4649e-01 -7.3418e-05 1.2980e-01 -6.6423e-07 0.66419 0.46353 0.49214 -0.05290 -0.20182 -0.04782 2.25956e-02 2.06188e-03 -5.5215914991e-01 -5.2750167800e-01
24.000 0.00000 0.00000 -0.00000 -0.00000 0.00000 0.00000 9.0029e-02 3.4820e-01 1.2146e-01 -7.3418e-05 1.2980e-01 -6.6423e-07 0.60869 0.46318 0.54803 -0.12464 -0.16675 -0.09447 2.25954e-02 2.05822e-03 -5.5215528431e-01 -5.2750170962e-01
26.000 -0.00000 0.00000 0.00000 -0.00000 0.00000 0.00000 1.2861e-01 3.4822e-01 7.8957e-02 -7.3418e-05 1.2980e-01 -6.6423e-07 0.53461 0.46264 0.62262 -0.17716 -0.10778 -0.09044 2.25950e-02 2.06077e-03 -5.5215752321e-01 -5.2750174031e-01
28.000 -0.00000 -0.00000 0.00000 -0.00000 0.00000 0.00000 1.4860e-01 3.4822e-01 2.5345e-02 -7.3418e-05 1.2980e-01 -6.6423e-07 0.48322 0.46229 0.67439 -0.20392 -0.03449 -0.03421 2.25949e-02 2.05881e-03 -5.5215545321e-01 -5.2750176971e-01
30.000 -0.00000 -0.00000 0.00000 -0.00000 0.00000 -0.00000 1.4738e-01 3.4822e-01 -3.1791e-02 -7.3418e-05 1.2980e-01 -6.6423e-07 0.48680 0.46234 0.67074 -0.20234 0.04318 0.04265 2.25949e-02 2.06016e-03 -5.5215684242e-01 -5.2750179881e-01
32.000 -0.00000 0.00000 -0.00000 -0.00000 0.00000 -0.00000 1.2510e-01 3.4821e-01 -8.4532e-02 -7.3418e-05 1.2980e-01 -6.6423e-07 0.54282 0.46277 0.61430 -0.17248 0.11548 0.09366 2.25951e-02 2.05909e-03 -5.5215602906e-01 -5.2750182838e-01
34.000 -0.00000 -0.00000 0.00000 -0.00000 0.00000 -0.00000 8.4647e-02 3.4819e-01 -1.2534e-01 -7.3418e-05 1.2980e-01 -6.6423e-07 0.61646 0.46328 0.54013 -0.11722 0.17224 0.09128 2.25953e-02 2.05969e-03 -5.5215687615e-01 -5.2750185891e-01
36.000 -0.00000 0.00000 -0.00000 -0.00000 0.00000 -0.00000 3.1701e-02 3.4817e-01 -1.4805e-01 -7.3418e-05 1.2980e-01 -6.6423e-07 0.66787 0.46356 0.48845 -0.04382 0.20402 0.04045 2.25955e-02 2.05903e-03 -5.5215637286e-01 -5.2750189022e-01
38.000 0.00000 0.00000 -0.00000 -0.00000 0.00000 -0.00000 -2.5896e-02 3.4813e-01 -1.4915e-01 -7.3418e-05 1.2980e-01 -6.6423e-07 0.67202 0.46345 0.48442 0.03612 0.20517 -0.03189 2.25954e-02 2.05930e-03 -5.5215661133e-01 -5.2750192149e-01
40.005 -0.00000 0.00000 0.00000 -0.00000 0.00000 -0.00000 -7.9679e-02 3.4810e-01 -1.2856e-01 -7.3418e-05 1.2980e-01 -6.6423e-07 0.62487 0.46308 0.53196 0.10992 0.17607 -0.08908 2.25952e-02 2.05906e-03 -5.5215623428e-01 -5.2750195202e-01
42.005 -0.00000 0.00000 -0.00000 -0.00000 0.00000 -0.00000 -1.2167e-01 3.4807e-01 -8.9642e-02 -7.3418e-05 1.2980e-01 -6.6423e-07 0.54942 0.46276 0.60773 0.16677 0.12248 -0.09735 2.25951e-02 2.05935e-03 -5.5215644402e-01 -5.2750198151e-01
44.005 0.00000 0.00000 -0.00000 -0.00000 0.00000 -0.00000 -1.4627e-01 3.4806e-01 -3.8058e-02 -7.3418e-05 1.2980e-01 -6.6423e-07 0.48943 0.46276 0.66772 0.20011 0.05241 -0.04902 2.25951e-02 2.05938e-03 -5.5215653272e-01 -5.2750201069e-01
46.005 -0.00000 0.00000 -0.00000 -0.00000 0.00000 -0.00000 -1.5010e-01 3.4806e-01 1.9038e-02 -7.3418e-05 1.2980e-01 -6.6423e-07 0.48131 0.46311 0.67548 0.20588 -0.02535 0.02689 2.25952e-02 2.05965e-03 -5.5215694076e-01 -5.2750204038e-01
48.005 0.00000 0.00000 0.00000 -0.00000 0.00000 -0.00000 -1.3238e-01 3.4807e-01 7.3653e-02 -7.3418e-05 1.2980e-01 -6.6423e-07 0.52723 0.46355 0.62911 0.18227 -0.10069 0.08528 2.25953e-02 2.05971e-03 -5.5215710560e-01 -5.2750207097e-01
50.005 -0.00000 0.00000 -0.00000 -0.00000 0.00000 -0.00000 -9.5383e-02 3.4809e-01 1.1779e-01 -7.3418e-05 1.2980e-01 -6.6423e-07 0.59893 0.46375 0.55719 0.13133 -0.16216 0.09629 2.25953e-02 2.05979e-03 -5.5215715275e-01 -5.2750210229e-01
52.005 -0.00000 0.00000 -0.00000 -0.00000 0.00000 -0.00000 -4.4463e-02 3.4812e-01 1.4476e-01 -7.3418e-05 1.2980e-01 -6.6423e-07 0.65937 0.46354 0.49696 0.06055 -0.19945 0.05641 2.25950e-02 2.05972e-03 -5.5215687936e-01 -5.2750213361e-01
54.005 -0.00000 0.00000 0.00000 -0.00000 0.00000 0.00000 1.2726e-02 3.4815e-01 1.5062e-01 -7.3418e-05 1.2980e-01 -6.6423e-07 0.67740 0.46302 0.47946 -0.01845 -0.20688 -0.01507 2.25947e-02 2.05969e-03 -5.5215656216e-01 -5.2750216417e-01
56.005 0.00000 -0.00000 0.00000 -0.00000 0.00000 -0.00000 6.7784e-02 3.4817e-01 1.3481e-01 -7.3418e-05 1.2980e-01 -6.6423e-07 0.63995 0.46251 0.51742 -0.09356 -0.18463 -0.08069 2.25945e-02 2.05963e-03 -5.5215629200e-01 -5.2750219370e-01
58.005 0.00000 -0.00000 0.00000 -0.00000 0.00000 -0.00000 1.1299e-01 3.4820e-01 9.9836e-02 -7.3418e-05 1.2980e-01 -6.6423e-07 0.56581 0.46233 0.59174 -0.15492 -0.13696 -0.10078 2.25944e-02 2.05961e-03 -5.5215625575e-01 -5.2750222264e-01
60.005 0.00000 -0.00000 -0.00000 -0.00000 0.00000 -0.00000 1.4212e-01 3.4822e-01 5.0619e-02 -7.3418e-05 1.2980e-01 -6.6423e-07 0.49951 0.46256 0.65781 -0.19502 -0.07016 -0.06238 2.25946e-02 2.05955e-03 -5.5215637561e-01 -5.2750225181e-01
62.005 -0.00000 -0.00000 0.00000 -0.00000 0.00000 -0.00000 1.5096e-01 3.4822e-01 -6.0702e-03 -7.3418e-05 1.2980e-01 -6.6423e-07 0.47952 0.46302 0.67734 -0.20791 0.00759 0.00973 2.25948e-02 2.05945e-03 -5.5215654646e-01 -5.2750228187e-01
64.005 0.00000 0.00000 0.00000 -0.00000 0.00000 -0.00000 1.3790e-01 3.4822e-01 -6.2133e-02 -7.3418e-05 1.2980e-01 -6.6423e-07 0.51347 0.46337 0.64304 -0.19033 0.08539 0.07409 2.25950e-02 2.05930e-03 -5.5215660018e-01 -5.2750231289e-01
66.005 0.00000 0.00000 -0.00000 -0.00000 0.00000 -0.00000 1.0467e-01 3.4820e-01 -1.0922e-01 -7.3418e-05 1.2980e-01 -6.6423e-07 0.58138 0.46338 0.57512 -0.14406 0.15077 0.09854 2.25950e-02 2.05918e-03 -5.5215651630e-01 -5.2750234425e-01
68.005 0.00000 -0.00000 -0.00000 -0.00000 0.00000 0.00000 5.6260e-02 3.4817e-01 -1.4030e-01 -7.3418e-05 1.2980e-01 -6.6423e-07 0.64917 0.46307 0.50766 -0.07675 0.19320 0.07037 2.25949e-02 2.05914e-03 -5.5215637486e-01 -5.2750237508e-01
70.005 0.00000 -0.00000 0.00000 -0.00000 0.00000 0.00000 -5.4837e-05 3.4814e-01 -1.5103e-01 -7.3418e-05 1.2980e-01 -6.6423e-07 0.67976 0.46270 0.47745 0.00055 0.20712 0.00150 2.25947e-02 2.05922e-03 -5.5215633372e-01 -5.2750240490e-01
72.005 0.00000 0.00000 0.00000 -0.00000 0.00000 0.00000 -5.6187e-02 3.4810e-01 -1.4017e-01 -7.3418e-05 1.2980e-01 -6.6423e-07 0.65233 0.46260 0.50498 0.07681 0.19200 -0.07022 2.25947e-02 2.05937e-03 -5.5215647916e-01 -5.2750243409e-01
74.005 0.00000 0.00000 0.00000 -0.00000 0.00000 0.00000 -1.0436e-01 3.4808e-01 -1.0937e-01 -7.3418e-05 1.2980e-01 -6.6423e-07 0.58191 0.46287 0.57513 0.14246 0.15038 -0.10116 2.25948e-02 2.05955e-03 -5.5215677529e-01 -5.2750246348e-01
76.005 0.00000 0.00000 0.00000 -0.00000 0.00000 -0.00000 -1.3779e-01 3.4806e-01 -6.2791e-02 -7.3418e-05 1.2980e-01 -6.6423e-07 0.51137 0.46338 0.64514 0.18884 0.08701 -0.07420 2.25949e-02 2.05970e-03 -5.5215706131e-01 -5.2750249369e-01
78.005 0.00000 -0.00000 0.00000 -0.00000 0.00000 0.00000 -1.5145e-01 3.4805e-01 -6.9051e-03 -7.3418e-05 1.2980e-01 -6.6423e-07 0.47961 0.46379 0.67648 0.20833 0.00990 -0.00808 2.25949e-02 2.05977e-03 -5.5215716411e-01 -5.2750252477e-01
80.005 -0.00000 -0.00000 0.00000 -0.00000 0.00000 0.00000 -1.4309e-01 3.4806e-01 5.0116e-02 -7.3418e-05 1.2980e-01 -6.6423e-07 0.50055 0.46381 0.65551 0.19678 -0.06928 0.06107 2.25947e-02 2.05975e-03 -5.5215701105e-01 -5.2750255619e-01
82.005 0.00000 -0.00000 -0.00000 -0.00000 0.00000 -0.00000 -1.1392e-01 3.4807e-01 9.9739e-02 -7.3418e-05 1.2980e-01 -6.6423e-07 0.56339 0.46342 0.59307 0.15595 -0.13770 0.09853 2.25944e-02 2.05970e-03 -5.5215668820e-01 -5.2750258712e-01
84.005 0.00000 0.00000 -0.00000 -0.00000 0.00000 0.00000 -6.8469e-02 3.4809e-01 1.3474e-01 -7.3418e-05 1.2980e-01 -6.6423e-07 0.63682 0.46288 0.52018 0.09314 -0.18513 0.08245 2.25941e-02 2.05965e-03 -5.5215637888e-01 -5.2750261705e-01
86.005 0.00000 0.00000 0.00000 -0.00000 0.00000 -0.00000 -1.3449e-02 3.4812e-01 1.5034e-01 -7.3418e-05 1.2980e-01 -6.6423e-07 0.67875 0.46253 0.47860 0.01815 -0.20599 0.01821 2.25940e-02 2.05961e-03 -5.5215624273e-01 -5.2750264614e-01
88.005 -0.00000 -0.00000 0.00000 -0.00000 0.00000 -0.00000 4.3413e-02 3.4815e-01 1.4455e-01 -7.3418e-05 1.2980e-01 -6.6423e-07 0.66243 0.46257 0.49488 -0.05917 -0.19837 -0.05695 2.25941e-02 2.05958e-03 -5.5215631221e-01 -5.2750267511e-01
90.005 -0.00000 -0.00000 0.00000 -0.00000 0.00000 -0.00000 9.4220e-02 3.4818e-01 1.1808e-01 -7.3418e-05 1.2980e-01 -6.6423e-07 0.59872 0.46292 0.55824 -0.12902 -0.16281 -0.09793 2.25943e-02 2.05950e-03 -5.5215648259e-01 -5.2750270477e-01
92.005 0.00000 0.00000 -0.00000 -0.00000 0.00000 0.00000 1.3163e-01 3.4821e-01 7.4418e-02 -7.3418e-05 1.2980e-01 -6.6423e-07 0.52632 0.46329 0.63027 -0.18124 -0.10297 -0.08392 2.25945e-02 2.05936e-03 -5.5215659634e-01 -5.2750273543e-01
94.005 0.00000 -0.00000 0.00000 -0.00000 0.00000 0.00000 1.4995e-01 3.4822e-01 1.9781e-02 -7.3418e-05 1.2980e-01 -6.6423e-07 0.48335 0.46339 0.67315 -0.20688 -0.02712 -0.02582 2.25946e-02 2.05922e-03 -5.5215656395e-01 -5.2750276676e-01
96.005 0.00000 0.00000 0.00000 -0.00000 0.00000 0.00000 1.4635e-01 3.4822e-01 -3.7694e-02 -7.3418e-05 1.2980e-01 -6.6423e-07 0.49076 0.46312 0.66602 -0.20144 0.05258 0.04644 2.25945e-02 2.05914e-03 -5.5215642875e-01 -5.2750279790e-01
98.005 -0.00000 -0.00000 0.00000 -0.00000 0.00000 0.00000 1.2156e-01 3.4820e-01 -8.9479e-02 -7.3418e-05 1.2980e-01 -6.6423e-07 0.54695 0.46269 0.61026 -0.16663 0.12349 0.09547 2.25943e-02 2.05917e-03 -5.5215633016e-01 -5.2750282813e-01
100.005 -0.00000 -0.00000 0.00000 -0.00000 0.00000 0.00000 7.9457e-02 3.4817e-01 -1.2823e-01 -7.3418e-05 1.2980e-01 -6.6423e-07 0.62328 0.46243 0.53421 -0.10883 0.17590 0.09130 2.25942e-02 2.05930e-03 -5.5215639642e-01 -5.2750285748e-01
102.005 -0.00000 0.00000 -0.00000 -0.00000 0.00000 0.00000 2.6087e-02 3.4814e-01 -1.4867e-01 -7.3418e-05 1.2980e-01 -6.6423e-07 0.67438 0.46255 0.48297 -0.03631 0.20371 0.03379 2.25943e-02 2.05947e-03 -5.5215664513e-01 -5.2750288669e-01
104.005 -0.00000 0.00000 -0.00000 -0.00000 0.00000 0.00000 -3.1164e-02 3.4811e-01 -1.4795e-01 -7.3418e-05 1.2980e-01 -6.6423e-07 0.66960 0.46303 0.48727 0.04185 0.20332 -0.04207 2.25944e-02 2.05964e-03 -5.5215695815e-01 -5.2750291653e-01
106.005 -0.00000 -0.00000 -0.00000 -0.00000 0.00000 0.00000 -8.4221e-02 3.4809e-01 -1.2589e-01 -7.3418e-05 1.2980e-01 -6.6423e-07 0.61476 0.46357 0.54156 0.11523 0.17359 -0.09209 2.25945e-02 2.05975e-03 -5.5215715193e-01 -5.2750294729e-01
108.005 -0.00000 0.00000 -0.00000 -0.00000 0.00000 0.00000 -1.2524e-01 3.4806e-01 -8.5441e-02 -7.3418e-05 1.2980e-01 -6.6423e-07 0.54217 0.46383 0.61388 0.17234 0.11767 -0.09178 2.25944e-02 2.05977e-03 -5.5215710114e-01 -5.2750297866e-01
110.005 -0.00000 0.00000 -0.00000 -0.00000 0.00000 0.00000 -1.4801e-01 3.4804e-01 -3.2523e-02 -7.3418e-05 1.2980e-01 -6.6423e-07 0.48871 0.46366 0.66750 0.20361 0.04412 -0.04291 2.25941e-02 2.05972e-03 -5.5215682821e-01 -5.2750300988e-01
112.005 -0.00000 0.00000 0.00000 -0.00000 0.00000 0.00000 -1.4926e-01 3.4804e-01 2.4915e-02 -7.3418e-05 1.2980e-01 -6.6423e-07 0.48269 0.46320 0.67398 0.20459 -0.03499 0.03091 2.25938e-02 2.05966e-03 -5.5215648992e-01 -5.2750304024e-01
114.005 -0.00000 0.00000 -0.00000 -0.00000 0.00000 0.00000 -1.2913e-01 3.4805e-01 7.8508e-02 -7.3418e-05 1.2980e-01 -6.6423e-07 0.53102 0.46279 0.62608 0.17654 -0.10790 0.08982 2.25936e-02 2.05962e-03 -5.5215627100e-01 -5.2750306960e-01
116.005 -0.00000 -0.00000 -0.00000 -0.00000 0.00000 0.00000 -9.0694e-02 3.4807e-01 1.2080e-01 -7.3418e-05 1.2980e-01 -6.6423e-07 0.60772 0.46269 0.54947 0.12432 -0.16531 0.09744 2.25936e-02 2.05959e-03 -5.5215626289e-01 -5.2750309852e-01
118.005 0.00000 -0.00000 -0.00000 -0.00000 -0.00000 0.00000 -3.9296e-02 3.4810e-01 1.4595e-01 -7.3418e-05 1.2980e-01 -6.6423e-07 0.66649 0.46295 0.49045 0.05453 -0.20011 0.04888 2.25937e-02 2.05954e-03 -5.5215641102e-01 -5.2750312782e-01
120.005 -0.00000 -0.00000 0.00000 -0.00000 0.00000 -0.00000 1.7957e-02 3.4814e-01 1.5022e-01 -7.3418e-05 1.2980e-01 -6.6423e-07 0.67430 0.46333 0.48225 -0.02416 -0.20680 -0.02511 2.25940e-02 2.05942e-03 -5.5215656477e-01 -5.2750315808e-01
122.005 -0.00000 0.00000 0.00000 0.00000 0.00000 -0.00000 7.2810e-02 3.4817e-01 1.3268e-01 -7.3418e-05 1.2980e-01 -6.6423e-07 0.63067 0.46351 0.52570 -0.10038 -0.18292 -0.08324 2.25941e-02 2.05927e-03 -5.5215659426e-01 -5.2750318922e-01
124.005 0.00000 0.00000 -0.00000 0.00000 0.00000 -0.00000 1.1705e-01 3.4819e-01 9.5759e-02 -7.3418e-05 1.2980e-01 -6.6423e-07 0.55983 0.46332 0.59674 -0.16173 -0.13150 -0.09701 2.25941e-02 2.05916e-03 -5.5215648748e-01 -5.2750322055e-01
126.005 0.00000 -0.00000 -0.00000 0.00000 0.00000 -0.00000 1.4413e-01 3.4821e-01 4.5040e-02 -7.3418e-05 1.2980e-01 -6.6423e-07 0.49738 0.46286 0.65967 -0.19852 -0.06114 -0.05845 2.25940e-02 2.05915e-03 -5.5215635532e-01 -5.2750325119e-01
128.005 0.00000 -0.00000 -0.00000 -0.00000 0.00000 -0.00000 1.5033e-01 3.4821e-01 -1.1913e-02 -7.3418e-05 1.2980e-01 -6.6423e-07 0.47857 0.46242 0.67891 -0.20632 0.01686 0.01474 2.25938e-02 2.05924e-03 -5.5215634479e-01 -5.2750328084e-01
130.005 0.00000 0.00000 -0.00000 0.00000 0.00000 -0.00000 1.3506e-01 3.4820e-01 -6.6996e-02 -7.3418e-05 1.2980e-01 -6.6423e-07 0.51753 0.46233 0.64006 -0.18535 0.09171 0.08106 2.25938e-02 2.05940e-03 -5.5215652666e-01 -5.2750331000e-01
132.005 0.00000 0.00000 -0.00000 0.00000 -0.00000 -0.00000 1.0053e-01 3.4818e-01 -1.1259e-01 -7.3418e-05 1.2980e-01 -6.6423e-07 0.59152 0.46265 0.56573 -0.13865 0.15405 0.10002 2.25939e-02 2.05957e-03 -5.5215683455e-01 -5.2750333951e-01
134.005 -0.00000 0.00000 -0.00000 0.00000 0.00000 -0.00000 5.1395e-02 3.4815e-01 -1.4221e-01 -7.3418e-05 1.2980e-01 -6.6423e-07 0.65589 0.46320 0.50080 -0.07157 0.19536 0.06234 2.25940e-02 2.05971e-03 -5.5215709791e-01 -5.2750336990e-01
136.005 -0.00000 -0.00000 0.00000 -0.00000 0.00000 -0.00000 -5.4394e-03 3.4812e-01 -1.5134e-01 -7.3418e-05 1.2980e-01 -6.6423e-07 0.67639 0.46362 0.47987 0.00707 0.20850 -0.00757 2.25940e-02 2.05977e-03 -5.5215715295e-01 -5.2750340109e-01
138.005 0.00000 -0.00000 0.00000 -0.00000 0.00000 -0.00000 -6.1599e-02 3.4809e-01 -1.3840e-01 -7.3418e-05 1.2980e-01 -6.6423e-07 0.64497 0.46366 0.51124 0.08505 0.19042 -0.07262 2.25938e-02 2.05974e-03 -5.5215695717e-01 -5.2750343248e-01
140.005 -0.00000 -0.00000 -0.00000 -0.00000 0.00000 -0.00000 -1.0869e-01 3.4806e-01 -1.0535e-01 -7.3418e-05 1.2980e-01 -6.6423e-07 0.57711 0.46335 0.57942 0.14977 0.14419 -0.09990 2.25935e-02 2.05968e-03 -5.5215662171e-01 -5.2750346325e-01
142.005 0.00000 -0.00000 -0.00000 -0.00000 0.00000 -0.00000 -1.3993e-01 3.4803e-01 -5.7284e-02 -7.3418e-05 1.2980e-01 -6.6423e-07 0.50733 0.46294 0.64961 0.19190 0.07794 -0.07208 2.25932e-02 2.05964e-03 -5.5215633583e-01 -5.2750349298e-01
144.005 0.00000 -0.00000 -0.00000 -0.00000 0.00000 -0.00000 -1.5111e-01 3.4803e-01 -1.2190e-03 -7.3418e-05 1.2980e-01 -6.6423e-07 0.47672 0.46276 0.68041 0.20678 0.00167 -0.00164 2.25931e-02 2.05961e-03 -5.5215624053e-01 -5.2750352197e-01
146.005 0.00000 -0.00000 -0.00000 -0.00000 0.00000 -0.00000 -1.4083e-01 3.4804e-01 5.5019e-02 -7.3418e-05 1.2980e-01 -6.6423e-07 0.50505 0.46294 0.65189 0.19313 -0.07483 0.06974 2.25932e-02 2.05956e-03 -5.5215634024e-01 -5.2750355103e-01
148.005 -0.00000 0.00000 0.00000 -0.00000 0.00000 -0.00000 -1.1038e-01 3.4806e-01 1.0359e-01 -7.3418e-05 1.2980e-01 -6.6423e-07 0.57388 0.46335 0.58265 0.15208 -0.14176 0.09981 2.25935e-02 2.05947e-03 -5.5215651139e-01 -5.2750358086e-01
150.005 -0.00000 0.00000 -0.00000 -0.00000 0.00000 -0.00000 -6.3824e-02 3.4809e-01 1.3739e-01 -7.3418e-05 1.2980e-01 -6.6423e-07 0.64259 0.46367 0.51362 0.08811 -0.18902 0.07475 2.25937e-02 2.05933e-03 -5.5215660072e-01 -5.2750361170e-01
152.005 -0.00000 -0.00000 -0.00000 -0.00000 -0.00000 -0.00000 -7.8803e-03 3.4812e-01 1.5123e-01 -7.3418e-05 1.2980e-01 -6.6423e-07 0.67610 0.46362 0.48016 0.01043 -0.20836 0.01074 2.25937e-02 2.05919e-03 -5.5215654164e-01 -5.2750364306e-01
154.005 -0.00000 0.00000 -0.00000 -0.00000 -0.00000 -0.00000 4.9093e-02 3.4815e-01 1.4302e-01 -7.3418e-05 1.2980e-01 -6.6423e-07 0.65787 0.46320 0.49882 -0.06841 -0.19649 -0.05982 2.25936e-02 2.05914e-03 -5.5215640144e-01 -5.2750367406e-01
156.005 -0.00000 -0.00000 0.00000 -0.00000 -0.00000 -0.00000 9.8696e-02 3.4817e-01 1.1419e-01 -7.3418e-05 1.2980e-01 -6.6423e-07 0.59474 0.46266 0.56251 -0.13615 -0.15627 -0.09956 2.25934e-02 2.05919e-03 -5.5215632645e-01 -5.2750370409e-01
158.005 -0.00000 0.00000 -0.00000 -0.00000 -0.00000 -0.00000 1.3396e-01 3.4819e-01 6.9165e-02 -7.3418e-05 1.2980e-01 -6.6423e-07 0.52016 0.46233 0.63742 -0.18385 -0.09469 -0.08300 2.25934e-02 2.05933e-03 -5.5215643012e-01 -5.2750373335e-01
160.005 0.00000 -0.00000 -0.00000 -0.00000 -0.00000 -0.00000 1.5012e-01 3.4820e-01 1.4336e-02 -7.3418e-05 1.2980e-01 -6.6423e-07 0.47909 0.46243 0.67838 -0.20602 -0.02019 -0.01796 2.25934e-02 2.05950e-03 -5.5215670343e-01 -5.2750376263e-01
162.005 0.00000 0.00000 -0.00000 0.00000 -0.00000 -0.00000 1.4484e-01 3.4820e-01 -4.2710e-02 -7.3418e-05 1.2980e-01 -6.6423e-07 0.49553 0.46287 0.66150 -0.19949 0.05793 0.05580 2.25936e-02 2.05966e-03 -5.5215700800e-01 -5.2750379263e-01
164.005 -0.00000 0.00000 0.00000 0.00000 -0.00000 -0.00000 1.1858e-01 3.4819e-01 -9.3859e-02 -7.3418e-05 1.2980e-01 -6.6423e-07 0.55669 0.46334 0.59986 -0.16383 0.12888 0.09636 2.25936e-02 2.05975e-03 -5.5215716154e-01 -5.2750382355e-01
166.005 0.00000 -0.00000 0.00000 0.00000 -0.00000 -0.00000 7.4941e-02 3.4816e-01 -1.3149e-01 -7.3418e-05 1.2980e-01 -6.6423e-07 0.62794 0.46353 0.52841 -0.10331 0.18128 0.08490 2.25935e-02 2.05976e-03 -5.5215706225e-01 -5.2750385495e-01
168.005 -0.00000 0.00000 -0.00000 0.00000 -0.00000 -0.00000 2.0378e-02 3.4812e-01 -1.4991e-01 -7.3418e-05 1.2980e-01 -6.6423e-07 0.67344 0.46334 0.48309 -0.02749 0.20638 0.02820 2.25932e-02 2.05971e-03 -5.5215676238e-01 -5.2750388606e-01
170.005 0.00000 0.00000 -0.00000 0.00000 -0.00000 -0.00000 -3.6937e-02 3.4809e-01 -1.4656e-01 -7.3418e-05 1.2980e-01 -6.6423e-07 0.66802 0.46296 0.48890 0.05130 0.20096 -0.04603 2.25929e-02 2.05965e-03 -5.5215643383e-01 -5.2750391621e-01
172.005 0.00000 0.00000 0.00000 0.00000 -0.00000 -0.00000 -8.8734e-02 3.4806e-01 -1.2225e-01 -7.3418e-05 1.2980e-01 -6.6423e-07 0.61084 0.46271 0.54634 0.12164 0.16729 -0.09647 2.25927e-02 2.05961e-03 -5.5215625190e-01 -5.2750394543e-01
174.005 -0.00000 0.00000 -0.00000 -0.00000 -0.00000 -0.00000 -1.2785e-01 3.4803e-01 -8.0582e-02 -7.3418e-05 1.2980e-01 -6.6423e-07 0.53392 0.46281 0.62316 0.17478 0.11074 -0.09131 2.25927e-02 2.05958e-03 -5.5215628153e-01 -5.2750397435e-01
176.005 0.00000 0.00000 0.00000 0.00000 -0.00000 -0.00000 -1.4884e-01 3.4803e-01 -2.7320e-02 -7.3418e-05 1.2980e-01 -6.6423e-07 0.48373 0.46323 0.67293 0.20400 0.03829 -0.03398 2.25929e-02 2.05951e-03 -5.5215644335e-01 -5.2750400381e-01
178.005 -0.00000 -0.00000 -0.00000 0.00000 -0.00000 -0.00000 -1.4852e-01 3.4803e-01 3.0131e-02 -7.3418e-05 1.2980e-01 -6.6423e-07 0.48736 0.46368 0.66884 0.20430 -0.04084 0.04000 2.25932e-02 2.05939e-03 -5.5215658100e-01 -5.2750403425e-01
180.005 -0.00000 0.00000 -0.00000 0.00000 -0.00000 -0.00000 -1.2660e-01 3.4804e-01 8.3409e-02 -7.3418e-05 1.2980e-01 -6.6423e-07 0.53920 0.46385 0.61683 0.17422 -0.11487 0.09059 2.25933e-02 2.05924e-03 -5.5215658148e-01 -5.2750406550e-01
182.005 0.00000 0.00000 -0.00000 0.00000 -0.00000 -0.00000 -8.6241e-02 3.4807e-01 1.2452e-01 -7.3418e-05 1.2980e-01 -6.6423e-07 0.61177 0.46359 0.54453 0.11801 -0.17170 0.09324 2.25932e-02 2.05914e-03 -5.5215645878e-01 -5.2750409675e-01
184.005 0.00000 -0.00000 -0.00000 0.00000 -0.00000 -0.00000 -3.3547e-02 3.4809e-01 1.4742e-01 -7.3418e-05 1.2980e-01 -6.6423e-07 0.66820 0.46306 0.48865 0.04513 -0.20261 0.04499 2.25931e-02 2.05915e-03 -5.5215633912e-01 -5.2750412720e-01
186.005 -0.00000 0.00000 0.00000 0.00000 -0.00000 -0.00000 2.3685e-02 3.4812e-01 1.4907e-01 -7.3418e-05 1.2980e-01 -6.6423e-07 0.67542 0.46258 0.48191 -0.03302 -0.20427 -0.03069 2.25929e-02 2.05926e-03 -5.5215636314e-01 -5.2750415670e-01
188.005 0.00000 0.00000 -0.00000 0.00000 -0.00000 -0.00000 7.7379e-02 3.4815e-01 1.2949e-01 -7.3418e-05 1.2980e-01 -6.6423e-07 0.62619 0.46245 0.53127 -0.10597 -0.17763 -0.08983 2.25930e-02 2.05943e-03 -5.5215657793e-01 -5.2750418586e-01
190.005 -0.00000 0.00000 -0.00000 0.00000 -0.00000 -0.00000 1.2011e-01 3.4818e-01 9.1429e-02 -7.3418e-05 1.2980e-01 -6.6423e-07 0.55003 0.46272 0.60716 -0.16462 -0.12616 -0.09645 2.25931e-02 2.05960e-03 -5.5215689208e-01 -5.2750421551e-01
192.005 -0.00000 0.00000 0.00000 0.00000 -0.00000 -0.00000 1.4572e-01 3.4820e-01 4.0051e-02 -7.3418e-05 1.2980e-01 -6.6423e-07 0.49227 0.46315 0.66446 -0.20057 -0.05582 -0.04924 2.25932e-02 2.05973e-03 -5.5215712646e-01 -5.2750424607e-01
194.005 0.00000 0.00000 0.00000 0.00000 -0.00000 -0.00000 1.5025e-01 3.4820e-01 -1.7360e-02 -7.3418e-05 1.2980e-01 -6.6423e-07 0.48253 0.46342 0.67393 -0.20729 0.02378 0.02274 2.25931e-02 2.05976e-03 -5.5215713279e-01 -5.2750427736e-01
196.005 -0.00000 -0.00000 -0.00000 0.00000 -0.00000 -0.00000 1.3281e-01 3.4818e-01 -7.2285e-02 -7.3418e-05 1.2980e-01 -6.6423e-07 0.52360 0.46333 0.63294 -0.18287 0.10004 0.08221 2.25929e-02 2.05973e-03 -5.5215689840e-01 -5.2750430869e-01
198.005 -0.00000 0.00000 0.00000 0.00000 -0.00000 -0.00000 9.6112e-02 3.4816e-01 -1.1654e-01 -7.3418e-05 1.2980e-01 -6.6423e-07 0.59554 0.46296 0.56139 -0.13162 0.16071 0.09856 2.25925e-02 2.05967e-03 -5.5215655751e-01 -5.2750433927e-01
200.000 -0.00000 0.00000 -0.00000 0.00000 -0.00000 -0.00000 4.5876e-02 3.4813e-01 -1.4379e-01 -7.3418e-05 1.2980e-01 -6.6423e-07 0.66044 0.46261 0.49684 -0.06255 0.19733 0.05979 2.25923e-02 2.05963e-03 -5.5215630044e-01 -5.2750436874e-01
