# t x y z vx vy vz omx omy omz llx lly llz Ixx Iyy Izz Ixy Iyz Ixz KErot PEspr PEgrav Etot
0.000 -0.00000 0.00000 -0.00000 -0.00000 0.00000 0.00000 1.1523e-02 4.6082e-01 -1.5568e-02 -1.2237e-04 1.9787e-01 -1.6637e-05 0.42880 0.43010 0.41369 -0.01059 0.01364 0.01189 4.55905e-02 6.17539e-30 -5.7751933196e-01 -5.3192887976e-01
2.005 0.00000 -0.00000 0.00000 -0.00000 -0.00000 -0.00000 -5.6007e-03 4.6626e-01 -1.8941e-02 -1.2237e-04 1.9787e-01 -1.6637e-05 0.42356 0.42508 0.40476 0.00442 0.01629 -0.00992 4.61300e-02 1.95667e-03 -5.8192942172e-01 -5.3384274625e-01
4.005 0.00000 0.00000 0.00000 0.00000 -0.00000 -0.00000 -1.8693e-02 4.6622e-01 -7.2802e-03 -1.2237e-04 1.9787e-01 -1.6637e-05 0.40237 0.42514 0.42588 0.01577 0.00635 -0.00662 4.61265e-02 1.96103e-03 -5.8193058937e-01 -5.3384305415e-01
6.000 -0.00000 -0.00000 -0.00000 0.00000 -0.00000 -0.00000 -1.7321e-02 4.6620e-01 1.0269e-02 -1.2237e-04 1.9787e-01 -1.6637e-05 0.41054 0.42517 0.41776 0.01471 -0.00876 0.01283 4.61234e-02 1.94546e-03 -5.8191199495e-01 -5.3384310619e-01
8.000 -0.00000 -0.00000 -0.00000 -0.00000 -0.00000 -0.00000 -2.3889e-03 4.6621e-01 1.9875e-02 -1.2237e-04 1.9787e-01 -1.6637e-05 0.42732 0.42516 0.40097 0.00191 -0.01713 0.00042 4.61239e-02 1.94985e-03 -5.8191688031e-01 -5.3384311425e-01
10.000 0.00000 -0.00000 -0.00000 0.00000 -0.00000 -0.00000 1.4375e-02 4.6622e-01 1.3738e-02 -1.2237e-04 1.9787e-01 -1.6637e-05 0.41143 0.42515 0.41687 -0.01257 -0.01193 -0.01277 4.61238e-02 1.95030e-03 -5.8191726721e-01 -5.3384312102e-01
12.005 -0.00000 -0.00000 -0.00000 0.00000 -0.00000 -0.00000 1.9618e-02 4.6622e-01 -3.4530e-03 -1.2237e-04 1.9787e-01 -1.6637e-05 0.40251 0.42515 0.42579 -0.01716 0.00288 0.00570 4.61238e-02 1.95025e-03 -5.8191721043e-01 -5.3384312753e-01
14.005 -0.00000 -0.00000 0.00000 0.00000 -0.00000 -0.00000 9.0489e-03 4.6621e-01 -1.8013e-02 -1.2237e-04 1.9787e-01 -1.6637e-05 0.42239 0.42517 0.40589 -0.00808 0.01545 0.00991 4.61239e-02 1.95022e-03 -5.8191722137e-01 -5.3384313388e-01
16.005 0.00000 -0.00000 -0.00000 0.00000 -0.00000 -0.00000 -8.9822e-03 4.6620e-01 -1.8374e-02 -1.2237e-04 1.9787e-01 -1.6637e-05 0.42179 0.42519 0.40647 0.00746 0.01579 -0.01033 4.61239e-02 1.95025e-03 -5.8191729477e-01 -5.3384314022e-01
18.005 0.00000 -0.00000 0.00000 0.00000 -0.00000 0.00000 -2.0167e-02 4.6620e-01 -4.1953e-03 -1.2237e-04 1.9787e-01 -1.6637e-05 0.40230 0.42520 0.42594 0.01709 0.00358 -0.00501 4.61239e-02 1.95034e-03 -5.8191740906e-01 -5.3384314656e-01
20.000 0.00000 0.00000 -0.00000 0.00000 -0.00000 0.00000 -1.5639e-02 4.6620e-01 1.3250e-02 -1.2237e-04 1.9787e-01 -1.6637e-05 0.41198 0.42519 0.41627 0.01320 -0.01144 0.01266 4.61239e-02 1.95048e-03 -5.8191755404e-01 -5.3384315290e-01
22.000 0.00000 -0.00000 -0.00000 0.00000 -0.00000 0.00000 1.0215e-03 4.6621e-01 2.0197e-02 -1.2237e-04 1.9787e-01 -1.6637e-05 0.42697 0.42517 0.40130 -0.00116 -0.01742 -0.00090 4.61239e-02 1.95068e-03 -5.8191773056e-01 -5.3384315924e-01
24.000 -0.00000 0.00000 0.00000 0.00000 0.00000 0.00000 1.6589e-02 4.6622e-01 1.1121e-02 -1.2237e-04 1.9787e-01 -1.6637e-05 0.41022 0.42515 0.41807 -0.01457 -0.00957 -0.01230 4.61239e-02 1.95092e-03 -5.8191793794e-01 -5.3384316556e-01
26.000 0.00000 0.00000 0.00000 0.00000 0.00000 0.00000 1.8741e-02 4.6622e-01 -6.7185e-03 -1.2237e-04 1.9787e-01 -1.6637e-05 0.40306 0.42515 0.42523 -0.01637 0.00582 0.00678 4.61238e-02 1.95121e-03 -5.8191817444e-01 -5.3384317184e-01
28.000 -0.00000 0.00000 -0.00000 0.00000 0.00000 0.00000 5.8663e-03 4.6621e-01 -1.9156e-02 -1.2237e-04 1.9787e-01 -1.6637e-05 0.42344 0.42516 0.40484 -0.00521 0.01648 0.00923 4.61237e-02 1.95153e-03 -5.8191843966e-01 -5.3384317807e-01
30.000 -0.00000 0.00000 0.00000 0.00000 0.00000 0.00000 -1.1736e-02 4.6620e-01 -1.6413e-02 -1.2237e-04 1.9787e-01 -1.6637e-05 0.42094 0.42517 0.40733 0.00993 0.01402 -0.01136 4.61237e-02 1.95189e-03 -5.8191873259e-01 -5.3384318423e-01
32.000 -0.00000 -0.00000 -0.00000 0.00000 0.00000 0.00000 -2.0130e-02 4.6619e-01 -8.1466e-04 -1.2237e-04 1.9787e-01 -1.6637e-05 0.40133 0.42517 0.42694 0.01706 0.00054 -0.00392 4.61236e-02 1.95229e-03 -5.8191905130e-01 -5.3384319032e-01
34.000 -0.00000 0.00000 0.00000 0.00000 0.00000 0.00000 -1.2815e-02 4.6620e-01 1.5187e-02 -1.2237e-04 1.9787e-01 -1.6637e-05 0.41342 0.42515 0.41486 0.01066 -0.01318 0.01353 4.61235e-02 1.95271e-03 -5.8191939357e-01 -5.3384319631e-01
36.000 -0.00000 0.00000 -0.00000 0.00000 0.00000 -0.00000 4.2245e-03 4.6621e-01 1.8994e-02 -1.2237e-04 1.9787e-01 -1.6637e-05 0.42762 0.42512 0.40069 -0.00403 -0.01634 -0.00263 4.61234e-02 1.95316e-03 -5.8191975729e-01 -5.3384320220e-01
38.000 0.00000 -0.00000 -0.00000 0.00000 0.00000 -0.00000 1.7441e-02 4.6622e-01 7.8131e-03 -1.2237e-04 1.9787e-01 -1.6637e-05 0.40823 0.42510 0.42011 -0.01532 -0.00661 -0.01257 4.61233e-02 1.95362e-03 -5.8192014025e-01 -5.3384320799e-01
40.005 0.00000 -0.00000 0.00000 0.00000 0.00000 0.00000 1.6509e-02 4.6621e-01 -9.3519e-03 -1.2237e-04 1.9787e-01 -1.6637e-05 0.40335 0.42509 0.42499 -0.01436 0.00817 0.00905 4.61232e-02 1.95410e-03 -5.8192054110e-01 -5.3384321367e-01
42.005 0.00000 -0.00000 0.00000 0.00000 0.00000 0.00000 2.4380e-03 4.6620e-01 -1.8852e-02 -1.2237e-04 1.9787e-01 -1.6637e-05 0.42581 0.42509 0.40253 -0.00215 0.01620 0.00835 4.61231e-02 1.95460e-03 -5.8192095542e-01 -5.3384321921e-01
44.005 0.00000 -0.00000 -0.00000 0.00000 0.00000 -0.00000 -1.3463e-02 4.6619e-01 -1.3452e-02 -1.2237e-04 1.9787e-01 -1.6637e-05 0.41941 0.42509 0.40893 0.01146 0.01137 -0.01357 4.61231e-02 1.95510e-03 -5.8192138177e-01 -5.3384322463e-01
46.005 0.00000 0.00000 -0.00000 0.00000 0.00000 -0.00000 -1.8725e-02 4.6619e-01 2.2922e-03 -1.2237e-04 1.9787e-01 -1.6637e-05 0.39949 0.42508 0.42886 0.01579 -0.00221 -0.00168 4.61230e-02 1.95560e-03 -5.8192181780e-01 -5.3384322992e-01
48.005 -0.00000 -0.00000 0.00000 0.00000 0.00000 -0.00000 -9.4920e-03 4.6620e-01 1.5844e-02 -1.2237e-04 1.9787e-01 -1.6637e-05 0.41632 0.42505 0.41206 0.00771 -0.01374 0.01485 4.61229e-02 1.95611e-03 -5.8192226119e-01 -5.3384323507e-01
50.005 0.00000 0.00000 -0.00000 0.00000 0.00000 -0.00000 6.6748e-03 4.6621e-01 1.6694e-02 -1.2237e-04 1.9787e-01 -1.6637e-05 0.42821 0.42502 0.40019 -0.00618 -0.01428 -0.00594 4.61229e-02 1.95661e-03 -5.8192270971e-01 -5.3384324008e-01
52.005 0.00000 -0.00000 0.00000 0.00000 0.00000 -0.00000 1.7009e-02 4.6621e-01 4.5123e-03 -1.2237e-04 1.9787e-01 -1.6637e-05 0.40474 0.42500 0.42369 -0.01491 -0.00369 -0.01218 4.61228e-02 1.95710e-03 -5.8192316126e-01 -5.3384324496e-01
54.005 0.00000 -0.00000 -0.00000 0.00000 -0.00000 -0.00000 1.3634e-02 4.6621e-01 -1.0878e-02 -1.2237e-04 1.9787e-01 -1.6637e-05 0.40478 0.42499 0.42366 -0.01181 0.00948 0.01249 4.61228e-02 1.95759e-03 -5.8192361387e-01 -5.3384324970e-01
56.005 0.00000 0.00000 -0.00000 0.00000 0.00000 -0.00000 -4.4742e-04 4.6620e-01 -1.7438e-02 -1.2237e-04 1.9787e-01 -1.6637e-05 0.42894 0.42499 0.39950 0.00037 0.01491 0.00595 4.61227e-02 1.95807e-03 -5.8192406571e-01 -5.3384325430e-01
58.005 0.00000 -0.00000 -0.00000 0.00000 -0.00000 -0.00000 -1.4011e-02 4.6619e-01 -1.0334e-02 -1.2237e-04 1.9787e-01 -1.6637e-05 0.41614 0.42499 0.41230 0.01189 0.00862 -0.01598 4.61227e-02 1.95854e-03 -5.8192451511e-01 -5.3384325877e-01
60.005 0.00000 0.00000 -0.00000 0.00000 -0.00000 -0.00000 -1.6567e-02 4.6619e-01 4.5361e-03 -1.2237e-04 1.9787e-01 -1.6637e-05 0.39809 0.42497 0.43036 0.01386 -0.00414 0.00236 4.61227e-02 1.95900e-03 -5.8192496054e-01 -5.3384326311e-01
62.005 -0.00000 0.00000 0.00000 0.00000 -0.00000 -0.00000 -6.4644e-03 4.6620e-01 1.5440e-02 -1.2237e-04 1.9787e-01 -1.6637e-05 0.42085 0.42494 0.40764 0.00507 -0.01333 0.01513 4.61227e-02 1.95944e-03 -5.8192540064e-01 -5.3384326731e-01
64.005 0.00000 0.00000 -0.00000 0.00000 0.00000 -0.00000 8.1159e-03 4.6620e-01 1.4074e-02 -1.2237e-04 1.9787e-01 -1.6637e-05 0.42724 0.42491 0.40127 -0.00738 -0.01197 -0.01049 4.61227e-02 1.95987e-03 -5.8192583420e-01 -5.3384327139e-01
66.005 0.00000 -0.00000 0.00000 0.00000 0.00000 -0.00000 1.5790e-02 4.6621e-01 1.8578e-03 -1.2237e-04 1.9787e-01 -1.6637e-05 0.40056 0.42489 0.42797 -0.01379 -0.00141 -0.00983 4.61227e-02 1.96028e-03 -5.8192626016e-01 -5.3384327534e-01
68.005 -0.00000 0.00000 -0.00000 0.00000 0.00000 -0.00000 1.0850e-02 4.6620e-01 -1.1469e-02 -1.2237e-04 1.9787e-01 -1.6637e-05 0.40839 0.42489 0.42015 -0.00937 0.00993 0.01600 4.61227e-02 1.96068e-03 -5.8192667759e-01 -5.3384327918e-01
70.005 -0.00000 -0.00000 -0.00000 0.00000 0.00000 -0.00000 -2.5284e-03 4.6620e-01 -1.5614e-02 -1.2237e-04 1.9787e-01 -1.6637e-05 0.43143 0.42489 0.39711 0.00212 0.01327 0.00140 4.61227e-02 1.96106e-03 -5.8192708568e-01 -5.3384328291e-01
72.005 -0.00000 0.00000 -0.00000 0.00000 0.00000 -0.00000 -1.3809e-02 4.6619e-01 -7.6578e-03 -1.2237e-04 1.9787e-01 -1.6637e-05 0.41099 0.42488 0.41754 0.01163 0.00632 -0.01707 4.61228e-02 1.96143e-03 -5.8192748375e-01 -5.3384328652e-01
74.005 0.00000 0.00000 -0.00000 0.00000 0.00000 -0.00000 -1.4384e-02 4.6619e-01 5.9399e-03 -1.2237e-04 1.9787e-01 -1.6637e-05 0.39857 0.42487 0.42997 0.01194 -0.00527 0.00780 4.61228e-02 1.96179e-03 -5.8192787121e-01 -5.3384329004e-01
76.005 0.00000 0.00000 -0.00000 0.00000 0.00000 -0.00000 -4.1122e-03 4.6620e-01 1.4582e-02 -1.2237e-04 1.9787e-01 -1.6637e-05 0.42611 0.42485 0.40246 0.00309 -0.01251 0.01312 4.61228e-02 1.96212e-03 -5.8192824757e-01 -5.3384329346e-01
78.005 -0.00000 0.00000 0.00000 0.00000 0.00000 -0.00000 8.8339e-03 4.6621e-01 1.1774e-02 -1.2237e-04 1.9787e-01 -1.6637e-05 0.42381 0.42482 0.40479 -0.00791 -0.00997 -0.01503 4.61229e-02 1.96245e-03 -5.8192861240e-01 -5.3384329679e-01
80.005 0.00000 0.00000 0.00000 0.00000 0.00000 -0.00000 1.4461e-02 4.6621e-01 -3.3585e-05 -1.2237e-04 1.9787e-01 -1.6637e-05 0.39715 0.42481 0.43145 -0.01258 0.00015 -0.00512 4.61229e-02 1.96276e-03 -5.8192896534e-01 -5.3384330003e-01
82.005 -0.00000 0.00000 -0.00000 0.00000 0.00000 -0.00000 8.6399e-03 4.6620e-01 -1.1572e-02 -1.2237e-04 1.9787e-01 -1.6637e-05 0.41402 0.42481 0.41459 -0.00749 0.00992 0.01800 4.61229e-02 1.96305e-03 -5.8192930607e-01 -5.3384330319e-01
84.005 0.00000 0.00000 -0.00000 0.00000 0.00000 0.00000 -3.9039e-03 4.6620e-01 -1.4013e-02 -1.2237e-04 1.9787e-01 -1.6637e-05 0.43181 0.42481 0.39679 0.00321 0.01185 -0.00464 4.61230e-02 1.96334e-03 -5.8192963431e-01 -5.3384330629e-01
86.005 -0.00000 -0.00000 -0.00000 0.00000 0.00000 0.00000 -1.3421e-02 4.6619e-01 -5.6857e-03 -1.2237e-04 1.9787e-01 -1.6637e-05 0.40504 0.42481 0.42356 0.01121 0.00468 -0.01567 4.61230e-02 1.96360e-03 -5.8192994979e-01 -5.3384330932e-01
88.005 0.00000 -0.00000 0.00000 0.00000 0.00000 0.00000 -1.2690e-02 4.6619e-01 6.8182e-03 -1.2237e-04 1.9787e-01 -1.6637e-05 0.40168 0.42480 0.42693 0.01048 -0.00592 0.01323 4.61231e-02 1.96386e-03 -5.8193025227e-01 -5.3384331229e-01
90.005 0.00000 0.00000 -0.00000 0.00000 0.00000 0.00000 -2.4577e-03 4.6620e-01 1.3854e-02 -1.2237e-04 1.9787e-01 -1.6637e-05 0.43053 0.42479 0.39810 0.00175 -0.01182 0.00858 4.61231e-02 1.96410e-03 -5.8193054149e-01 -5.3384331521e-01
92.005 0.00000 0.00000 -0.00000 -0.00000 0.00000 0.00000 9.2889e-03 4.6621e-01 1.0127e-02 -1.2237e-04 1.9787e-01 -1.6637e-05 0.41817 0.42477 0.41047 -0.00820 -0.00859 -0.01799 4.61232e-02 1.96433e-03 -5.8193081716e-01 -5.3384331808e-01
94.005 -0.00000 -0.00000 -0.00000 0.00000 0.00000 0.00000 1.3536e-02 4.6621e-01 -1.3563e-03 -1.2237e-04 1.9787e-01 -1.6637e-05 0.39592 0.42476 0.43273 -0.01175 0.00119 0.00121 4.61232e-02 1.96454e-03 -5.8193107900e-01 -5.3384332092e-01
96.005 -0.00000 0.00000 -0.00000 0.00000 0.00000 0.00000 7.1227e-03 4.6621e-01 -1.1708e-02 -1.2237e-04 1.9787e-01 -1.6637e-05 0.42053 0.42477 0.40812 -0.00625 0.00995 0.01741 4.61233e-02 1.96475e-03 -5.8193132668e-01 -5.3384332372e-01
98.005 0.00000 0.00000 -0.00000 0.00000 0.00000 0.00000 -4.9335e-03 4.6620e-01 -1.3008e-02 -1.2237e-04 1.9787e-01 -1.6637e-05 0.42940 0.42478 0.39923 0.00398 0.01099 -0.01074 4.61233e-02 1.96493e-03 -5.8193155983e-01 -5.3384332651e-01
100.005 -0.00000 -0.00000 0.00000 0.00000 0.00000 0.00000 -1.3346e-02 4.6620e-01 -4.3258e-03 -1.2237e-04 1.9787e-01 -1.6637e-05 0.39985 0.42478 0.42878 0.01108 0.00361 -0.01160 4.61233e-02 1.96511e-03 -5.8193177802e-01 -5.3384332927e-01
102.005 -0.00000 -0.00000 0.00000 0.00000 0.00000 0.00000 -1.1677e-02 4.6620e-01 7.6254e-03 -1.2237e-04 1.9787e-01 -1.6637e-05 0.40709 0.42478 0.42154 0.00965 -0.00650 0.01709 4.61234e-02 1.96527e-03 -5.8193198077e-01 -5.3384333203e-01
104.005 -0.00000 -0.00000 -0.00000 0.00000 0.00000 0.00000 -1.2330e-03 4.6621e-01 1.3656e-02 -1.2237e-04 1.9787e-01 -1.6637e-05 0.43272 0.42476 0.39592 0.00082 -0.01163 0.00228 4.61234e-02 1.96542e-03 -5.8193216756e-01 -5.3384333478e-01
106.005 -0.00000 0.00000 0.00000 0.00000 0.00000 0.00000 9.9531e-03 4.6621e-01 9.1276e-03 -1.2237e-04 1.9787e-01 -1.6637e-05 0.41150 0.42475 0.41715 -0.00869 -0.00781 -0.01831 4.61235e-02 1.96555e-03 -5.8193233777e-01 -5.3384333753e-01
108.005 0.00000 -0.00000 0.00000 0.00000 0.00000 0.00000 1.3268e-02 4.6621e-01 -2.5000e-03 -1.2237e-04 1.9787e-01 -1.6637e-05 0.39750 0.42475 0.43115 -0.01153 0.00206 0.00772 4.61235e-02 1.96566e-03 -5.8193249072e-01 -5.3384334030e-01
110.005 0.00000 0.00000 -0.00000 0.00000 0.00000 0.00000 6.1139e-03 4.6621e-01 -1.2294e-02 -1.2237e-04 1.9787e-01 -1.6637e-05 0.42632 0.42476 0.40232 -0.00548 0.01039 0.01406 4.61235e-02 1.96576e-03 -5.8193262567e-01 -5.3384334308e-01
112.005 0.00000 0.00000 -0.00000 0.00000 0.00000 0.00000 -6.0609e-03 4.6620e-01 -1.2674e-02 -1.2237e-04 1.9787e-01 -1.6637e-05 0.42455 0.42478 0.40408 0.00484 0.01075 -0.01535 4.61236e-02 1.96585e-03 -5.8193274179e-01 -5.3384334589e-01
114.005 0.00000 -0.00000 -0.00000 0.00000 0.00000 0.00000 -1.3885e-02 4.6620e-01 -3.2519e-03 -1.2237e-04 1.9787e-01 -1.6637e-05 0.39679 0.42479 0.43182 0.01152 0.00281 -0.00566 4.61236e-02 1.96591e-03 -5.8193283817e-01 -5.3384334874e-01
116.005 -0.00000 -0.00000 -0.00000 0.00000 0.00000 0.00000 -1.1240e-02 4.6620e-01 8.7892e-03 -1.2237e-04 1.9787e-01 -1.6637e-05 0.41363 0.42479 0.41498 0.00936 -0.00742 0.01833 4.61236e-02 1.96596e-03 -5.8193291386e-01 -5.3384335162e-01
118.005 -0.00000 -0.00000 0.00000 -0.00000 0.00000 0.00000 -2.6157e-05 4.6621e-01 1.4136e-02 -1.2237e-04 1.9787e-01 -1.6637e-05 0.43206 0.42478 0.39656 -0.00011 -0.01206 -0.00432 4.61236e-02 1.96598e-03 -5.8193296779e-01 -5.3384335454e-01
120.005 -0.00000 0.00000 0.00000 0.00000 0.00000 0.00000 1.1174e-02 4.6622e-01 8.5148e-03 -1.2237e-04 1.9787e-01 -1.6637e-05 0.40536 0.42478 0.42326 -0.00969 -0.00739 -0.01583 4.61237e-02 1.96599e-03 -5.8193299887e-01 -5.3384335752e-01
122.005 0.00000 -0.00000 -0.00000 0.00000 0.00000 0.00000 1.3628e-02 4.6622e-01 -3.8971e-03 -1.2237e-04 1.9787e-01 -1.6637e-05 0.40156 0.42479 0.42705 -0.01189 0.00316 0.01285 4.61237e-02 1.96597e-03 -5.8193300591e-01 -5.3384336056e-01
124.005 -0.00000 -0.00000 -0.00000 0.00000 0.00000 0.00000 5.2377e-03 4.6621e-01 -1.3545e-02 -1.2237e-04 1.9787e-01 -1.6637e-05 0.43004 0.42480 0.39855 -0.00484 0.01145 0.00873 4.61237e-02 1.96593e-03 -5.8193298770e-01 -5.3384336367e-01
126.005 0.00000 -0.00000 0.00000 0.00000 0.00000 0.00000 -7.6728e-03 4.6620e-01 -1.2816e-02 -1.2237e-04 1.9787e-01 -1.6637e-05 0.41841 0.42483 0.41016 0.00614 0.01095 -0.01742 4.61237e-02 1.96586e-03 -5.8193294298e-01 -5.3384336685e-01
128.005 -0.00000 0.00000 0.00000 0.00000 0.00000 -0.00000 -1.5089e-02 4.6620e-01 -2.0323e-03 -1.2237e-04 1.9787e-01 -1.6637e-05 0.39650 0.42484 0.43205 0.01257 0.00187 0.00073 4.61237e-02 1.96577e-03 -5.8193287046e-01 -5.3384337011e-01
130.005 -0.00000 0.00000 -0.00000 0.00000 0.00000 0.00000 -1.1044e-02 4.6620e-01 1.0590e-02 -1.2237e-04 1.9787e-01 -1.6637e-05 0.41973 0.42485 0.40882 0.00930 -0.00892 0.01679 4.61237e-02 1.96565e-03 -5.8193276885e-01 -5.3384337346e-01
132.005 0.00000 0.00000 0.00000 0.00000 0.00000 0.00000 1.5845e-03 4.6621e-01 1.5166e-02 -1.2237e-04 1.9787e-01 -1.6637e-05 0.42886 0.42484 0.39969 -0.00140 -0.01300 -0.00969 4.61238e-02 1.96551e-03 -5.8193263684e-01 -5.3384337690e-01
134.005 -0.00000 -0.00000 0.00000 -0.00000 0.00000 -0.00000 1.3078e-02 4.6622e-01 7.8630e-03 -1.2237e-04 1.9787e-01 -1.6637e-05 0.40113 0.42484 0.42742 -0.01132 -0.00693 -0.01134 4.61238e-02 1.96533e-03 -5.8193247317e-01 -5.3384338044e-01
136.005 -0.00000 -0.00000 0.00000 -0.00000 0.00000 -0.00000 1.4327e-02 4.6622e-01 -5.8924e-03 -1.2237e-04 1.9787e-01 -1.6637e-05 0.40694 0.42486 0.42160 -0.01257 0.00481 0.01556 4.61238e-02 1.96512e-03 -5.8193227665e-01 -5.3384338409e-01
138.005 -0.00000 0.00000 0.00000 0.00000 0.00000 -0.00000 4.0411e-03 4.6621e-01 -1.5409e-02 -1.2237e-04 1.9787e-01 -1.6637e-05 0.43106 0.42488 0.39746 -0.00390 0.01308 0.00288 4.61238e-02 1.96488e-03 -5.8193204613e-01 -5.3384338784e-01
140.005 -0.00000 -0.00000 -0.00000 0.00000 0.00000 -0.00000 -9.9778e-03 4.6620e-01 -1.3020e-02 -1.2237e-04 1.9787e-01 -1.6637e-05 0.41257 0.42491 0.41592 0.00810 0.01122 -0.01679 4.61238e-02 1.96461e-03 -5.8193178060e-01 -5.3384339171e-01
142.005 -0.00000 0.00000 -0.00000 -0.00000 0.00000 -0.00000 -1.6721e-02 4.6620e-01 -2.5776e-04 -1.2237e-04 1.9787e-01 -1.6637e-05 0.39866 0.42493 0.42981 0.01404 0.00042 0.00600 4.61238e-02 1.96431e-03 -5.8193147917e-01 -5.3384339571e-01
144.005 0.00000 0.00000 -0.00000 0.00000 0.00000 -0.00000 -1.0608e-02 4.6620e-01 1.3058e-02 -1.2237e-04 1.9787e-01 -1.6637e-05 0.42402 0.42494 0.40444 0.00901 -0.01106 0.01327 4.61238e-02 1.96397e-03 -5.8193114112e-01 -5.3384339982e-01
146.005 0.00000 0.00000 -0.00000 0.00000 0.00000 -0.00000 3.8941e-03 4.6621e-01 1.6352e-02 -1.2237e-04 1.9787e-01 -1.6637e-05 0.42433 0.42494 0.40414 -0.00336 -0.01410 -0.01278 4.61238e-02 1.96359e-03 -5.8193076597e-01 -5.3384340407e-01
148.005 0.00000 0.00000 -0.00000 0.00000 0.00000 -0.00000 1.5496e-02 4.6622e-01 6.6967e-03 -1.2237e-04 1.9787e-01 -1.6637e-05 0.39944 0.42494 0.42902 -0.01345 -0.00599 -0.00630 4.61238e-02 1.96319e-03 -5.8193035344e-01 -5.3384340845e-01
150.005 0.00000 0.00000 -0.00000 0.00000 -0.00000 -0.00000 1.4863e-02 4.6622e-01 -8.6076e-03 -1.2237e-04 1.9787e-01 -1.6637e-05 0.41204 0.42496 0.41640 -0.01311 0.00715 0.01572 4.61237e-02 1.96274e-03 -5.8192990355e-01 -5.3384341296e-01
152.005 -0.00000 0.00000 0.00000 0.00000 -0.00000 -0.00000 2.1339e-03 4.6621e-01 -1.7522e-02 -1.2237e-04 1.9787e-01 -1.6637e-05 0.42974 0.42499 0.39867 -0.00230 0.01496 -0.00195 4.61237e-02 1.96226e-03 -5.8192941662e-01 -5.3384341761e-01
154.005 -0.00000 -0.00000 -0.00000 -0.00000 -0.00000 -0.00000 -1.2885e-02 4.6620e-01 -1.2744e-02 -1.2237e-04 1.9787e-01 -1.6637e-05 0.40837 0.42502 0.42001 0.01063 0.01105 -0.01430 4.61237e-02 1.96175e-03 -5.8192889333e-01 -5.3384342240e-01
156.005 -0.00000 0.00000 -0.00000 -0.00000 0.00000 -0.00000 -1.8265e-02 4.6620e-01 2.3025e-03 -1.2237e-04 1.9787e-01 -1.6637e-05 0.40203 0.42504 0.42633 0.01544 -0.00178 0.00916 4.61237e-02 1.96121e-03 -5.8192833472e-01 -5.3384342732e-01
158.005 -0.00000 -0.00000 0.00000 -0.00000 0.00000 -0.00000 -9.4391e-03 4.6620e-01 1.5879e-02 -1.2237e-04 1.9787e-01 -1.6637e-05 0.42595 0.42505 0.40240 0.00805 -0.01355 0.00926 4.61237e-02 1.96064e-03 -5.8192774221e-01 -5.3384343238e-01
160.005 0.00000 0.00000 -0.00000 0.00000 0.00000 -0.00000 6.9167e-03 4.6621e-01 1.7093e-02 -1.2237e-04 1.9787e-01 -1.6637e-05 0.42005 0.42505 0.40831 -0.00600 -0.01481 -0.01353 4.61236e-02 1.96004e-03 -5.8192711767e-01 -5.3384343758e-01
162.005 0.00000 0.00000 0.00000 0.00000 0.00000 -0.00000 1.7918e-02 4.6622e-01 4.6594e-03 -1.2237e-04 1.9787e-01 -1.6637e-05 0.39983 0.42505 0.42853 -0.01561 -0.00423 -0.00222 4.61236e-02 1.95941e-03 -5.8192646337e-01 -5.3384344290e-01
164.005 -0.00000 -0.00000 -0.00000 0.00000 -0.00000 -0.00000 1.4638e-02 4.6621e-01 -1.1812e-02 -1.2237e-04 1.9787e-01 -1.6637e-05 0.41561 0.42507 0.41273 -0.01295 0.00997 0.01424 4.61236e-02 1.95876e-03 -5.8192578203e-01 -5.3384344836e-01
166.005 -0.00000 -0.00000 -0.00000 -0.00000 -0.00000 -0.00000 -6.2845e-04 4.6620e-01 -1.9242e-02 -1.2237e-04 1.9787e-01 -1.6637e-05 0.42740 0.42510 0.40091 0.00011 0.01651 -0.00487 4.61235e-02 1.95809e-03 -5.8192507678e-01 -5.3384345394e-01
168.005 -0.00000 0.00000 -0.00000 0.00000 -0.00000 -0.00000 -1.5931e-02 4.6620e-01 -1.1497e-02 -1.2237e-04 1.9787e-01 -1.6637e-05 0.40627 0.42513 0.42202 0.01334 0.00998 -0.01147 4.61235e-02 1.95740e-03 -5.8192435118e-01 -5.3384345963e-01
170.005 0.00000 0.00000 -0.00000 0.00000 0.00000 -0.00000 -1.9037e-02 4.6619e-01 5.5335e-03 -1.2237e-04 1.9787e-01 -1.6637e-05 0.40508 0.42515 0.42320 0.01616 -0.00464 0.01030 4.61234e-02 1.95670e-03 -5.8192360916e-01 -5.3384346544e-01
172.005 0.00000 0.00000 -0.00000 0.00000 0.00000 -0.00000 -7.2443e-03 4.6620e-01 1.8407e-02 -1.2237e-04 1.9787e-01 -1.6637e-05 0.42617 0.42514 0.40211 0.00612 -0.01582 0.00619 4.61234e-02 1.95599e-03 -5.8192285501e-01 -5.3384347135e-01
174.005 0.00000 0.00000 -0.00000 0.00000 -0.00000 -0.00000 1.0272e-02 4.6621e-01 1.6773e-02 -1.2237e-04 1.9787e-01 -1.6637e-05 0.41720 0.42514 0.41109 -0.00899 -0.01454 -0.01300 4.61233e-02 1.95528e-03 -5.8192209334e-01 -5.3384347735e-01
176.005 -0.00000 0.00000 -0.00000 -0.00000 -0.00000 -0.00000 1.9609e-02 4.6622e-01 1.7232e-03 -1.2237e-04 1.9787e-01 -1.6637e-05 0.40094 0.42514 0.42735 -0.01713 -0.00162 0.00017 4.61233e-02 1.95456e-03 -5.8192132898e-01 -5.3384348343e-01
178.005 0.00000 -0.00000 -0.00000 -0.00000 -0.00000 -0.00000 1.3212e-02 4.6621e-01 -1.4901e-02 -1.2237e-04 1.9787e-01 -1.6637e-05 0.41744 0.42516 0.41083 -0.01169 0.01274 0.01266 4.61232e-02 1.95386e-03 -5.8192056696e-01 -5.3384348958e-01
180.005 0.00000 0.00000 -0.00000 -0.00000 -0.00000 -0.00000 -3.9850e-03 4.6620e-01 -1.9860e-02 -1.2237e-04 1.9787e-01 -1.6637e-05 0.42556 0.42518 0.40270 0.00311 0.01707 -0.00618 4.61232e-02 1.95316e-03 -5.8191981244e-01 -5.3384349580e-01
182.005 -0.00000 -0.00000 -0.00000 -0.00000 -0.00000 -0.00000 -1.8372e-02 4.6619e-01 -9.1010e-03 -1.2237e-04 1.9787e-01 -1.6637e-05 0.40546 0.42520 0.42277 0.01553 0.00784 -0.00959 4.61231e-02 1.95248e-03 -5.8191907060e-01 -5.3384350206e-01
184.005 0.00000 -0.00000 -0.00000 0.00000 -0.00000 -0.00000 -1.8476e-02 4.6619e-01 8.9138e-03 -1.2237e-04 1.9787e-01 -1.6637e-05 0.40687 0.42520 0.42137 0.01566 -0.00767 0.01062 4.61230e-02 1.95182e-03 -5.8191834656e-01 -5.3384350836e-01
186.005 0.00000 -0.00000 0.00000 0.00000 -0.00000 -0.00000 -4.1492e-03 4.6620e-01 1.9887e-02 -1.2237e-04 1.9787e-01 -1.6637e-05 0.42612 0.42519 0.40213 0.00334 -0.01715 0.00453 4.61229e-02 1.95118e-03 -5.8191764534e-01 -5.3384351467e-01
188.005 -0.00000 0.00000 -0.00000 0.00000 -0.00000 -0.00000 1.3258e-02 4.6621e-01 1.5080e-02 -1.2237e-04 1.9787e-01 -1.6637e-05 0.41571 0.42517 0.41257 -0.01167 -0.01302 -0.01271 4.61229e-02 1.95058e-03 -5.8191697173e-01 -5.3384352100e-01
190.005 -0.00000 -0.00000 -0.00000 0.00000 -0.00000 -0.00000 1.9927e-02 4.6621e-01 -1.6963e-03 -1.2237e-04 1.9787e-01 -1.6637e-05 0.40140 0.42517 0.42688 -0.01741 0.00145 0.00148 4.61228e-02 1.95000e-03 -5.8191633024e-01 -5.3384352732e-01
192.005 0.00000 -0.00000 0.00000 0.00000 -0.00000 -0.00000 1.0586e-02 4.6620e-01 -1.7116e-02 -1.2237e-04 1.9787e-01 -1.6637e-05 0.41861 0.42518 0.40966 -0.00932 0.01473 0.01208 4.61227e-02 1.94947e-03 -5.8191572501e-01 -5.3384353362e-01
194.005 -0.00000 -0.00000 0.00000 -0.00000 -0.00000 -0.00000 -7.3026e-03 4.6619e-01 -1.8969e-02 -1.2237e-04 1.9787e-01 -1.6637e-05 0.42488 0.42519 0.40339 0.00610 0.01626 -0.00725 4.61227e-02 1.94897e-03 -5.8191515976e-01 -5.3384353989e-01
196.005 0.00000 -0.00000 0.00000 0.00000 -0.00000 -0.00000 -1.9535e-02 4.6618e-01 -5.8689e-03 -1.2237e-04 1.9787e-01 -1.6637e-05 0.40446 0.42520 0.42380 0.01658 0.00493 -0.00879 4.61226e-02 1.94851e-03 -5.8191463773e-01 -5.3384354612e-01
198.005 0.00000 0.00000 0.00000 0.00000 -0.00000 -0.00000 -1.6487e-02 4.6619e-01 1.1713e-02 -1.2237e-04 1.9787e-01 -1.6637e-05 0.40785 0.42518 0.42043 0.01387 -0.01019 0.01159 4.61225e-02 1.94811e-03 -5.8191416163e-01 -5.3384355229e-01
200.000 0.00000 0.00000 0.00000 0.00000 -0.00000 -0.00000 -7.6294e-04 4.6620e-01 1.9853e-02 -1.2237e-04 1.9787e-01 -1.6637e-05 0.42702 0.42516 0.40128 0.00029 -0.01712 0.00342 4.61224e-02 1.94774e-03 -5.8191373464e-01 -5.3384355837e-01
