# t x y z vx vy vz omx omy omz llx lly llz Ixx Iyy Izz Ixy Iyz Ixz KErot PEspr PEgrav Etot
0.000 0.00000 0.00000 0.00000 -0.00000 0.00000 -0.00000 5.4237e-02 3.0658e-01 -9.4412e-02 -8.3350e-05 1.4336e-01 5.4970e-07 0.53627 0.51468 0.42932 -0.06552 0.11519 0.09620 2.19737e-02 8.92300e-30 -5.6044611211e-01 -5.3847241851e-01
2.005 0.00000 -0.00000 0.00000 0.00000 -0.00000 -0.00000 2.9975e-03 3.1109e-01 -1.0799e-01 -8.3350e-05 1.4336e-01 5.4970e-07 0.58081 0.50505 0.36686 -0.00298 0.12727 0.00832 2.23038e-02 2.18295e-03 -5.6492635462e-01 -5.4043963295e-01
4.005 0.00000 -0.00000 -0.00000 0.00000 -0.00000 -0.00000 -4.8387e-02 3.1084e-01 -9.6794e-02 -8.3350e-05 1.4336e-01 5.4970e-07 0.54105 0.50553 0.40789 0.05730 0.11369 -0.08559 2.22835e-02 2.01227e-03 -5.6474932555e-01 -5.4045360157e-01
6.000 -0.00000 -0.00000 0.00000 0.00000 -0.00000 -0.00000 -8.8087e-02 3.1082e-01 -6.2625e-02 -8.3350e-05 1.4336e-01 5.4970e-07 0.43966 0.50538 0.50937 0.10356 0.07341 -0.10312 2.22832e-02 2.01573e-03 -5.6475287768e-01 -5.4045391482e-01
8.000 -0.00000 -0.00000 -0.00000 -0.00000 -0.00000 -0.00000 -1.0717e-01 3.1081e-01 -1.3802e-02 -8.3350e-05 1.4336e-01 5.4970e-07 0.36906 0.50534 0.57993 0.12577 0.01631 -0.02739 2.22836e-02 2.02262e-03 -5.6476019767e-01 -5.4045394377e-01
10.000 -0.00000 -0.00000 0.00000 0.00000 -0.00000 -0.00000 -1.0116e-01 3.1080e-01 3.8301e-02 -8.3350e-05 1.4336e-01 5.4970e-07 0.39392 0.50548 0.55501 0.11895 -0.04464 0.07299 2.22830e-02 2.01578e-03 -5.6475271631e-01 -5.4045396702e-01
12.005 -0.00000 -0.00000 0.00000 0.00000 -0.00000 -0.00000 -7.1202e-02 3.1083e-01 8.1662e-02 -8.3350e-05 1.4336e-01 5.4970e-07 0.49118 0.50566 0.45752 0.08419 -0.09573 0.10681 2.22834e-02 2.01988e-03 -5.6475728188e-01 -5.4045398745e-01
14.005 0.00000 0.00000 -0.00000 0.00000 -0.00000 -0.00000 -2.4279e-02 3.1086e-01 1.0581e-01 -8.3350e-05 1.4336e-01 5.4970e-07 0.57190 0.50590 0.37655 0.02919 -0.12468 0.04468 2.22836e-02 2.02006e-03 -5.6475765158e-01 -5.4045400666e-01
16.005 -0.00000 0.00000 -0.00000 0.00000 -0.00000 -0.00000 2.8701e-02 3.1089e-01 1.0491e-01 -8.3350e-05 1.4336e-01 5.4970e-07 0.56491 0.50613 0.38332 -0.03350 -0.12417 -0.05606 2.22837e-02 2.01872e-03 -5.6475640754e-01 -5.4045402604e-01
18.005 -0.00000 -0.00000 -0.00000 -0.00000 -0.00000 -0.00000 7.5062e-02 3.1092e-01 7.8875e-02 -8.3350e-05 1.4336e-01 5.4970e-07 0.47811 0.50626 0.46997 -0.08877 -0.09360 -0.10611 2.22839e-02 2.02033e-03 -5.6475832398e-01 -5.4045404516e-01
20.000 0.00000 -0.00000 -0.00000 -0.00000 -0.00000 -0.00000 1.0348e-01 3.1094e-01 3.3970e-02 -8.3350e-05 1.4336e-01 5.4970e-07 0.38861 0.50630 0.55943 -0.12273 -0.04022 -0.06278 2.22840e-02 2.01957e-03 -5.6475761186e-01 -5.4045406445e-01
22.000 0.00000 -0.00000 0.00000 -0.00000 -0.00000 -0.00000 1.0712e-01 3.1094e-01 -1.9173e-02 -8.3350e-05 1.4336e-01 5.4970e-07 0.37409 0.50621 0.57404 -0.12694 0.02306 0.03581 2.22840e-02 2.01961e-03 -5.6475768248e-01 -5.4045408384e-01
24.000 0.00000 -0.00000 -0.00000 -0.00000 -0.00000 -0.00000 8.5094e-02 3.1093e-01 -6.7555e-02 -8.3350e-05 1.4336e-01 5.4970e-07 0.44805 0.50602 0.50028 -0.10041 0.08038 0.10346 2.22839e-02 2.02002e-03 -5.6475805499e-01 -5.4045410295e-01
26.000 -0.00000 0.00000 -0.00000 -0.00000 -0.00000 -0.00000 4.2899e-02 3.1090e-01 -9.9586e-02 -8.3350e-05 1.4336e-01 5.4970e-07 0.54634 0.50579 0.40224 -0.05014 0.11785 0.07966 2.22838e-02 2.01995e-03 -5.6475784192e-01 -5.4045412191e-01
28.000 0.00000 0.00000 -0.00000 -0.00000 -0.00000 -0.00000 -9.2115e-03 3.1087e-01 -1.0783e-01 -8.3350e-05 1.4336e-01 5.4970e-07 0.58131 0.50556 0.36750 0.01134 0.12700 -0.01620 2.22836e-02 2.02054e-03 -5.6475829964e-01 -5.4045414050e-01
30.000 0.00000 -0.00000 -0.00000 -0.00000 -0.00000 -0.00000 -5.8885e-02 3.1084e-01 -9.0636e-02 -8.3350e-05 1.4336e-01 5.4970e-07 0.51996 0.50539 0.42902 0.06945 0.10640 -0.09871 2.22835e-02 2.02112e-03 -5.6475873275e-01 -5.4045415875e-01
32.000 -0.00000 0.00000 -0.00000 -0.00000 -0.00000 -0.00000 -9.4586e-02 3.1081e-01 -5.2220e-02 -8.3350e-05 1.4336e-01 5.4970e-07 0.41676 0.50534 0.53227 0.11104 0.06132 -0.09237 2.22833e-02 2.02170e-03 -5.6475921388e-01 -5.4045417676e-01
34.000 0.00000 0.00000 -0.00000 -0.00000 -0.00000 -0.00000 -1.0810e-01 3.1081e-01 -1.5678e-03 -8.3350e-05 1.4336e-01 5.4970e-07 0.36566 0.50541 0.58330 0.12690 0.00214 -0.00232 2.22833e-02 2.02236e-03 -5.6475985861e-01 -5.4045419463e-01
36.000 -0.00000 0.00000 0.00000 -0.00000 -0.00000 -0.00000 -9.6256e-02 3.1081e-01 4.9590e-02 -8.3350e-05 1.4336e-01 5.4970e-07 0.41293 0.50558 0.53584 0.11336 -0.05783 0.08931 2.22834e-02 2.02272e-03 -5.6476028833e-01 -5.4045421258e-01
38.000 0.00000 0.00000 0.00000 -0.00000 -0.00000 -0.00000 -6.1628e-02 3.1083e-01 8.9295e-02 -8.3350e-05 1.4336e-01 5.4970e-07 0.51464 0.50582 0.43389 0.07307 -0.10484 0.09989 2.22835e-02 2.02282e-03 -5.6476052338e-01 -5.4045423078e-01
40.005 0.00000 -0.00000 -0.00000 -0.00000 -0.00000 -0.00000 -1.2027e-02 3.1087e-01 1.0805e-01 -8.3350e-05 1.4336e-01 5.4970e-07 0.57900 0.50606 0.36928 0.01472 -0.12752 0.02133 2.22836e-02 2.02259e-03 -5.6476045212e-01 -5.4045424937e-01
42.005 -0.00000 -0.00000 -0.00000 -0.00000 -0.00000 -0.00000 4.0607e-02 3.1090e-01 1.0102e-01 -8.3350e-05 1.4336e-01 5.4970e-07 0.54971 0.50624 0.39839 -0.04776 -0.11967 -0.07480 2.22837e-02 2.02198e-03 -5.6475999633e-01 -5.4045426829e-01
44.005 -0.00000 -0.00000 -0.00000 -0.00000 -0.00000 -0.00000 8.3688e-02 3.1092e-01 6.9735e-02 -8.3350e-05 1.4336e-01 5.4970e-07 0.45429 0.50632 0.49373 -0.09917 -0.08269 -0.10420 2.22838e-02 2.02114e-03 -5.6475924567e-01 -5.4045428749e-01
46.005 0.00000 -0.00000 -0.00000 -0.00000 -0.00000 -0.00000 1.0670e-01 3.1094e-01 2.1677e-02 -8.3350e-05 1.4336e-01 5.4970e-07 0.37660 0.50627 0.57148 -0.12658 -0.02545 -0.04192 2.22838e-02 2.02017e-03 -5.6475827479e-01 -5.4045430685e-01
48.005 -0.00000 0.00000 -0.00000 -0.00000 -0.00000 -0.00000 1.0407e-01 3.1093e-01 -3.1476e-02 -8.3350e-05 1.4336e-01 5.4970e-07 0.38464 0.50611 0.56361 -0.12317 0.03776 0.05766 2.22837e-02 2.01922e-03 -5.6475723840e-01 -5.4045432617e-01
50.005 -0.00000 -0.00000 0.00000 -0.00000 -0.00000 -0.00000 7.6585e-02 3.1092e-01 -7.6865e-02 -8.3350e-05 1.4336e-01 5.4970e-07 0.47240 0.50588 0.47609 -0.09016 0.09133 0.10707 2.22835e-02 2.01847e-03 -5.6475631020e-01 -5.4045434528e-01
52.005 0.00000 -0.00000 -0.00000 0.00000 -0.00000 -0.00000 3.1069e-02 3.1089e-01 -1.0373e-01 -8.3350e-05 1.4336e-01 5.4970e-07 0.56315 0.50564 0.38560 -0.03613 0.12254 0.06119 2.22833e-02 2.01799e-03 -5.6475561811e-01 -5.4045436406e-01
54.005 0.00000 -0.00000 0.00000 -0.00000 -0.00000 -0.00000 -2.1526e-02 3.1085e-01 -1.0594e-01 -8.3350e-05 1.4336e-01 5.4970e-07 0.57503 0.50544 0.37391 0.02570 0.12462 -0.04065 2.22830e-02 2.01785e-03 -5.6475525404e-01 -5.4045438244e-01
56.005 0.00000 0.00000 -0.00000 0.00000 0.00000 -0.00000 -6.8847e-02 3.1082e-01 -8.3240e-02 -8.3350e-05 1.4336e-01 5.4970e-07 0.49580 0.50534 0.45325 0.08096 0.09773 -0.10677 2.22828e-02 2.01799e-03 -5.6475523549e-01 -5.4045440047e-01
58.005 0.00000 0.00000 -0.00000 0.00000 0.00000 -0.00000 -9.9955e-02 3.1080e-01 -4.1051e-02 -8.3350e-05 1.4336e-01 5.4970e-07 0.39682 0.50537 0.55220 0.11726 0.04838 -0.07635 2.22828e-02 2.01833e-03 -5.6475551257e-01 -5.4045441829e-01
60.005 -0.00000 0.00000 0.00000 0.00000 0.00000 -0.00000 -1.0765e-01 3.1080e-01 1.0839e-02 -8.3350e-05 1.4336e-01 5.4970e-07 0.36826 0.50551 0.58060 0.12649 -0.01228 0.02301 2.22828e-02 2.01876e-03 -5.6475599002e-01 -5.4045443609e-01
62.005 -0.00000 0.00000 -0.00000 0.00000 0.00000 -0.00000 -9.0029e-02 3.1081e-01 6.0397e-02 -8.3350e-05 1.4336e-01 5.4970e-07 0.43531 0.50574 0.51332 0.10624 -0.07056 0.10077 2.22829e-02 2.01917e-03 -5.6475654516e-01 -5.4045445408e-01
64.005 0.00000 -0.00000 0.00000 0.00000 -0.00000 -0.00000 -5.0982e-02 3.1084e-01 9.5939e-02 -8.3350e-05 1.4336e-01 5.4970e-07 0.53616 0.50599 0.41220 0.06062 -0.11285 0.08763 2.22831e-02 2.01948e-03 -5.6475706202e-01 -5.4045447242e-01
66.005 0.00000 0.00000 0.00000 0.00000 0.00000 -0.00000 4.3943e-04 3.1087e-01 1.0884e-01 -8.3350e-05 1.4336e-01 5.4970e-07 0.58068 0.50620 0.36746 -0.00010 -0.12864 -0.00282 2.22833e-02 2.01966e-03 -5.6475745632e-01 -5.4045449113e-01
68.005 -0.00000 -0.00000 -0.00000 -0.00000 0.00000 -0.00000 5.1987e-02 3.1090e-01 9.5734e-02 -8.3350e-05 1.4336e-01 5.4970e-07 0.53089 0.50633 0.41712 -0.06144 -0.11345 -0.08964 2.22835e-02 2.01973e-03 -5.6475769236e-01 -5.4045451016e-01
70.005 -0.00000 0.00000 0.00000 -0.00000 0.00000 -0.00000 9.1157e-02 3.1092e-01 5.9623e-02 -8.3350e-05 1.4336e-01 5.4970e-07 0.43155 0.50632 0.51647 -0.10816 -0.07056 -0.09715 2.22835e-02 2.01973e-03 -5.6475779042e-01 -5.4045452939e-01
72.005 0.00000 -0.00000 -0.00000 -0.00000 0.00000 -0.00000 1.0840e-01 3.1093e-01 9.2360e-03 -8.3350e-05 1.4336e-01 5.4970e-07 0.36956 0.50619 0.57859 -0.12854 -0.01053 -0.01910 2.22835e-02 2.01974e-03 -5.6475781668e-01 -5.4045454864e-01
74.005 0.00000 0.00000 0.00000 -0.00000 0.00000 -0.00000 9.9634e-02 3.1093e-01 -4.3172e-02 -8.3350e-05 1.4336e-01 5.4970e-07 0.39973 0.50597 0.54865 -0.11773 0.05165 0.07654 2.22834e-02 2.01985e-03 -5.6475786136e-01 -5.4045456776e-01
76.005 0.00000 0.00000 0.00000 0.00000 0.00000 -0.00000 6.7181e-02 3.1091e-01 -8.5003e-02 -8.3350e-05 1.4336e-01 5.4970e-07 0.49689 0.50572 0.45175 -0.07890 0.10080 0.10510 2.22833e-02 2.02013e-03 -5.6475800984e-01 -5.4045458662e-01
78.005 0.00000 0.00000 0.00000 0.00000 0.00000 -0.00000 1.9014e-02 3.1088e-01 -1.0645e-01 -8.3350e-05 1.4336e-01 5.4970e-07 0.57520 0.50549 0.37367 -0.02195 0.12555 0.03941 2.22831e-02 2.02058e-03 -5.6475831448e-01 -5.4045460516e-01
80.005 0.00000 0.00000 -0.00000 -0.00000 0.00000 -0.00000 -3.3396e-02 3.1084e-01 -1.0272e-01 -8.3350e-05 1.4336e-01 5.4970e-07 0.56323 0.50534 0.38580 0.03947 0.12074 -0.06285 2.22830e-02 2.02118e-03 -5.6475877622e-01 -5.4045462337e-01
82.005 -0.00000 0.00000 0.00000 -0.00000 -0.00000 -0.00000 -7.7831e-02 3.1082e-01 -7.4889e-02 -8.3350e-05 1.4336e-01 5.4970e-07 0.47058 0.50532 0.47847 0.09134 0.08802 -0.10887 2.22829e-02 2.02183e-03 -5.6475933982e-01 -5.4045464133e-01
84.005 -0.00000 0.00000 0.00000 -0.00000 0.00000 -0.00000 -1.0403e-01 3.1080e-01 -2.9474e-02 -8.3350e-05 1.4336e-01 5.4970e-07 0.38137 0.50543 0.56757 0.12204 0.03498 -0.05631 2.22828e-02 2.02240e-03 -5.6475990385e-01 -5.4045465920e-01
86.005 0.00000 0.00000 -0.00000 -0.00000 0.00000 -0.00000 -1.0585e-01 3.1080e-01 2.3024e-02 -8.3350e-05 1.4336e-01 5.4970e-07 0.37658 0.50564 0.57214 0.12453 -0.02649 0.04665 2.22829e-02 2.02276e-03 -5.6476034296e-01 -5.4045467717e-01
88.005 -0.00000 -0.00000 0.00000 -0.00000 0.00000 -0.00000 -8.2679e-02 3.1082e-01 7.0369e-02 -8.3350e-05 1.4336e-01 5.4970e-07 0.45927 0.50590 0.48918 0.09776 -0.08239 0.10662 2.22830e-02 2.02281e-03 -5.6476053720e-01 -5.4045469541e-01
90.005 -0.00000 0.00000 0.00000 -0.00000 0.00000 -0.00000 -3.9721e-02 3.1084e-01 1.0129e-01 -8.3350e-05 1.4336e-01 5.4970e-07 0.55399 0.50615 0.39421 0.04736 -0.11936 0.07109 2.22832e-02 2.02251e-03 -5.6476040231e-01 -5.4045471401e-01
92.005 -0.00000 0.00000 -0.00000 -0.00000 0.00000 -0.00000 1.2954e-02 3.1088e-01 1.0817e-01 -8.3350e-05 1.4336e-01 5.4970e-07 0.57699 0.50632 0.37103 -0.01506 -0.12799 -0.02659 2.22833e-02 2.02188e-03 -5.6475991398e-01 -5.4045473297e-01
94.005 -0.00000 -0.00000 0.00000 -0.00000 0.00000 -0.00000 6.2688e-02 3.1091e-01 8.9136e-02 -8.3350e-05 1.4336e-01 5.4970e-07 0.50938 0.50637 0.43860 -0.07431 -0.10559 -0.09997 2.22834e-02 2.02101e-03 -5.6475911921e-01 -5.4045475220e-01
96.005 0.00000 -0.00000 -0.00000 -0.00000 -0.00000 -0.00000 9.7380e-02 3.1093e-01 4.8700e-02 -8.3350e-05 1.4336e-01 5.4970e-07 0.41089 0.50628 0.53718 -0.11560 -0.05742 -0.08529 2.22833e-02 2.02003e-03 -5.6475813041e-01 -5.4045477156e-01
98.005 0.00000 -0.00000 -0.00000 -0.00000 0.00000 -0.00000 1.0863e-01 3.1093e-01 -3.2966e-03 -8.3350e-05 1.4336e-01 5.4970e-07 0.36772 0.50608 0.58056 -0.12869 0.00447 0.00483 2.22832e-02 2.01911e-03 -5.6475710213e-01 -5.4045479086e-01
100.005 0.00000 -0.00000 0.00000 -0.00000 0.00000 -0.00000 9.3892e-02 3.1092e-01 -5.4240e-02 -8.3350e-05 1.4336e-01 5.4970e-07 0.41883 0.50582 0.52972 -0.11075 0.06471 0.09172 2.22830e-02 2.01838e-03 -5.6475619652e-01 -5.4045480993e-01
102.005 -0.00000 -0.00000 -0.00000 -0.00000 0.00000 -0.00000 5.6950e-02 3.1089e-01 -9.1992e-02 -8.3350e-05 1.4336e-01 5.4970e-07 0.52050 0.50557 0.42832 -0.06675 0.10887 0.09756 2.22828e-02 2.01795e-03 -5.6475554706e-01 -5.4045482865e-01
104.005 -0.00000 0.00000 0.00000 -0.00000 0.00000 -0.00000 6.7709e-03 3.1086e-01 -1.0781e-01 -8.3350e-05 1.4336e-01 5.4970e-07 0.58194 0.50538 0.36707 -0.00764 0.12697 0.01528 2.22825e-02 2.01785e-03 -5.6475523096e-01 -5.4045484698e-01
106.005 0.00000 0.00000 -0.00000 -0.00000 0.00000 -0.00000 -4.4813e-02 3.1083e-01 -9.8228e-02 -8.3350e-05 1.4336e-01 5.4970e-07 0.54649 0.50530 0.40260 0.05269 0.11545 -0.08173 2.22824e-02 2.01803e-03 -5.6475525671e-01 -5.4045486497e-01
108.005 0.00000 0.00000 -0.00000 -0.00000 0.00000 -0.00000 -8.5838e-02 3.1080e-01 -6.5605e-02 -8.3350e-05 1.4336e-01 5.4970e-07 0.44556 0.50536 0.50346 0.10063 0.07728 -0.10498 2.22823e-02 2.01839e-03 -5.6475556835e-01 -5.4045488277e-01
110.005 0.00000 -0.00000 0.00000 -0.00000 -0.00000 -0.00000 -1.0680e-01 3.1079e-01 -1.7501e-02 -8.3350e-05 1.4336e-01 5.4970e-07 0.37108 0.50554 0.57776 0.12537 0.02109 -0.03331 2.22823e-02 2.01882e-03 -5.6475606351e-01 -5.4045490058e-01
112.005 -0.00000 0.00000 0.00000 -0.00000 0.00000 -0.00000 -1.0268e-01 3.1080e-01 3.4960e-02 -8.3350e-05 1.4336e-01 5.4970e-07 0.39004 0.50580 0.55853 0.12099 -0.04051 0.06754 2.22825e-02 2.01922e-03 -5.6475661985e-01 -5.4045491862e-01
114.005 -0.00000 0.00000 0.00000 -0.00000 0.00000 -0.00000 -7.4206e-02 3.1082e-01 7.9458e-02 -8.3350e-05 1.4336e-01 5.4970e-07 0.48372 0.50607 0.46457 0.08791 -0.09326 0.10683 2.22827e-02 2.01951e-03 -5.6475712406e-01 -5.4045493700e-01
116.005 -0.00000 -0.00000 -0.00000 -0.00000 0.00000 -0.00000 -2.7878e-02 3.1085e-01 1.0528e-01 -8.3350e-05 1.4336e-01 5.4970e-07 0.56756 0.50628 0.38050 0.03332 -0.12429 0.05113 2.22829e-02 2.01968e-03 -5.6475749735e-01 -5.4045495576e-01
118.005 0.00000 0.00000 0.00000 -0.00000 0.00000 -0.00000 2.5320e-02 3.1088e-01 1.0601e-01 -8.3350e-05 1.4336e-01 5.4970e-07 0.56822 0.50639 0.37973 -0.02989 -0.12551 -0.04885 2.22830e-02 2.01973e-03 -5.6475771211e-01 -5.4045497482e-01
120.005 -0.00000 0.00000 0.00000 -0.00000 0.00000 -0.00000 7.2520e-02 3.1091e-01 8.1304e-02 -8.3350e-05 1.4336e-01 5.4970e-07 0.48618 0.50635 0.46181 -0.08612 -0.09619 -0.10535 2.22831e-02 2.01972e-03 -5.6475779559e-01 -5.4045499406e-01
122.005 -0.00000 -0.00000 0.00000 -0.00000 0.00000 -0.00000 1.0225e-01 3.1092e-01 3.7130e-02 -8.3350e-05 1.4336e-01 5.4970e-07 0.39331 0.50619 0.55485 -0.12135 -0.04352 -0.06913 2.22831e-02 2.01975e-03 -5.6475781879e-01 -5.4045501330e-01
124.005 -0.00000 0.00000 0.00000 -0.00000 0.00000 -0.00000 1.0739e-01 3.1093e-01 -1.5733e-02 -8.3350e-05 1.4336e-01 5.4970e-07 0.37128 0.50593 0.57714 -0.12704 0.01927 0.02876 2.22830e-02 2.01988e-03 -5.6475787310e-01 -5.4045503239e-01
126.005 0.00000 -0.00000 0.00000 -0.00000 -0.00000 -0.00000 8.6934e-02 3.1091e-01 -6.4534e-02 -8.3350e-05 1.4336e-01 5.4970e-07 0.44105 0.50565 0.50765 -0.10236 0.07677 0.10230 2.22828e-02 2.02018e-03 -5.6475804081e-01 -5.4045505121e-01
128.005 0.00000 -0.00000 0.00000 -0.00000 0.00000 -0.00000 4.6031e-02 3.1089e-01 -9.7760e-02 -8.3350e-05 1.4336e-01 5.4970e-07 0.54190 0.50542 0.40705 -0.05387 0.11546 0.08471 2.22826e-02 2.02066e-03 -5.6475836814e-01 -5.4045506970e-01
130.005 0.00000 0.00000 0.00000 -0.00000 0.00000 -0.00000 -5.5196e-03 3.1085e-01 -1.0780e-01 -8.3350e-05 1.4336e-01 5.4970e-07 0.58284 0.50529 0.36624 0.00665 0.12684 -0.00989 2.22825e-02 2.02127e-03 -5.6475884825e-01 -5.4045508786e-01
132.005 0.00000 -0.00000 -0.00000 -0.00000 0.00000 -0.00000 -5.5664e-02 3.1082e-01 -9.2514e-02 -8.3350e-05 1.4336e-01 5.4970e-07 0.52569 0.50530 0.42338 0.06525 0.10879 -0.09617 2.22824e-02 2.02191e-03 -5.6475941867e-01 -5.4045510580e-01
134.005 -0.00000 -0.00000 0.00000 -0.00000 0.00000 -0.00000 -9.2794e-02 3.1080e-01 -5.5489e-02 -8.3350e-05 1.4336e-01 5.4970e-07 0.42216 0.50544 0.52676 0.10875 0.06558 -0.09535 2.22824e-02 2.02246e-03 -5.6475997322e-01 -5.4045512367e-01
136.005 0.00000 0.00000 0.00000 -0.00000 0.00000 -0.00000 -1.0823e-01 3.1079e-01 -5.2598e-03 -8.3350e-05 1.4336e-01 5.4970e-07 0.36642 0.50569 0.58225 0.12719 0.00683 -0.00869 2.22825e-02 2.02279e-03 -5.6476038545e-01 -5.4045514167e-01
138.005 -0.00000 -0.00000 0.00000 -0.00000 0.00000 -0.00000 -9.8175e-02 3.1080e-01 4.6510e-02 -8.3350e-05 1.4336e-01 5.4970e-07 0.40778 0.50597 0.54060 0.11587 -0.05416 0.08464 2.22826e-02 2.02279e-03 -5.6476053859e-01 -5.4045515995e-01
140.005 0.00000 0.00000 -0.00000 -0.00000 0.00000 -0.00000 -6.4712e-02 3.1082e-01 8.7551e-02 -8.3350e-05 1.4336e-01 5.4970e-07 0.50739 0.50623 0.44073 0.07676 -0.10300 0.10155 2.22827e-02 2.02245e-03 -5.6476035536e-01 -5.4045517859e-01
142.005 0.00000 0.00000 0.00000 -0.00000 0.00000 -0.00000 -1.5612e-02 3.1085e-01 1.0789e-01 -8.3350e-05 1.4336e-01 5.4970e-07 0.57633 0.50639 0.37163 0.01868 -0.12753 0.02879 2.22828e-02 2.02177e-03 -5.6475982087e-01 -5.4045519760e-01
144.005 -0.00000 -0.00000 0.00000 -0.00000 0.00000 -0.00000 3.7365e-02 3.1088e-01 1.0241e-01 -8.3350e-05 1.4336e-01 5.4970e-07 0.55486 0.50641 0.39307 -0.04436 -0.12124 -0.06860 2.22829e-02 2.02088e-03 -5.6475899181e-01 -5.4045521685e-01
146.005 -0.00000 0.00000 0.00000 -0.00000 0.00000 -0.00000 8.1357e-02 3.1091e-01 7.2367e-02 -8.3350e-05 1.4336e-01 5.4970e-07 0.46236 0.50629 0.48569 -0.09669 -0.08543 -0.10553 2.22829e-02 2.01990e-03 -5.6475798802e-01 -5.4045523621e-01
148.005 0.00000 -0.00000 -0.00000 -0.00000 0.00000 -0.00000 1.0571e-01 3.1092e-01 2.5093e-02 -8.3350e-05 1.4336e-01 5.4970e-07 0.37966 0.50606 0.56864 -0.12537 -0.02910 -0.04937 2.22827e-02 2.01899e-03 -5.6475696725e-01 -5.4045525549e-01
150.005 -0.00000 -0.00000 0.00000 -0.00000 0.00000 -0.00000 1.0472e-01 3.1092e-01 -2.7902e-02 -8.3350e-05 1.4336e-01 5.4970e-07 0.38019 0.50577 0.56840 -0.12370 0.03367 0.05149 2.22825e-02 2.01830e-03 -5.6475608975e-01 -5.4045527451e-01
152.005 -0.00000 -0.00000 0.00000 -0.00000 0.00000 -0.00000 7.8881e-02 3.1090e-01 -7.3935e-02 -8.3350e-05 1.4336e-01 5.4970e-07 0.46532 0.50550 0.48356 -0.09274 0.08770 0.10759 2.22823e-02 2.01792e-03 -5.6475548268e-01 -5.4045529318e-01
154.005 0.00000 0.00000 -0.00000 -0.00000 0.00000 -0.00000 3.4574e-02 3.1087e-01 -1.0226e-01 -8.3350e-05 1.4336e-01 5.4970e-07 0.55985 0.50532 0.38922 -0.04045 0.12057 0.06714 2.22820e-02 2.01786e-03 -5.6475521421e-01 -5.4045531145e-01
156.005 0.00000 -0.00000 -0.00000 -0.00000 0.00000 -0.00000 -1.7711e-02 3.1084e-01 -1.0645e-01 -8.3350e-05 1.4336e-01 5.4970e-07 0.57779 0.50526 0.37133 0.02079 0.12519 -0.03464 2.22819e-02 2.01807e-03 -5.6475528345e-01 -5.4045532940e-01
158.005 0.00000 -0.00000 0.00000 -0.00000 0.00000 -0.00000 -6.5819e-02 3.1081e-01 -8.5642e-02 -8.3350e-05 1.4336e-01 5.4970e-07 0.50209 0.50536 0.44694 0.07704 0.10085 -0.10531 2.22818e-02 2.01844e-03 -5.6475562683e-01 -5.4045534719e-01
160.005 -0.00000 -0.00000 -0.00000 -0.00000 0.00000 -0.00000 -9.8594e-02 3.1079e-01 -4.4648e-02 -8.3350e-05 1.4336e-01 5.4970e-07 0.40175 0.50557 0.54706 0.11560 0.05303 -0.08059 2.22819e-02 2.01888e-03 -5.6475613757e-01 -5.4045536502e-01
162.005 -0.00000 0.00000 0.00000 -0.00000 0.00000 -0.00000 -1.0828e-01 3.1079e-01 7.0991e-03 -8.3350e-05 1.4336e-01 5.4970e-07 0.36757 0.50586 0.58094 0.12743 -0.00765 0.01613 2.22820e-02 2.01927e-03 -5.6475669293e-01 -5.4045538309e-01
164.005 0.00000 0.00000 -0.00000 -0.00000 0.00000 -0.00000 -9.2350e-02 3.1080e-01 5.7498e-02 -8.3350e-05 1.4336e-01 5.4970e-07 0.42876 0.50614 0.51945 0.10917 -0.06724 0.09712 2.22822e-02 2.01954e-03 -5.6475718294e-01 -5.4045540152e-01
166.005 -0.00000 -0.00000 0.00000 -0.00000 0.00000 -0.00000 -5.4305e-02 3.1082e-01 9.4489e-02 -8.3350e-05 1.4336e-01 5.4970e-07 0.52912 0.50636 0.41887 0.06446 -0.11140 0.09118 2.22824e-02 2.01969e-03 -5.6475753503e-01 -5.4045542033e-01
168.005 -0.00000 0.00000 0.00000 -0.00000 0.00000 -0.00000 -3.1061e-03 3.1086e-01 1.0901e-01 -8.3350e-05 1.4336e-01 5.4970e-07 0.57997 0.50645 0.36793 0.00371 -0.12897 0.00519 2.22826e-02 2.01973e-03 -5.6475772918e-01 -5.4045543943e-01
170.005 -0.00000 0.00000 -0.00000 0.00000 0.00000 -0.00000 4.8890e-02 3.1089e-01 9.7393e-02 -8.3350e-05 1.4336e-01 5.4970e-07 0.53754 0.50638 0.41042 -0.05819 -0.11521 -0.08494 2.22826e-02 2.01972e-03 -5.6475779954e-01 -5.4045545867e-01
172.005 -0.00000 0.00000 0.00000 -0.00000 0.00000 -0.00000 8.9051e-02 3.1091e-01 6.2458e-02 -8.3350e-05 1.4336e-01 5.4970e-07 0.43902 0.50618 0.50915 -0.10583 -0.07351 -0.10045 2.22826e-02 2.01975e-03 -5.6475782146e-01 -5.4045547789e-01
174.005 0.00000 0.00000 0.00000 -0.00000 0.00000 -0.00000 1.0774e-01 3.1092e-01 1.2768e-02 -8.3350e-05 1.4336e-01 5.4970e-07 0.37070 0.50590 0.57776 -0.12761 -0.01441 -0.02690 2.22825e-02 2.01990e-03 -5.6475788684e-01 -5.4045549695e-01
176.005 0.00000 -0.00000 0.00000 0.00000 0.00000 -0.00000 1.0068e-01 3.1091e-01 -3.9641e-02 -8.3350e-05 1.4336e-01 5.4970e-07 0.39414 0.50560 0.55462 -0.11874 0.04746 0.07180 2.22823e-02 2.02023e-03 -5.6475807452e-01 -5.4045551572e-01
178.005 -0.00000 0.00000 -0.00000 -0.00000 0.00000 -0.00000 6.9850e-02 3.1089e-01 -8.2344e-02 -8.3350e-05 1.4336e-01 5.4970e-07 0.49033 0.50536 0.45868 -0.08205 0.09741 0.10717 2.22822e-02 2.02073e-03 -5.6475842420e-01 -5.4045553416e-01
180.005 -0.00000 0.00000 0.00000 -0.00000 0.00000 -0.00000 2.2713e-02 3.1086e-01 -1.0546e-01 -8.3350e-05 1.4336e-01 5.4970e-07 0.57324 0.50524 0.37588 -0.02663 0.12418 0.04576 2.22820e-02 2.02135e-03 -5.6475892134e-01 -5.4045555229e-01
182.005 -0.00000 0.00000 0.00000 -0.00000 0.00000 -0.00000 -2.9677e-02 3.1083e-01 -1.0376e-01 -8.3350e-05 1.4336e-01 5.4970e-07 0.56700 0.50527 0.38209 0.03465 0.12206 -0.05755 2.22819e-02 2.02199e-03 -5.6475949654e-01 -5.4045557020e-01
184.005 0.00000 0.00000 0.00000 -0.00000 0.00000 -0.00000 -7.5178e-02 3.1081e-01 -7.7690e-02 -8.3350e-05 1.4336e-01 5.4970e-07 0.47701 0.50545 0.47190 0.08795 0.09168 -0.10866 2.22819e-02 2.02252e-03 -5.6476003931e-01 -5.4045558808e-01
186.005 -0.00000 0.00000 -0.00000 -0.00000 0.00000 -0.00000 -1.0318e-01 3.1079e-01 -3.3197e-02 -8.3350e-05 1.4336e-01 5.4970e-07 0.38539 0.50572 0.56324 0.12109 0.03971 -0.06160 2.22820e-02 2.02281e-03 -5.6476042273e-01 -5.4045560610e-01
188.005 -0.00000 0.00000 -0.00000 -0.00000 0.00000 -0.00000 -1.0693e-01 3.1079e-01 1.9434e-02 -8.3350e-05 1.4336e-01 5.4970e-07 0.37431 0.50603 0.57401 0.12603 -0.02219 0.03983 2.22821e-02 2.02276e-03 -5.6476053369e-01 -5.4045562443e-01
190.005 -0.00000 -0.00000 0.00000 -0.00000 0.00000 -0.00000 -8.5277e-02 3.1080e-01 6.7786e-02 -8.3350e-05 1.4336e-01 5.4970e-07 0.45182 0.50630 0.49622 0.10091 -0.07956 0.10448 2.22823e-02 2.02237e-03 -5.6476030227e-01 -5.4045564312e-01
192.005 0.00000 -0.00000 0.00000 -0.00000 0.00000 -0.00000 -4.3127e-02 3.1083e-01 1.0018e-01 -8.3350e-05 1.4336e-01 5.4970e-07 0.54791 0.50646 0.39997 0.05115 -0.11832 0.07634 2.22824e-02 2.02166e-03 -5.6475972311e-01 -5.4045566217e-01
194.005 0.00000 -0.00000 -0.00000 0.00000 0.00000 -0.00000 9.4625e-03 3.1086e-01 1.0865e-01 -8.3350e-05 1.4336e-01 5.4970e-07 0.57839 0.50646 0.36950 -0.01137 -0.12857 -0.01860 2.22824e-02 2.02074e-03 -5.6475886231e-01 -5.4045568144e-01
196.005 0.00000 -0.00000 0.00000 0.00000 0.00000 -0.00000 5.9737e-02 3.1089e-01 9.1052e-02 -8.3350e-05 1.4336e-01 5.4970e-07 0.51705 0.50631 0.43099 -0.07117 -0.10756 -0.09713 2.22824e-02 2.01976e-03 -5.6475784660e-01 -5.4045570080e-01
198.005 0.00000 0.00000 0.00000 0.00000 0.00000 -0.00000 9.5518e-02 3.1091e-01 5.1739e-02 -8.3350e-05 1.4336e-01 5.4970e-07 0.41726 0.50605 0.53106 -0.11344 -0.06064 -0.09027 2.22822e-02 2.01888e-03 -5.6475683626e-01 -5.4045572005e-01
200.000 -0.00000 0.00000 -0.00000 0.00000 0.00000 -0.00000 1.0832e-01 3.1091e-01 4.6861e-04 -8.3350e-05 1.4336e-01 5.4970e-07 0.36700 0.50574 0.58164 -0.12812 0.00018 -0.00303 2.22820e-02 2.01823e-03 -5.6475599080e-01 -5.4045573898e-01
