# t x y z vx vy vz omx omy omz llx lly llz Ixx Iyy Izz Ixy Iyz Ixz KErot PEspr PEgrav Etot
0.000 0.00000 0.00000 -0.00000 0.00000 0.00000 0.00000 1.0215e-01 1.5893e-01 -1.6707e-01 -3.7807e-05 7.3233e-02 3.3532e-06 1.52724 1.40072 0.95922 -0.39754 0.65109 0.55585 5.81745e-03 2.40254e-29 -4.5799644718e-01 -4.5217899717e-01
2.005 -0.00000 -0.00000 -0.00000 0.00000 0.00000 -0.00000 8.8624e-02 1.5989e-01 -1.7538e-01 -3.7807e-05 7.3233e-02 3.3532e-06 1.59098 1.38111 0.86161 -0.33867 0.67046 0.49543 5.94110e-03 8.06398e-04 -4.6040351392e-01 -4.5365601595e-01
4.005 -0.00000 0.00000 0.00000 -0.00000 0.00000 -0.00000 7.3971e-02 1.5981e-01 -1.8134e-01 -3.7807e-05 7.3233e-02 3.3532e-06 1.65234 1.37020 0.78101 -0.28142 0.68893 0.42622 5.94467e-03 1.46636e-03 -4.6138257745e-01 -4.5397155096e-01
6.000 0.00000 0.00000 0.00000 0.00000 0.00000 -0.00000 5.9085e-02 1.5978e-01 -1.8641e-01 -3.7807e-05 7.3233e-02 3.3532e-06 1.70800 1.36548 0.71606 -0.22453 0.70635 0.34911 5.92242e-03 1.87620e-03 -4.6183950101e-01 -4.5404088003e-01
8.000 0.00000 -0.00000 -0.00000 0.00000 0.00000 -0.00000 4.3842e-02 1.5975e-01 -1.9041e-01 -3.7807e-05 7.3233e-02 3.3532e-06 1.75294 1.36289 0.66537 -0.16637 0.72054 0.26424 5.90554e-03 2.15305e-03 -4.6211390360e-01 -4.5405531723e-01
10.000 0.00000 -0.00000 -0.00000 0.00000 0.00000 -0.00000 2.8347e-02 1.5973e-01 -1.9320e-01 -3.7807e-05 7.3233e-02 3.3532e-06 1.78514 1.36095 0.62931 -0.10715 0.73041 0.17352 5.87786e-03 2.35953e-03 -4.6230470088e-01 -4.5406731671e-01
12.005 -0.00000 -0.00000 -0.00000 0.00000 0.00000 -0.00000 1.2653e-02 1.5971e-01 -1.9480e-01 -3.7807e-05 7.3233e-02 3.3532e-06 1.80447 1.35977 0.60843 -0.04739 0.73586 0.07854 5.85679e-03 2.46063e-03 -4.6239488158e-01 -4.5407746231e-01
14.005 0.00000 -0.00000 0.00000 0.00000 0.00000 -0.00000 -3.0704e-03 1.5971e-01 -1.9518e-01 -3.7807e-05 7.3233e-02 3.3532e-06 1.80993 1.35941 0.60330 0.01201 0.73696 -0.01845 5.84839e-03 2.46156e-03 -4.6239575392e-01 -4.5408580229e-01
16.005 0.00000 -0.00000 -0.00000 0.00000 0.00000 -0.00000 -1.8774e-02 1.5971e-01 -1.9435e-01 -3.7807e-05 7.3233e-02 3.3532e-06 1.80062 1.36003 0.61424 0.07094 0.73394 -0.11544 5.85095e-03 2.37810e-03 -4.6232144484e-01 -4.5409240225e-01
18.005 -0.00000 -0.00000 0.00000 0.00000 0.00000 -0.00000 -3.4369e-02 1.5970e-01 -1.9229e-01 -3.7807e-05 7.3233e-02 3.3532e-06 1.77593 1.36151 0.64108 0.12947 0.72679 -0.20969 5.85770e-03 2.24675e-03 -4.6220187207e-01 -4.5409742112e-01
20.000 -0.00000 0.00000 0.00000 0.00000 0.00000 -0.00000 -4.9727e-02 1.5970e-01 -1.8902e-01 -3.7807e-05 7.3233e-02 3.3532e-06 1.73652 1.36352 0.68278 0.18753 0.71528 -0.29820 5.86179e-03 2.09719e-03 -4.6206016086e-01 -4.5410117357e-01
22.000 0.00000 -0.00000 0.00000 0.00000 0.00000 -0.00000 -6.4822e-02 1.5971e-01 -1.8450e-01 -3.7807e-05 7.3233e-02 3.3532e-06 1.68325 1.36536 0.73808 0.24511 0.69884 -0.37902 5.86084e-03 1.96797e-03 -4.6193291026e-01 -4.5410409624e-01
24.000 0.00000 0.00000 -0.00000 0.00000 0.00000 -0.00000 -7.9503e-02 1.5971e-01 -1.7875e-01 -3.7807e-05 7.3233e-02 3.3532e-06 1.61778 1.36658 0.80532 0.30133 0.67727 -0.45012 5.85695e-03 1.87152e-03 -4.6183494377e-01 -4.5410647603e-01
26.000 0.00000 0.00000 -0.00000 0.00000 0.00000 -0.00000 -9.3660e-02 1.5970e-01 -1.7179e-01 -3.7807e-05 7.3233e-02 3.3532e-06 1.54150 1.36700 0.88295 0.35530 0.65079 -0.50989 5.85230e-03 1.81627e-03 -4.6177705498e-01 -4.5410847803e-01
28.000 0.00000 -0.00000 -0.00000 0.00000 0.00000 -0.00000 -1.0719e-01 1.5969e-01 -1.6369e-01 -3.7807e-05 7.3233e-02 3.3532e-06 1.45588 1.36680 0.96921 0.40638 0.61991 -0.55663 5.84974e-03 1.80255e-03 -4.6176245115e-01 -4.5411015578e-01
30.000 0.00000 0.00000 -0.00000 0.00000 0.00000 -0.00000 -1.2001e-01 1.5968e-01 -1.5453e-01 -3.7807e-05 7.3233e-02 3.3532e-06 1.36300 1.36642 1.06186 0.45445 0.58518 -0.58867 5.84964e-03 1.82092e-03 -4.6178206154e-01 -4.5411150144e-01
32.000 -0.00000 0.00000 0.00000 -0.00000 0.00000 -0.00000 -1.3205e-01 1.5968e-01 -1.4436e-01 -3.7807e-05 7.3233e-02 3.3532e-06 1.26567 1.36613 1.15815 0.49958 0.54684 -0.60487 5.85043e-03 1.86318e-03 -4.6182615762e-01 -4.5411254241e-01
34.000 -0.00000 -0.00000 -0.00000 0.00000 0.00000 -0.00000 -1.4322e-01 1.5967e-01 -1.3324e-01 -3.7807e-05 7.3233e-02 3.3532e-06 1.16707 1.36594 1.25520 0.54178 0.50486 -0.60495 5.85138e-03 1.91843e-03 -4.6188313608e-01 -4.5411332770e-01
36.000 0.00000 0.00000 -0.00000 -0.00000 0.00000 -0.00000 -1.5346e-01 1.5966e-01 -1.2126e-01 -3.7807e-05 7.3233e-02 3.3532e-06 1.07017 1.36569 1.35063 0.58071 0.45926 -0.58946 5.85128e-03 1.97484e-03 -4.6194003874e-01 -4.5411392318e-01
38.000 -0.00000 -0.00000 0.00000 0.00000 0.00000 -0.00000 -1.6270e-01 1.5965e-01 -1.0849e-01 -3.7807e-05 7.3233e-02 3.3532e-06 0.97733 1.36520 1.44248 0.61578 0.41040 -0.55921 5.85037e-03 2.02331e-03 -4.6198808684e-01 -4.5411440500e-01
40.005 0.00000 0.00000 0.00000 0.00000 0.00000 -0.00000 -1.7091e-01 1.5964e-01 -9.4999e-02 -3.7807e-05 7.3233e-02 3.3532e-06 0.89036 1.36459 1.52917 0.64665 0.35887 -0.51477 5.84976e-03 2.05309e-03 -4.6201765156e-01 -4.5411480534e-01
42.005 0.00000 -0.00000 -0.00000 0.00000 0.00000 0.00000 -1.7799e-01 1.5964e-01 -8.0929e-02 -3.7807e-05 7.3233e-02 3.3532e-06 0.81166 1.36407 1.60798 0.67303 0.30560 -0.45705 5.84895e-03 2.06712e-03 -4.6203120858e-01 -4.5411513932e-01
44.005 0.00000 -0.00000 0.00000 0.00000 0.00000 -0.00000 -1.8392e-01 1.5963e-01 -6.6343e-02 -3.7807e-05 7.3233e-02 3.3532e-06 0.74321 1.36394 1.67659 0.69517 0.25082 -0.38710 5.84863e-03 2.06616e-03 -4.6203019992e-01 -4.5411541837e-01
46.005 0.00000 0.00000 -0.00000 0.00000 0.00000 0.00000 -1.8868e-01 1.5963e-01 -5.1334e-02 -3.7807e-05 7.3233e-02 3.3532e-06 0.68710 1.36433 1.73277 0.71321 0.19454 -0.30687 5.84894e-03 2.05052e-03 -4.6201509205e-01 -4.5411563402e-01
48.005 -0.00000 0.00000 0.00000 0.00000 0.00000 0.00000 -1.9223e-01 1.5963e-01 -3.5988e-02 -3.7807e-05 7.3233e-02 3.3532e-06 0.64486 1.36501 1.77502 0.72697 0.13665 -0.21885 5.84904e-03 2.02756e-03 -4.6199239858e-01 -4.5411580060e-01
50.005 0.00000 0.00000 0.00000 0.00000 0.00000 -0.00000 -1.9453e-01 1.5963e-01 -2.0398e-02 -3.7807e-05 7.3233e-02 3.3532e-06 0.61735 1.36560 1.80270 0.73603 0.07738 -0.12554 5.84935e-03 2.00217e-03 -4.6196744456e-01 -4.5411592903e-01
52.005 -0.00000 -0.00000 -0.00000 0.00000 0.00000 -0.00000 -1.9555e-01 1.5963e-01 -4.6685e-03 -3.7807e-05 7.3233e-02 3.3532e-06 0.60495 1.36581 1.81555 0.74000 0.01738 -0.02917 5.84930e-03 1.98011e-03 -4.6194544148e-01 -4.5411602681e-01
54.005 -0.00000 0.00000 -0.00000 0.00000 0.00000 -0.00000 -1.9529e-01 1.5963e-01 1.1090e-02 -3.7807e-05 7.3233e-02 3.3532e-06 0.60798 1.36563 1.81316 0.73884 -0.04250 0.06821 5.84896e-03 1.96509e-03 -4.6193015933e-01 -4.5411611167e-01
56.005 0.00000 0.00000 0.00000 0.00000 0.00000 -0.00000 -1.9377e-01 1.5963e-01 2.6771e-02 -3.7807e-05 7.3233e-02 3.3532e-06 0.62663 1.36536 1.79509 0.73284 -0.10163 0.16427 5.84914e-03 1.95481e-03 -4.6192012903e-01 -4.5411618205e-01
58.005 -0.00000 0.00000 0.00000 0.00000 0.00000 -0.00000 -1.9098e-01 1.5963e-01 4.2275e-02 -3.7807e-05 7.3233e-02 3.3532e-06 0.66068 1.36526 1.76121 0.72232 -0.15981 0.25626 5.84899e-03 1.95293e-03 -4.6191815286e-01 -4.5411623978e-01
60.005 0.00000 -0.00000 -0.00000 0.00000 0.00000 -0.00000 -1.8696e-01 1.5963e-01 5.7505e-02 -3.7807e-05 7.3233e-02 3.3532e-06 0.70916 1.36544 1.71239 0.70737 -0.21708 0.34133 5.84886e-03 1.95818e-03 -4.6192333172e-01 -4.5411629062e-01
62.005 0.00000 -0.00000 0.00000 0.00000 0.00000 0.00000 -1.8173e-01 1.5963e-01 7.2368e-02 -3.7807e-05 7.3233e-02 3.3532e-06 0.77050 1.36574 1.65049 0.68783 -0.27340 0.41709 5.84901e-03 1.96652e-03 -4.6193185136e-01 -4.5411632714e-01
64.005 0.00000 0.00000 -0.00000 0.00000 0.00000 0.00000 -1.7531e-01 1.5964e-01 8.6764e-02 -3.7807e-05 7.3233e-02 3.3532e-06 0.84289 1.36586 1.57765 0.66352 -0.32829 0.48186 5.84886e-03 1.97729e-03 -4.6194250917e-01 -4.5411635709e-01
66.005 -0.00000 -0.00000 0.00000 0.00000 0.00000 -0.00000 -1.6775e-01 1.5964e-01 1.0059e-01 -3.7807e-05 7.3233e-02 3.3532e-06 0.92463 1.36563 1.49586 0.63459 -0.38100 0.53443 5.84900e-03 1.98640e-03 -4.6195179007e-01 -4.5411638279e-01
68.005 -0.00000 0.00000 0.00000 0.00000 0.00000 0.00000 -1.5909e-01 1.5964e-01 1.1376e-01 -3.7807e-05 7.3233e-02 3.3532e-06 1.01398 1.36514 1.40676 0.60148 -0.43083 0.57359 5.84895e-03 1.99460e-03 -4.6195994764e-01 -4.5411640095e-01
70.005 0.00000 0.00000 -0.00000 0.00000 0.00000 -0.00000 -1.4940e-01 1.5964e-01 1.2618e-01 -3.7807e-05 7.3233e-02 3.3532e-06 1.10883 1.36467 1.31218 0.56479 -0.47748 0.59801 5.84866e-03 2.00095e-03 -4.6196603588e-01 -4.5411641983e-01
72.005 -0.00000 0.00000 0.00000 0.00000 0.00000 -0.00000 -1.3876e-01 1.5965e-01 1.3779e-01 -3.7807e-05 7.3233e-02 3.3532e-06 1.20651 1.36456 1.21458 0.52484 -0.52102 0.60662 5.84889e-03 2.00196e-03 -4.6196728547e-01 -4.5411643547e-01
74.005 0.00000 0.00000 0.00000 0.00000 0.00000 -0.00000 -1.2723e-01 1.5966e-01 1.4852e-01 -3.7807e-05 7.3233e-02 3.3532e-06 1.30402 1.36481 1.11686 0.48163 -0.56152 0.59907 5.84884e-03 2.00085e-03 -4.6196614012e-01 -4.5411644736e-01
76.005 0.00000 -0.00000 0.00000 0.00000 0.00000 -0.00000 -1.1486e-01 1.5966e-01 1.5828e-01 -3.7807e-05 7.3233e-02 3.3532e-06 1.39863 1.36521 1.02194 0.43501 -0.59877 0.57590 5.84877e-03 1.99788e-03 -4.6196311464e-01 -4.5411646045e-01
78.005 0.00000 0.00000 -0.00000 0.00000 0.00000 -0.00000 -1.0174e-01 1.5967e-01 1.6702e-01 -3.7807e-05 7.3233e-02 3.3532e-06 1.48820 1.36542 0.93228 0.38513 -0.63225 0.53816 5.84888e-03 1.99373e-03 -4.6195908456e-01 -4.5411646890e-01
80.005 -0.00000 -0.00000 0.00000 0.00000 0.00000 -0.00000 -8.7958e-02 1.5967e-01 1.7466e-01 -3.7807e-05 7.3233e-02 3.3532e-06 1.57092 1.36527 0.84983 0.33254 -0.66137 0.48688 5.84875e-03 1.98989e-03 -4.6195511408e-01 -4.5411647687e-01
82.005 -0.00000 0.00000 -0.00000 0.00000 0.00000 -0.00000 -7.3606e-02 1.5968e-01 1.8117e-01 -3.7807e-05 7.3233e-02 3.3532e-06 1.64488 1.36487 0.77642 0.27799 -0.68585 0.42306 5.84891e-03 1.98489e-03 -4.6195028596e-01 -4.5411648550e-01
84.005 0.00000 -0.00000 0.00000 0.00000 0.00000 -0.00000 -5.8781e-02 1.5969e-01 1.8649e-01 -3.7807e-05 7.3233e-02 3.3532e-06 1.70775 1.36451 0.71399 0.22210 -0.70573 0.34789 5.84892e-03 1.98214e-03 -4.6194755100e-01 -4.5411649046e-01
86.005 0.00000 -0.00000 -0.00000 0.00000 0.00000 -0.00000 -4.3579e-02 1.5970e-01 1.9061e-01 -3.7807e-05 7.3233e-02 3.3532e-06 1.75733 1.36445 0.66449 0.16506 -0.72124 0.26329 5.84870e-03 1.98172e-03 -4.6194692378e-01 -4.5411649760e-01
88.005 0.00000 0.00000 0.00000 0.00000 0.00000 -0.00000 -2.8095e-02 1.5971e-01 1.9350e-01 -3.7807e-05 7.3233e-02 3.3532e-06 1.79211 1.36472 0.62946 0.10680 -0.73240 0.17186 5.84888e-03 1.98116e-03 -4.6194654085e-01 -4.5411650353e-01
90.005 -0.00000 0.00000 -0.00000 0.00000 0.00000 -0.00000 -1.2423e-02 1.5972e-01 1.9514e-01 -3.7807e-05 7.3233e-02 3.3532e-06 1.81154 1.36505 0.60967 0.04738 -0.73894 0.07635 5.84885e-03 1.98204e-03 -4.6194740329e-01 -4.5411650750e-01
92.005 0.00000 0.00000 0.00000 0.00000 0.00000 -0.00000 3.3353e-03 1.5972e-01 1.9550e-01 -3.7807e-05 7.3233e-02 3.3532e-06 1.81574 1.36514 0.60534 -0.01274 -0.74049 -0.02077 5.84883e-03 1.98334e-03 -4.6194868379e-01 -4.5411651377e-01
94.005 0.00000 0.00000 0.00000 0.00000 0.00000 -0.00000 1.9070e-02 1.5973e-01 1.9458e-01 -3.7807e-05 7.3233e-02 3.3532e-06 1.80488 1.36485 0.61642 -0.07275 -0.73689 -0.11737 5.84887e-03 1.98560e-03 -4.6195098358e-01 -4.5411651754e-01
96.005 -0.00000 0.00000 0.00000 0.00000 0.00000 -0.00000 3.4674e-02 1.5974e-01 1.9240e-01 -3.7807e-05 7.3233e-02 3.3532e-06 1.77890 1.36436 0.64281 -0.13188 -0.72835 -0.21131 5.84871e-03 1.98810e-03 -4.6195333395e-01 -4.5411652133e-01
98.005 -0.00000 -0.00000 -0.00000 0.00000 0.00000 -0.00000 5.0048e-02 1.5975e-01 1.8897e-01 -3.7807e-05 7.3233e-02 3.3532e-06 1.73790 1.36399 0.68417 -0.18972 -0.71528 -0.30010 5.84886e-03 1.98847e-03 -4.6195385575e-01 -4.5411652658e-01
100.005 0.00000 -0.00000 -0.00000 0.00000 0.00000 -0.00000 6.5096e-02 1.5976e-01 1.8432e-01 -3.7807e-05 7.3233e-02 3.3532e-06 1.68260 1.36397 0.73946 -0.24624 -0.69790 -0.38102 5.84888e-03 1.98934e-03 -4.6195474444e-01 -4.5411652909e-01
102.005 -0.00000 0.00000 -0.00000 0.00000 0.00000 -0.00000 7.9725e-02 1.5976e-01 1.7848e-01 -3.7807e-05 7.3233e-02 3.3532e-06 1.61477 1.36425 0.80699 -0.30152 -0.67616 -0.45161 5.84872e-03 1.99022e-03 -4.6195546826e-01 -4.5411653339e-01
104.005 -0.00000 0.00000 -0.00000 0.00000 0.00000 -0.00000 9.3845e-02 1.5977e-01 1.7148e-01 -3.7807e-05 7.3233e-02 3.3532e-06 1.53675 1.36458 0.88468 -0.35530 -0.64986 -0.51018 5.84882e-03 1.98998e-03 -4.6195533978e-01 -4.5411653733e-01
106.005 0.00000 0.00000 -0.00000 0.00000 0.00000 -0.00000 1.0735e-01 1.5978e-01 1.6337e-01 -3.7807e-05 7.3233e-02 3.3532e-06 1.45085 1.36465 0.97053 -0.40695 -0.61897 -0.55564 5.84881e-03 1.98941e-03 -4.6195475846e-01 -4.5411653967e-01
108.005 0.00000 -0.00000 -0.00000 0.00000 0.00000 -0.00000 1.2016e-01 1.5979e-01 1.5418e-01 -3.7807e-05 7.3233e-02 3.3532e-06 1.35903 1.36437 1.06268 -0.45572 -0.58383 -0.58714 5.84882e-03 1.98798e-03 -4.6195334122e-01 -4.5411654407e-01
110.005 0.00000 0.00000 -0.00000 0.00000 0.00000 -0.00000 1.3218e-01 1.5979e-01 1.4398e-01 -3.7807e-05 7.3233e-02 3.3532e-06 1.26312 1.36391 1.15906 -0.50108 -0.54502 -0.60370 5.84884e-03 1.98761e-03 -4.6195299618e-01 -4.5411654682e-01
112.005 -0.00000 0.00000 0.00000 0.00000 0.00000 -0.00000 1.4333e-01 1.5980e-01 1.3286e-01 -3.7807e-05 7.3233e-02 3.3532e-06 1.16537 1.36361 1.25711 -0.54297 -0.50308 -0.60443 5.84871e-03 1.98750e-03 -4.6195275771e-01 -4.5411654947e-01
114.005 -0.00000 0.00000 0.00000 0.00000 0.00000 0.00000 1.5357e-01 1.5980e-01 1.2089e-01 -3.7807e-05 7.3233e-02 3.3532e-06 1.06859 1.36367 1.35386 -0.58150 -0.45816 -0.58903 5.84883e-03 1.98630e-03 -4.6195168510e-01 -4.5411655345e-01
116.005 -0.00000 0.00000 -0.00000 0.00000 0.00000 0.00000 1.6281e-01 1.5981e-01 1.0814e-01 -3.7807e-05 7.3233e-02 3.3532e-06 0.97572 1.36401 1.44641 -0.61664 -0.41017 -0.55807 5.84887e-03 1.98595e-03 -4.6195137041e-01 -4.5411655536e-01
118.005 -0.00000 -0.00000 0.00000 0.00000 0.00000 -0.00000 1.7099e-01 1.5981e-01 9.4671e-02 -3.7807e-05 7.3233e-02 3.3532e-06 0.88936 1.36434 1.53245 -0.64803 -0.35909 -0.51281 5.84876e-03 1.98604e-03 -4.6195135446e-01 -4.5411655860e-01
120.005 0.00000 0.00000 -0.00000 0.00000 0.00000 0.00000 1.7806e-01 1.5982e-01 8.0583e-02 -3.7807e-05 7.3233e-02 3.3532e-06 0.81149 1.36436 1.61027 -0.67511 -0.30530 -0.45470 5.84879e-03 1.98654e-03 -4.6195189721e-01 -4.5411656185e-01
122.005 0.00000 0.00000 0.00000 0.00000 0.00000 -0.00000 1.8397e-01 1.5982e-01 6.5970e-02 -3.7807e-05 7.3233e-02 3.3532e-06 0.74377 1.36404 1.67829 -0.69745 -0.24952 -0.38504 5.84878e-03 1.98685e-03 -4.6195219448e-01 -4.5411656363e-01
124.005 0.00000 0.00000 0.00000 0.00000 0.00000 -0.00000 1.8867e-01 1.5983e-01 5.0934e-02 -3.7807e-05 7.3233e-02 3.3532e-06 0.68786 1.36362 1.73465 -0.71500 -0.19251 -0.30519 5.84882e-03 1.98642e-03 -4.6195180331e-01 -4.5411656714e-01
126.005 0.00000 -0.00000 -0.00000 0.00000 0.00000 -0.00000 1.9215e-01 1.5983e-01 3.5573e-02 -3.7807e-05 7.3233e-02 3.3532e-06 0.64546 1.36338 1.77727 -0.72796 -0.13470 -0.21697 5.84883e-03 1.98709e-03 -4.6195248578e-01 -4.5411656941e-01
128.005 -0.00000 -0.00000 -0.00000 0.00000 0.00000 -0.00000 1.9439e-01 1.5983e-01 1.9984e-02 -3.7807e-05 7.3233e-02 3.3532e-06 0.61798 1.36350 1.80460 -0.73650 -0.07610 -0.12293 5.84872e-03 1.98784e-03 -4.6195312356e-01 -4.5411657145e-01
130.005 -0.00000 0.00000 0.00000 0.00000 0.00000 -0.00000 1.9538e-01 1.5983e-01 4.2610e-03 -3.7807e-05 7.3233e-02 3.3532e-06 0.60614 1.36389 1.81605 -0.74052 -0.01668 -0.02594 5.84879e-03 1.98778e-03 -4.6195314928e-01 -4.5411657479e-01
132.005 0.00000 0.00000 0.00000 0.00000 0.00000 -0.00000 1.9510e-01 1.5983e-01 -1.1496e-02 -3.7807e-05 7.3233e-02 3.3532e-06 0.60997 1.36422 1.81189 -0.73968 0.04333 0.07128 5.84884e-03 1.98766e-03 -4.6195307899e-01 -4.5411657648e-01
134.005 0.00000 -0.00000 -0.00000 0.00000 0.00000 0.00000 1.9354e-01 1.5983e-01 -2.7181e-02 -3.7807e-05 7.3233e-02 3.3532e-06 0.62912 1.36423 1.79274 -0.73373 0.10328 0.16651 5.84878e-03 1.98750e-03 -4.6195285768e-01 -4.5411657902e-01
136.005 -0.00000 -0.00000 -0.00000 0.00000 0.00000 -0.00000 1.9071e-01 1.5983e-01 -4.2685e-02 -3.7807e-05 7.3233e-02 3.3532e-06 0.66317 1.36391 1.75899 -0.72272 0.16230 0.25770 5.84877e-03 1.98799e-03 -4.6195334667e-01 -4.5411658184e-01
138.005 0.00000 0.00000 0.00000 0.00000 0.00000 -0.00000 1.8664e-01 1.5983e-01 -5.7905e-02 -3.7807e-05 7.3233e-02 3.3532e-06 0.71157 1.36352 1.71098 -0.70706 0.21978 0.34264 5.84876e-03 1.98792e-03 -4.6195326492e-01 -4.5411658329e-01
140.005 -0.00000 -0.00000 0.00000 0.00000 0.00000 -0.00000 1.8137e-01 1.5983e-01 -7.2748e-02 -3.7807e-05 7.3233e-02 3.3532e-06 0.77326 1.36338 1.64947 -0.68712 0.27555 0.41879 5.84880e-03 1.98711e-03 -4.6195249728e-01 -4.5411658608e-01
142.005 0.00000 0.00000 -0.00000 0.00000 0.00000 -0.00000 1.7493e-01 1.5982e-01 -8.7120e-02 -3.7807e-05 7.3233e-02 3.3532e-06 0.84644 1.36360 1.57606 -0.66301 0.32966 0.48375 5.84882e-03 1.98711e-03 -4.6195252325e-01 -4.5411658812e-01
144.005 -0.00000 -0.00000 0.00000 0.00000 0.00000 -0.00000 1.6736e-01 1.5982e-01 -1.0093e-01 -3.7807e-05 7.3233e-02 3.3532e-06 0.92887 1.36403 1.49321 -0.63458 0.38207 0.53572 5.84874e-03 1.98727e-03 -4.6195259952e-01 -4.5411658982e-01
146.005 0.00000 0.00000 0.00000 0.00000 0.00000 -0.00000 1.5869e-01 1.5982e-01 -1.1410e-01 -3.7807e-05 7.3233e-02 3.3532e-06 1.01824 1.36435 1.40350 -0.60170 0.43234 0.57373 5.84876e-03 1.98730e-03 -4.6195265097e-01 -4.5411659262e-01
148.005 -0.00000 0.00000 0.00000 0.00000 0.00000 -0.00000 1.4898e-01 1.5981e-01 -1.2652e-01 -3.7807e-05 7.3233e-02 3.3532e-06 1.11250 1.36435 1.30926 -0.56456 0.47975 0.59722 5.84882e-03 1.98693e-03 -4.6195234174e-01 -4.5411659415e-01
150.005 -0.00000 0.00000 0.00000 0.00000 0.00000 -0.00000 1.3830e-01 1.5981e-01 -1.3810e-01 -3.7807e-05 7.3233e-02 3.3532e-06 1.20965 1.36404 1.21244 -0.52371 0.52366 0.60564 5.84879e-03 1.98656e-03 -4.6195195115e-01 -4.5411659619e-01
152.005 0.00000 -0.00000 0.00000 0.00000 0.00000 -0.00000 1.2672e-01 1.5980e-01 -1.4879e-01 -3.7807e-05 7.3233e-02 3.3532e-06 1.30726 1.36369 1.11515 -0.47978 0.56379 0.59838 5.84876e-03 1.98719e-03 -4.6195254478e-01 -4.5411659857e-01
154.005 0.00000 -0.00000 -0.00000 0.00000 0.00000 -0.00000 1.1433e-01 1.5979e-01 -1.5851e-01 -3.7807e-05 7.3233e-02 3.3532e-06 1.40249 1.36362 1.01998 -0.43314 0.60023 0.57522 5.84875e-03 1.98735e-03 -4.6195270118e-01 -4.5411659981e-01
156.005 -0.00000 -0.00000 -0.00000 0.00000 0.00000 -0.00000 1.0121e-01 1.5979e-01 -1.6721e-01 -3.7807e-05 7.3233e-02 3.3532e-06 1.49238 1.36391 0.92981 -0.38382 0.63308 0.53672 5.84878e-03 1.98705e-03 -4.6195243707e-01 -4.5411660218e-01
158.005 0.00000 -0.00000 -0.00000 0.00000 0.00000 -0.00000 8.7418e-02 1.5978e-01 -1.7484e-01 -3.7807e-05 7.3233e-02 3.3532e-06 1.57444 1.36437 0.84728 -0.33172 0.66217 0.48429 5.84881e-03 1.98710e-03 -4.6195251761e-01 -4.5411660399e-01
160.005 0.00000 0.00000 -0.00000 0.00000 0.00000 -0.00000 7.3053e-02 1.5977e-01 -1.8132e-01 -3.7807e-05 7.3233e-02 3.3532e-06 1.64696 1.36468 0.77445 -0.27700 0.68703 0.41967 5.84876e-03 1.98733e-03 -4.6195269537e-01 -4.5411660540e-01
162.005 -0.00000 -0.00000 0.00000 0.00000 0.00000 -0.00000 5.8208e-02 1.5977e-01 -1.8662e-01 -3.7807e-05 7.3233e-02 3.3532e-06 1.70859 1.36463 0.71285 -0.22028 0.70715 0.34455 5.84874e-03 1.98782e-03 -4.6195316367e-01 -4.5411660777e-01
164.005 0.00000 0.00000 -0.00000 0.00000 0.00000 -0.00000 4.2987e-02 1.5976e-01 -1.9070e-01 -3.7807e-05 7.3233e-02 3.3532e-06 1.75792 1.36432 0.66385 -0.16235 0.72235 0.26046 5.84880e-03 1.98750e-03 -4.6195290985e-01 -4.5411660913e-01
166.005 -0.00000 -0.00000 -0.00000 0.00000 0.00000 -0.00000 2.7493e-02 1.5975e-01 -1.9354e-01 -3.7807e-05 7.3233e-02 3.3532e-06 1.79322 1.36402 0.62886 -0.10385 0.73276 0.16920 5.84879e-03 1.98710e-03 -4.6195250298e-01 -4.5411661077e-01
168.005 -0.00000 -0.00000 0.00000 0.00000 0.00000 -0.00000 1.1824e-02 1.5974e-01 -1.9513e-01 -3.7807e-05 7.3233e-02 3.3532e-06 1.81296 1.36402 0.60911 -0.04500 0.73863 0.07321 5.84875e-03 1.98750e-03 -4.6195287198e-01 -4.5411661286e-01
170.005 0.00000 0.00000 0.00000 0.00000 0.00000 -0.00000 -3.9239e-03 1.5974e-01 -1.9546e-01 -3.7807e-05 7.3233e-02 3.3532e-06 1.81647 1.36436 0.60526 0.01426 0.74004 -0.02462 5.84874e-03 1.98755e-03 -4.6195290842e-01 -4.5411661398e-01
172.005 -0.00000 -0.00000 0.00000 0.00000 0.00000 -0.00000 -1.9653e-02 1.5973e-01 -1.9453e-01 -3.7807e-05 7.3233e-02 3.3532e-06 1.80407 1.36483 0.61719 0.07389 0.73674 -0.12140 5.84876e-03 1.98735e-03 -4.6195272944e-01 -4.5411661592e-01
174.005 -0.00000 -0.00000 -0.00000 0.00000 0.00000 -0.00000 -3.5260e-02 1.5972e-01 -1.9233e-01 -3.7807e-05 7.3233e-02 3.3532e-06 1.77669 1.36512 0.64430 0.13342 0.72845 -0.21473 5.84881e-03 1.98698e-03 -4.6195240534e-01 -4.5411661756e-01
176.005 -0.00000 -0.00000 0.00000 0.00000 0.00000 -0.00000 -5.0637e-02 1.5971e-01 -1.8886e-01 -3.7807e-05 7.3233e-02 3.3532e-06 1.73525 1.36503 0.68583 0.19206 0.71508 -0.30263 5.84877e-03 1.98691e-03 -4.6195230547e-01 -4.5411661876e-01
178.005 -0.00000 -0.00000 0.00000 0.00000 0.00000 -0.00000 -6.5678e-02 1.5970e-01 -1.8417e-01 -3.7807e-05 7.3233e-02 3.3532e-06 1.68042 1.36469 0.74098 0.24904 0.69695 -0.38312 5.84871e-03 1.98743e-03 -4.6195276061e-01 -4.5411662073e-01
180.005 0.00000 -0.00000 0.00000 0.00000 0.00000 -0.00000 -8.0289e-02 1.5970e-01 -1.7828e-01 -3.7807e-05 7.3233e-02 3.3532e-06 1.61306 1.36442 0.80862 0.30396 0.67451 -0.45396 5.84877e-03 1.98713e-03 -4.6195252395e-01 -4.5411662197e-01
182.005 -0.00000 0.00000 -0.00000 0.00000 0.00000 -0.00000 -9.4381e-02 1.5969e-01 -1.7125e-01 -3.7807e-05 7.3233e-02 3.3532e-06 1.53468 1.36447 0.88696 0.35683 0.64807 -0.51286 5.84878e-03 1.98682e-03 -4.6195223047e-01 -4.5411662339e-01
184.005 0.00000 0.00000 0.00000 0.00000 0.00000 -0.00000 -1.0787e-01 1.5968e-01 -1.6311e-01 -3.7807e-05 7.3233e-02 3.3532e-06 1.44766 1.36484 0.97360 0.40769 0.61757 -0.55800 5.84876e-03 1.98711e-03 -4.6195249353e-01 -4.5411662514e-01
186.005 -0.00000 -0.00000 -0.00000 0.00000 0.00000 -0.00000 -1.2066e-01 1.5967e-01 -1.5390e-01 -3.7807e-05 7.3233e-02 3.3532e-06 1.35479 1.36529 1.06601 0.45634 0.58287 -0.58843 5.84875e-03 1.98735e-03 -4.6195272960e-01 -4.5411662617e-01
188.005 0.00000 -0.00000 0.00000 0.00000 0.00000 -0.00000 -1.3267e-01 1.5967e-01 -1.4370e-01 -3.7807e-05 7.3233e-02 3.3532e-06 1.25868 1.36551 1.16189 0.50219 0.54400 -0.60380 5.84874e-03 1.98757e-03 -4.6195293634e-01 -4.5411662780e-01
190.005 -0.00000 -0.00000 -0.00000 0.00000 0.00000 -0.00000 -1.4381e-01 1.5966e-01 -1.3255e-01 -3.7807e-05 7.3233e-02 3.3532e-06 1.16153 1.36536 1.25921 0.54453 0.50136 -0.60399 5.84880e-03 1.98721e-03 -4.6195263369e-01 -4.5411662927e-01
192.005 -0.00000 0.00000 0.00000 0.00000 0.00000 -0.00000 -1.5401e-01 1.5966e-01 -1.2054e-01 -3.7807e-05 7.3233e-02 3.3532e-06 1.06536 1.36500 1.35574 0.58293 0.45565 -0.58876 5.84878e-03 1.98717e-03 -4.6195257655e-01 -4.5411663029e-01
194.005 0.00000 0.00000 0.00000 0.00000 0.00000 -0.00000 -1.6320e-01 1.5965e-01 -1.0775e-01 -3.7807e-05 7.3233e-02 3.3532e-06 0.97253 1.36474 1.44882 0.61733 0.40740 -0.55801 5.84871e-03 1.98770e-03 -4.6195304288e-01 -4.5411663200e-01
196.005 0.00000 -0.00000 0.00000 0.00000 0.00000 -0.00000 -1.7135e-01 1.5964e-01 -9.4268e-02 -3.7807e-05 7.3233e-02 3.3532e-06 0.88573 1.36482 1.53554 0.64789 0.35683 -0.51235 5.84876e-03 1.98750e-03 -4.6195288618e-01 -4.5411663310e-01
198.005 -0.00000 -0.00000 -0.00000 0.00000 0.00000 -0.00000 -1.7839e-01 1.5964e-01 -8.0179e-02 -3.7807e-05 7.3233e-02 3.3532e-06 0.80762 1.36521 1.61328 0.67462 0.30385 -0.45320 5.84877e-03 1.98722e-03 -4.6195262212e-01 -4.5411663428e-01
200.005 0.00000 -0.00000 -0.00000 0.00000 0.00000 -0.00000 -1.8428e-01 1.5964e-01 -6.5562e-02 -3.7807e-05 7.3233e-02 3.3532e-06 0.74027 1.36562 1.68021 0.69720 0.24847 -0.38255 5.84877e-03 1.98711e-03 -4.6195251460e-01 -4.5411663583e-01
202.005 -0.00000 -0.00000 0.00000 0.00000 0.00000 -0.00000 -1.8896e-01 1.5963e-01 -5.0512e-02 -3.7807e-05 7.3233e-02 3.3532e-06 0.68517 1.36576 1.73517 0.71513 0.19109 -0.30242 5.84875e-03 1.98720e-03 -4.6195259362e-01 -4.5411663679e-01
204.005 -0.00000 -0.00000 0.00000 0.00000 0.00000 -0.00000 -1.9241e-01 1.5963e-01 -3.5133e-02 -3.7807e-05 7.3233e-02 3.3532e-06 0.64342 1.36553 1.77714 0.72808 0.13247 -0.21461 5.84871e-03 1.98744e-03 -4.6195279316e-01 -4.5411663816e-01
206.005 -0.00000 -0.00000 0.00000 0.00000 0.00000 -0.00000 -1.9461e-01 1.5963e-01 -1.9530e-02 -3.7807e-05 7.3233e-02 3.3532e-06 0.61612 1.36514 1.80485 0.73609 0.07339 -0.12095 5.84878e-03 1.98695e-03 -4.6195236526e-01 -4.5411663949e-01
208.005 0.00000 0.00000 -0.00000 0.00000 0.00000 -0.00000 -1.9554e-01 1.5963e-01 -3.8077e-03 -3.7807e-05 7.3233e-02 3.3532e-06 0.60426 1.36489 1.81696 0.73941 0.01429 -0.02373 5.84878e-03 1.98682e-03 -4.6195223455e-01 -4.5411664038e-01
210.005 0.00000 0.00000 -0.00000 0.00000 0.00000 -0.00000 -1.9522e-01 1.5963e-01 1.1938e-02 -3.7807e-05 7.3233e-02 3.3532e-06 0.60840 1.36499 1.81271 0.73826 -0.04479 0.07421 5.84872e-03 1.98725e-03 -4.6195260862e-01 -4.5411664179e-01
212.005 -0.00000 -0.00000 -0.00000 0.00000 0.00000 -0.00000 -1.9363e-01 1.5963e-01 2.7612e-02 -3.7807e-05 7.3233e-02 3.3532e-06 0.62832 1.36536 1.79241 0.73255 -0.10391 0.16991 5.84875e-03 1.98730e-03 -4.6195269167e-01 -4.5411664282e-01
214.005 0.00000 0.00000 -0.00000 0.00000 0.00000 -0.00000 -1.9079e-01 1.5963e-01 4.3112e-02 -3.7807e-05 7.3233e-02 3.3532e-06 0.66321 1.36572 1.75717 0.72201 -0.16284 0.26080 5.84876e-03 1.98729e-03 -4.6195268622e-01 -4.5411664387e-01
216.005 -0.00000 0.00000 0.00000 0.00000 0.00000 -0.00000 -1.8670e-01 1.5963e-01 5.8335e-02 -3.7807e-05 7.3233e-02 3.3532e-06 0.71198 1.36577 1.70835 0.70646 -0.22092 0.34486 5.84877e-03 1.98711e-03 -4.6195253213e-01 -4.5411664523e-01
218.005 0.00000 -0.00000 0.00000 0.00000 0.00000 -0.00000 -1.8139e-01 1.5963e-01 7.3173e-02 -3.7807e-05 7.3233e-02 3.3532e-06 0.77355 1.36547 1.64708 0.68606 -0.27734 0.42035 5.84876e-03 1.98733e-03 -4.6195273274e-01 -4.5411664611e-01
220.005 -0.00000 0.00000 0.00000 0.00000 0.00000 -0.00000 -1.7490e-01 1.5963e-01 8.7529e-02 -3.7807e-05 7.3233e-02 3.3532e-06 0.84667 1.36503 1.57438 0.66128 -0.33149 0.48533 5.84871e-03 1.98772e-03 -4.6195307339e-01 -4.5411664728e-01
222.005 0.00000 -0.00000 -0.00000 0.00000 0.00000 -0.00000 -1.6728e-01 1.5964e-01 1.0132e-01 -3.7807e-05 7.3233e-02 3.3532e-06 0.92957 1.36480 1.49172 0.63256 -0.38320 0.53775 5.84876e-03 1.98734e-03 -4.6195275368e-01 -4.5411664843e-01
224.005 -0.00000 0.00000 -0.00000 0.00000 0.00000 -0.00000 -1.5859e-01 1.5964e-01 1.1445e-01 -3.7807e-05 7.3233e-02 3.3532e-06 1.01982 1.36492 1.40136 0.60003 -0.43257 0.57584 5.84877e-03 1.98717e-03 -4.6195258840e-01 -4.5411664922e-01
226.005 0.00000 -0.00000 -0.00000 0.00000 0.00000 -0.00000 -1.4887e-01 1.5965e-01 1.2684e-01 -3.7807e-05 7.3233e-02 3.3532e-06 1.11468 1.36529 1.30613 0.56358 -0.47956 0.59860 5.84873e-03 1.98731e-03 -4.6195269045e-01 -4.5411665047e-01
228.005 -0.00000 -0.00000 -0.00000 0.00000 0.00000 -0.00000 -1.3817e-01 1.5965e-01 1.3842e-01 -3.7807e-05 7.3233e-02 3.3532e-06 1.21163 1.36558 1.20889 0.52311 -0.52377 0.60585 5.84874e-03 1.98737e-03 -4.6195275698e-01 -4.5411665144e-01
230.005 0.00000 0.00000 0.00000 0.00000 0.00000 -0.00000 -1.2658e-01 1.5966e-01 1.4910e-01 -3.7807e-05 7.3233e-02 3.3532e-06 1.30850 1.36554 1.11205 0.47888 -0.56453 0.59781 5.84874e-03 1.98731e-03 -4.6195269886e-01 -4.5411665235e-01
232.005 -0.00000 0.00000 -0.00000 0.00000 0.00000 -0.00000 -1.1415e-01 1.5966e-01 1.5879e-01 -3.7807e-05 7.3233e-02 3.3532e-06 1.40324 1.36518 1.01769 0.43151 -0.60127 0.57466 5.84877e-03 1.98688e-03 -4.6195230123e-01 -4.5411665356e-01
234.005 0.00000 -0.00000 -0.00000 0.00000 0.00000 -0.00000 -1.0099e-01 1.5967e-01 1.6745e-01 -3.7807e-05 7.3233e-02 3.3532e-06 1.49344 1.36473 0.92793 0.38167 -0.63377 0.53656 5.84876e-03 1.98696e-03 -4.6195237284e-01 -4.5411665435e-01
236.005 0.00000 0.00000 0.00000 0.00000 0.00000 -0.00000 -8.7184e-02 1.5967e-01 1.7503e-01 -3.7807e-05 7.3233e-02 3.3532e-06 1.57634 1.36451 0.84524 0.32978 -0.66215 0.48413 5.84870e-03 1.98732e-03 -4.6195267615e-01 -4.5411665532e-01
238.005 -0.00000 0.00000 0.00000 0.00000 0.00000 -0.00000 -7.2815e-02 1.5968e-01 1.8148e-01 -3.7807e-05 7.3233e-02 3.3532e-06 1.64929 1.36466 0.77215 0.27587 -0.68654 0.41880 5.84875e-03 1.98715e-03 -4.6195255336e-01 -4.5411665638e-01
240.005 -0.00000 -0.00000 0.00000 0.00000 0.00000 -0.00000 -5.7971e-02 1.5969e-01 1.8676e-01 -3.7807e-05 7.3233e-02 3.3532e-06 1.71032 1.36501 0.71077 0.21987 -0.70681 0.34269 5.84876e-03 1.98707e-03 -4.6195249516e-01 -4.5411665714e-01
242.005 0.00000 0.00000 -0.00000 0.00000 0.00000 -0.00000 -4.2743e-02 1.5970e-01 1.9082e-01 -3.7807e-05 7.3233e-02 3.3532e-06 1.75832 1.36525 0.66253 0.16196 -0.72253 0.25812 5.84874e-03 1.98716e-03 -4.6195255849e-01 -4.5411665822e-01
244.005 0.00000 0.00000 -0.00000 0.00000 0.00000 -0.00000 -2.7234e-02 1.5971e-01 1.9363e-01 -3.7807e-05 7.3233e-02 3.3532e-06 1.79261 1.36514 0.62834 0.10276 -0.73329 0.16718 5.84874e-03 1.98745e-03 -4.6195284365e-01 -4.5411665912e-01
246.005 -0.00000 0.00000 -0.00000 0.00000 0.00000 -0.00000 -1.1551e-02 1.5971e-01 1.9518e-01 -3.7807e-05 7.3233e-02 3.3532e-06 1.81240 1.36473 0.60896 0.04311 -0.73897 0.07179 5.84872e-03 1.98759e-03 -4.6195296982e-01 -4.5411665992e-01
248.005 0.00000 0.00000 0.00000 0.00000 0.00000 -0.00000 4.2000e-03 1.5972e-01 1.9546e-01 -3.7807e-05 7.3233e-02 3.3532e-06 1.81670 1.36428 0.60511 -0.01634 -0.73981 -0.02588 5.84876e-03 1.98722e-03 -4.6195263789e-01 -4.5411666096e-01
250.005 0.00000 0.00000 0.00000 0.00000 0.00000 -0.00000 1.9919e-02 1.5973e-01 1.9448e-01 -3.7807e-05 7.3233e-02 3.3532e-06 1.80479 1.36411 0.61720 -0.07537 -0.73609 -0.12314 5.84875e-03 1.98725e-03 -4.6195266953e-01 -4.5411666169e-01
252.005 0.00000 -0.00000 0.00000 0.00000 0.00000 -0.00000 3.5510e-02 1.5974e-01 1.9224e-01 -3.7807e-05 7.3233e-02 3.3532e-06 1.77686 1.36429 0.64494 -0.13404 -0.72791 -0.21703 5.84871e-03 1.98748e-03 -4.6195285172e-01 -4.5411666258e-01
254.005 0.00000 0.00000 0.00000 0.00000 0.00000 -0.00000 5.0876e-02 1.5975e-01 1.8876e-01 -3.7807e-05 7.3233e-02 3.3532e-06 1.73412 1.36464 0.68733 -0.19230 -0.71507 -0.30485 5.84873e-03 1.98739e-03 -4.6195278281e-01 -4.5411666353e-01
256.005 0.00000 -0.00000 0.00000 0.00000 0.00000 -0.00000 6.5917e-02 1.5975e-01 1.8405e-01 -3.7807e-05 7.3233e-02 3.3532e-06 1.67826 1.36484 0.74300 -0.24970 -0.69733 -0.38452 5.84875e-03 1.98718e-03 -4.6195259677e-01 -4.5411666424e-01
258.005 0.00000 0.00000 0.00000 0.00000 0.00000 -0.00000 8.0527e-02 1.5976e-01 1.7814e-01 -3.7807e-05 7.3233e-02 3.3532e-06 1.61086 1.36468 0.81057 -0.30548 -0.67472 -0.45443 5.84875e-03 1.98695e-03 -4.6195236912e-01 -4.5411666518e-01
260.005 0.00000 0.00000 -0.00000 0.00000 0.00000 -0.00000 9.4605e-02 1.5977e-01 1.7106e-01 -3.7807e-05 7.3233e-02 3.3532e-06 1.53323 1.36425 0.88862 -0.35888 -0.64762 -0.51300 5.84873e-03 1.98715e-03 -4.6195254617e-01 -4.5411666601e-01
262.005 -0.00000 0.00000 0.00000 0.00000 0.00000 -0.00000 1.0806e-01 1.5978e-01 1.6287e-01 -3.7807e-05 7.3233e-02 3.3532e-06 1.44687 1.36383 0.97540 -0.40954 -0.61656 -0.55846 5.84871e-03 1.98727e-03 -4.6195264861e-01 -4.5411666671e-01
264.005 0.00000 -0.00000 -0.00000 0.00000 0.00000 -0.00000 1.2082e-01 1.5978e-01 1.5364e-01 -3.7807e-05 7.3233e-02 3.3532e-06 1.35387 1.36372 1.06851 -0.45746 -0.58187 -0.58918 5.84875e-03 1.98698e-03 -4.6195239452e-01 -4.5411666766e-01
266.005 -0.00000 0.00000 -0.00000 0.00000 0.00000 -0.00000 1.3280e-01 1.5979e-01 1.4341e-01 -3.7807e-05 7.3233e-02 3.3532e-06 1.25703 1.36396 1.16512 -0.50273 -0.54355 -0.60415 5.84875e-03 1.98700e-03 -4.6195242264e-01 -4.5411666835e-01
268.005 -0.00000 0.00000 0.00000 0.00000 0.00000 -0.00000 1.4393e-01 1.5980e-01 1.3225e-01 -3.7807e-05 7.3233e-02 3.3532e-06 1.15933 1.36431 1.26246 -0.54514 -0.50147 -0.60326 5.84872e-03 1.98723e-03 -4.6195262587e-01 -4.5411666913e-01
270.005 0.00000 0.00000 0.00000 0.00000 0.00000 -0.00000 1.5411e-01 1.5980e-01 1.2023e-01 -3.7807e-05 7.3233e-02 3.3532e-06 1.06341 1.36448 1.35820 -0.58416 -0.45570 -0.58700 5.84873e-03 1.98744e-03 -4.6195283374e-01 -4.5411667001e-01
272.005 -0.00000 0.00000 -0.00000 0.00000 0.00000 -0.00000 1.6329e-01 1.5981e-01 1.0741e-01 -3.7807e-05 7.3233e-02 3.3532e-06 0.97142 1.36429 1.45038 -0.61915 -0.40673 -0.55598 5.84874e-03 1.98739e-03 -4.6195280041e-01 -4.5411667067e-01
274.005 0.00000 0.00000 0.00000 0.00000 0.00000 -0.00000 1.7140e-01 1.5981e-01 9.3902e-02 -3.7807e-05 7.3233e-02 3.3532e-06 0.88535 1.36386 1.53689 -0.64974 -0.35529 -0.51068 5.84875e-03 1.98718e-03 -4.6195260504e-01 -4.5411667150e-01
276.005 0.00000 0.00000 0.00000 0.00000 0.00000 -0.00000 1.7840e-01 1.5982e-01 7.9787e-02 -3.7807e-05 7.3233e-02 3.3532e-06 0.80739 1.36349 1.61521 -0.67592 -0.30199 -0.45184 5.84873e-03 1.98741e-03 -4.6195280604e-01 -4.5411667227e-01
278.005 -0.00000 0.00000 0.00000 0.00000 0.00000 -0.00000 1.8424e-01 1.5982e-01 6.5162e-02 -3.7807e-05 7.3233e-02 3.3532e-06 0.73988 1.36346 1.68275 -0.69788 -0.24704 -0.38084 5.84871e-03 1.98754e-03 -4.6195292044e-01 -4.5411667292e-01
280.005 -0.00000 -0.00000 0.00000 0.00000 0.00000 -0.00000 1.8889e-01 1.5982e-01 5.0114e-02 -3.7807e-05 7.3233e-02 3.3532e-06 0.68488 1.36376 1.73746 -0.71567 -0.19039 -0.29984 5.84874e-03 1.98732e-03 -4.6195272584e-01 -4.5411667375e-01
282.005 0.00000 -0.00000 -0.00000 0.00000 0.00000 -0.00000 1.9233e-01 1.5983e-01 3.4735e-02 -3.7807e-05 7.3233e-02 3.3532e-06 0.64378 1.36414 1.77817 -0.72900 -0.13206 -0.21138 5.84875e-03 1.98715e-03 -4.6195257133e-01 -4.5411667441e-01
284.005 0.00000 0.00000 0.00000 0.00000 0.00000 -0.00000 1.9450e-01 1.5983e-01 1.9124e-02 -3.7807e-05 7.3233e-02 3.3532e-06 0.61736 1.36429 1.80445 -0.73743 -0.07246 -0.11785 5.84873e-03 1.98712e-03 -4.6195252338e-01 -4.5411667513e-01
286.005 -0.00000 0.00000 -0.00000 0.00000 0.00000 -0.00000 1.9540e-01 1.5983e-01 3.3880e-03 -3.7807e-05 7.3233e-02 3.3532e-06 0.60606 1.36408 1.81596 -0.74074 -0.01239 -0.02134 5.84871e-03 1.98728e-03 -4.6195266594e-01 -4.5411667593e-01
288.005 0.00000 0.00000 0.00000 0.00000 0.00000 -0.00000 1.9503e-01 1.5983e-01 -1.2364e-02 -3.7807e-05 7.3233e-02 3.3532e-06 0.61028 1.36367 1.81215 -0.73904 0.04738 0.07608 5.84873e-03 1.98716e-03 -4.6195255870e-01 -4.5411667655e-01
290.005 0.00000 0.00000 0.00000 0.00000 0.00000 -0.00000 1.9340e-01 1.5983e-01 -2.8030e-02 -3.7807e-05 7.3233e-02 3.3532e-06 0.63022 1.36338 1.79251 -0.73266 0.10637 0.17191 5.84874e-03 1.98689e-03 -4.6195230809e-01 -4.5411667730e-01
292.005 0.00000 -0.00000 -0.00000 0.00000 0.00000 -0.00000 1.9051e-01 1.5983e-01 -4.3513e-02 -3.7807e-05 7.3233e-02 3.3532e-06 0.66554 1.36343 1.75714 -0.72186 0.16456 0.26329 5.84873e-03 1.98705e-03 -4.6195245464e-01 -4.5411667799e-01
294.005 -0.00000 -0.00000 -0.00000 0.00000 0.00000 -0.00000 1.8640e-01 1.5983e-01 -5.8719e-02 -3.7807e-05 7.3233e-02 3.3532e-06 0.71511 1.36379 1.70720 -0.70657 0.22199 0.34747 5.84871e-03 1.98726e-03 -4.6195265250e-01 -4.5411667859e-01
296.005 0.00000 -0.00000 -0.00000 0.00000 0.00000 -0.00000 1.8107e-01 1.5983e-01 -7.3550e-02 -3.7807e-05 7.3233e-02 3.3532e-06 0.77731 1.36419 1.64459 -0.68657 0.27846 0.42225 5.84873e-03 1.98731e-03 -4.6195271574e-01 -4.5411667936e-01
298.005 0.00000 0.00000 -0.00000 0.00000 0.00000 -0.00000 1.7456e-01 1.5982e-01 -8.7905e-02 -3.7807e-05 7.3233e-02 3.3532e-06 0.85046 1.36432 1.57131 -0.66175 0.33332 0.48612 5.84875e-03 1.98723e-03 -4.6195265132e-01 -4.5411668000e-01
300.005 -0.00000 0.00000 0.00000 0.00000 0.00000 -0.00000 1.6691e-01 1.5982e-01 -1.0168e-01 -3.7807e-05 7.3233e-02 3.3532e-06 0.93293 1.36410 1.48907 -0.63238 0.38579 0.53778 5.84874e-03 1.98723e-03 -4.6195265055e-01 -4.5411668066e-01
302.005 0.00000 -0.00000 0.00000 0.00000 0.00000 -0.00000 1.5817e-01 1.5981e-01 -1.1479e-01 -3.7807e-05 7.3233e-02 3.3532e-06 1.02294 1.36372 1.39943 -0.59900 0.43529 0.57585 5.84871e-03 1.98752e-03 -4.6195290835e-01 -4.5411668140e-01
304.005 -0.00000 -0.00000 -0.00000 0.00000 0.00000 -0.00000 1.4841e-01 1.5981e-01 -1.2715e-01 -3.7807e-05 7.3233e-02 3.3532e-06 1.11819 1.36350 1.30440 -0.56210 0.48169 0.59892 5.84872e-03 1.98749e-03 -4.6195288755e-01 -4.5411668197e-01
306.005 -0.00000 -0.00000 0.00000 0.00000 0.00000 -0.00000 1.3769e-01 1.5981e-01 -1.3870e-01 -3.7807e-05 7.3233e-02 3.3532e-06 1.21584 1.36364 1.20662 -0.52186 0.52509 0.60602 5.84874e-03 1.98725e-03 -4.6195266626e-01 -4.5411668263e-01
308.005 -0.00000 0.00000 0.00000 0.00000 0.00000 -0.00000 1.2608e-01 1.5980e-01 -1.4935e-01 -3.7807e-05 7.3233e-02 3.3532e-06 1.31295 1.36406 1.10908 -0.47819 0.56548 0.59704 5.84873e-03 1.98722e-03 -4.6195263882e-01 -4.5411668329e-01
310.005 -0.00000 0.00000 0.00000 0.00000 0.00000 -0.00000 1.1365e-01 1.5979e-01 -1.5903e-01 -3.7807e-05 7.3233e-02 3.3532e-06 1.40701 1.36446 1.01462 -0.43102 0.60249 0.57266 5.84871e-03 1.98728e-03 -4.6195268016e-01 -4.5411668387e-01
312.005 0.00000 -0.00000 -0.00000 0.00000 0.00000 -0.00000 1.0047e-01 1.5979e-01 -1.6768e-01 -3.7807e-05 7.3233e-02 3.3532e-06 1.49603 1.36457 0.92550 -0.38068 0.63552 0.53387 5.84871e-03 1.98730e-03 -4.6195269809e-01 -4.5411668458e-01
314.005 -0.00000 0.00000 -0.00000 0.00000 0.00000 -0.00000 8.6636e-02 1.5978e-01 -1.7522e-01 -3.7807e-05 7.3233e-02 3.3532e-06 1.57815 1.36434 0.84362 -0.32784 0.66407 0.48155 5.84874e-03 1.98706e-03 -4.6195247875e-01 -4.5411668520e-01
316.005 0.00000 -0.00000 -0.00000 0.00000 0.00000 -0.00000 7.2241e-02 1.5977e-01 -1.8163e-01 -3.7807e-05 7.3233e-02 3.3532e-06 1.65122 1.36399 0.77090 -0.27323 0.68799 0.41661 5.84873e-03 1.98691e-03 -4.6195233062e-01 -4.5411668579e-01
318.005 -0.00000 -0.00000 0.00000 0.00000 0.00000 -0.00000 5.7383e-02 1.5977e-01 -1.8685e-01 -3.7807e-05 7.3233e-02 3.3532e-06 1.71284 1.36383 0.70943 -0.21729 0.70746 0.34042 5.84871e-03 1.98714e-03 -4.6195252902e-01 -4.5411668645e-01
320.005 -0.00000 0.00000 0.00000 0.00000 0.00000 -0.00000 4.2156e-02 1.5976e-01 -1.9088e-01 -3.7807e-05 7.3233e-02 3.3532e-06 1.76091 1.36404 0.66115 -0.16009 0.72264 0.25511 5.84871e-03 1.98721e-03 -4.6195260512e-01 -4.5411668699e-01
322.005 0.00000 -0.00000 0.00000 0.00000 0.00000 -0.00000 2.6651e-02 1.5975e-01 -1.9367e-01 -3.7807e-05 7.3233e-02 3.3532e-06 1.79418 1.36449 0.62743 -0.10155 0.73342 0.16333 5.84873e-03 1.98714e-03 -4.6195255983e-01 -4.5411668763e-01
324.005 0.00000 -0.00000 -0.00000 0.00000 0.00000 -0.00000 1.0966e-02 1.5974e-01 -1.9520e-01 -3.7807e-05 7.3233e-02 3.3532e-06 1.81231 1.36489 0.60890 -0.04187 0.73943 0.06774 5.84874e-03 1.98715e-03 -4.6195257321e-01 -4.5411668826e-01
326.005 -0.00000 0.00000 0.00000 0.00000 0.00000 -0.00000 -4.7942e-03 1.5973e-01 -1.9546e-01 -3.7807e-05 7.3233e-02 3.3532e-06 1.81539 1.36495 0.60576 0.01832 0.74036 -0.02937 5.84872e-03 1.98731e-03 -4.6195271784e-01 -4.5411668881e-01
328.005 0.00000 0.00000 -0.00000 0.00000 0.00000 -0.00000 -2.0521e-02 1.5973e-01 -1.9443e-01 -3.7807e-05 7.3233e-02 3.3532e-06 1.80335 1.36469 0.61805 0.07816 0.73619 -0.12593 5.84871e-03 1.98753e-03 -4.6195291984e-01 -4.5411668947e-01
330.005 -0.00000 -0.00000 0.00000 0.00000 0.00000 -0.00000 -3.6108e-02 1.5972e-01 -1.9215e-01 -3.7807e-05 7.3233e-02 3.3532e-06 1.77599 1.36435 0.64575 0.13700 0.72722 -0.21967 5.84872e-03 1.98739e-03 -4.6195279960e-01 -4.5411669003e-01
332.005 0.00000 0.00000 -0.00000 0.00000 0.00000 -0.00000 -5.1458e-02 1.5971e-01 -1.8862e-01 -3.7807e-05 7.3233e-02 3.3532e-06 1.73346 1.36425 0.68839 0.19463 0.71380 -0.30791 5.84873e-03 1.98724e-03 -4.6195266167e-01 -4.5411669057e-01
334.005 -0.00000 0.00000 0.00000 0.00000 0.00000 -0.00000 -6.6476e-02 1.5970e-01 -1.8388e-01 -3.7807e-05 7.3233e-02 3.3532e-06 1.67679 1.36451 0.74479 0.25109 0.69607 -0.38793 5.84871e-03 1.98735e-03 -4.6195275424e-01 -4.5411669120e-01
336.005 -0.00000 -0.00000 -0.00000 0.00000 0.00000 -0.00000 -8.1071e-02 1.5969e-01 -1.7794e-01 -3.7807e-05 7.3233e-02 3.3532e-06 1.60797 1.36498 0.81315 0.30636 0.67386 -0.45744 5.84871e-03 1.98738e-03 -4.6195277415e-01 -4.5411669173e-01
338.005 0.00000 0.00000 0.00000 0.00000 0.00000 -0.00000 -9.5145e-02 1.5969e-01 -1.7085e-01 -3.7807e-05 7.3233e-02 3.3532e-06 1.52929 1.36533 0.89147 0.36002 0.64700 -0.51494 5.84872e-03 1.98726e-03 -4.6195267075e-01 -4.5411669233e-01
340.005 -0.00000 0.00000 -0.00000 0.00000 0.00000 -0.00000 -1.0860e-01 1.5968e-01 -1.6264e-01 -3.7807e-05 7.3233e-02 3.3532e-06 1.44286 1.36534 0.97790 0.41132 0.61558 -0.55938 5.84873e-03 1.98704e-03 -4.6195246536e-01 -4.5411669293e-01
342.005 -0.00000 -0.00000 0.00000 0.00000 0.00000 -0.00000 -1.2134e-01 1.5967e-01 -1.5336e-01 -3.7807e-05 7.3233e-02 3.3532e-06 1.35049 1.36504 1.07057 0.45958 0.58009 -0.58977 5.84872e-03 1.98702e-03 -4.6195243556e-01 -4.5411669345e-01
344.005 0.00000 0.00000 0.00000 0.00000 0.00000 -0.00000 -1.3329e-01 1.5967e-01 -1.4309e-01 -3.7807e-05 7.3233e-02 3.3532e-06 1.25408 1.36471 1.16731 0.50445 0.54111 -0.60500 5.84870e-03 1.98719e-03 -4.6195258212e-01 -4.5411669404e-01
346.005 0.00000 -0.00000 -0.00000 0.00000 0.00000 -0.00000 -1.4437e-01 1.5966e-01 -1.3190e-01 -3.7807e-05 7.3233e-02 3.3532e-06 1.15610 1.36464 1.26536 0.54597 0.49903 -0.60423 5.84871e-03 1.98710e-03 -4.6195250925e-01 -4.5411669458e-01
348.005 0.00000 -0.00000 -0.00000 0.00000 0.00000 -0.00000 -1.5453e-01 1.5965e-01 -1.1986e-01 -3.7807e-05 7.3233e-02 3.3532e-06 1.05947 1.36493 1.36170 0.58424 0.45387 -0.58734 5.84873e-03 1.98702e-03 -4.6195244218e-01 -4.5411669511e-01
350.005 -0.00000 -0.00000 0.00000 0.00000 0.00000 -0.00000 -1.6369e-01 1.5965e-01 -1.0704e-01 -3.7807e-05 7.3233e-02 3.3532e-06 0.96709 1.36538 1.45362 0.61911 0.40552 -0.55511 5.84872e-03 1.98715e-03 -4.6195256103e-01 -4.5411669570e-01
352.005 0.00000 -0.00000 -0.00000 0.00000 0.00000 -0.00000 -1.7178e-01 1.5964e-01 -9.3522e-02 -3.7807e-05 7.3233e-02 3.3532e-06 0.88138 1.36567 1.53904 0.65008 0.35410 -0.50883 5.84871e-03 1.98734e-03 -4.6195274382e-01 -4.5411669622e-01
354.005 0.00000 0.00000 0.00000 0.00000 0.00000 -0.00000 -1.7876e-01 1.5964e-01 -7.9386e-02 -3.7807e-05 7.3233e-02 3.3532e-06 0.80420 1.36560 1.61629 0.67659 0.30013 -0.44979 5.84871e-03 1.98743e-03 -4.6195284194e-01 -4.5411669678e-01
356.005 -0.00000 0.00000 0.00000 0.00000 0.00000 -0.00000 -1.8456e-01 1.5964e-01 -6.4736e-02 -3.7807e-05 7.3233e-02 3.3532e-06 0.73724 1.36525 1.68360 0.69835 0.24441 -0.37915 5.84873e-03 1.98729e-03 -4.6195271778e-01 -4.5411669734e-01
358.005 -0.00000 -0.00000 -0.00000 0.00000 0.00000 -0.00000 -1.8916e-01 1.5963e-01 -4.9671e-02 -3.7807e-05 7.3233e-02 3.3532e-06 0.68228 1.36492 1.73889 0.71544 0.18757 -0.29833 5.84872e-03 1.98730e-03 -4.6195271615e-01 -4.5411669783e-01
360.005 0.00000 0.00000 0.00000 0.00000 0.00000 -0.00000 -1.9255e-01 1.5963e-01 -3.4290e-02 -3.7807e-05 7.3233e-02 3.3532e-06 0.64109 1.36488 1.78013 0.72808 0.12985 -0.20938 5.84869e-03 1.98746e-03 -4.6195285263e-01 -4.5411669840e-01
362.005 0.00000 0.00000 0.00000 0.00000 0.00000 -0.00000 -1.9469e-01 1.5963e-01 -1.8685e-02 -3.7807e-05 7.3233e-02 3.3532e-06 0.61495 1.36518 1.80597 0.73633 0.07120 -0.11497 5.84871e-03 1.98739e-03 -4.6195279043e-01 -4.5411669891e-01
364.005 0.00000 -0.00000 0.00000 0.00000 0.00000 -0.00000 -1.9558e-01 1.5963e-01 -2.9536e-03 -3.7807e-05 7.3233e-02 3.3532e-06 0.60441 1.36560 1.81609 0.73996 0.01164 -0.01794 5.84872e-03 1.98722e-03 -4.6195264043e-01 -4.5411669942e-01
366.005 -0.00000 0.00000 0.00000 0.00000 0.00000 -0.00000 -1.9519e-01 1.5963e-01 1.2803e-02 -3.7807e-05 7.3233e-02 3.3532e-06 0.60944 1.36581 1.81084 0.73862 -0.04841 0.07918 5.84872e-03 1.98711e-03 -4.6195252933e-01 -4.5411669998e-01
368.005 0.00000 0.00000 -0.00000 0.00000 0.00000 -0.00000 -1.9352e-01 1.5963e-01 2.8476e-02 -3.7807e-05 7.3233e-02 3.3532e-06 0.62977 1.36566 1.79067 0.73215 -0.10815 0.17427 5.84871e-03 1.98715e-03 -4.6195256089e-01 -4.5411670049e-01
370.005 -0.00000 0.00000 0.00000 0.00000 0.00000 -0.00000 -1.9058e-01 1.5963e-01 4.3959e-02 -3.7807e-05 7.3233e-02 3.3532e-06 0.66506 1.36526 1.75578 0.72076 -0.16681 0.26525 5.84870e-03 1.98719e-03 -4.6195258836e-01 -4.5411670101e-01
372.005 -0.00000 -0.00000 0.00000 0.00000 0.00000 0.00000 -1.8642e-01 1.5963e-01 5.9150e-02 -3.7807e-05 7.3233e-02 3.3532e-06 0.71472 1.36492 1.70646 0.70487 -0.22393 0.34969 5.84872e-03 1.98700e-03 -4.6195242161e-01 -4.5411670155e-01
374.005 0.00000 -0.00000 -0.00000 0.00000 0.00000 0.00000 -1.8106e-01 1.5963e-01 7.3957e-02 -3.7807e-05 7.3233e-02 3.3532e-06 0.77753 1.36490 1.64368 0.68475 -0.27948 0.42498 5.84872e-03 1.98698e-03 -4.6195240260e-01 -4.5411670202e-01
376.005 0.00000 0.00000 -0.00000 0.00000 0.00000 0.00000 -1.7452e-01 1.5963e-01 8.8290e-02 -3.7807e-05 7.3233e-02 3.3532e-06 0.85157 1.36520 1.56933 0.66039 -0.33352 0.48883 5.84870e-03 1.98717e-03 -4.6195257401e-01 -4.5411670254e-01
378.005 -0.00000 0.00000 -0.00000 0.00000 0.00000 0.00000 -1.6685e-01 1.5964e-01 1.0206e-01 -3.7807e-05 7.3233e-02 3.3532e-06 0.93458 1.36557 1.48594 0.63158 -0.38586 0.53968 5.84871e-03 1.98729e-03 -4.6195269871e-01 -4.5411670305e-01
380.005 -0.00000 -0.00000 -0.00000 0.00000 0.00000 0.00000 -1.5810e-01 1.5964e-01 1.1516e-01 -3.7807e-05 7.3233e-02 3.3532e-06 1.02444 1.36570 1.39595 0.59830 -0.43590 0.57666 5.84872e-03 1.98730e-03 -4.6195272027e-01 -4.5411670355e-01
382.005 -0.00000 0.00000 0.00000 0.00000 0.00000 0.00000 -1.4830e-01 1.5965e-01 1.2751e-01 -3.7807e-05 7.3233e-02 3.3532e-06 1.11917 1.36547 1.30146 0.56089 -0.48291 0.59913 5.84872e-03 1.98725e-03 -4.6195267777e-01 -4.5411670409e-01
384.005 0.00000 0.00000 0.00000 0.00000 0.00000 0.00000 -1.3755e-01 1.5965e-01 1.3902e-01 -3.7807e-05 7.3233e-02 3.3532e-06 1.21668 1.36502 1.20439 0.51995 -0.52635 0.60638 5.84871e-03 1.98738e-03 -4.6195278977e-01 -4.5411670458e-01
386.005 -0.00000 -0.00000 0.00000 0.00000 0.00000 0.00000 -1.2590e-01 1.5966e-01 1.4963e-01 -3.7807e-05 7.3233e-02 3.3532e-06 1.31437 1.36468 1.10703 0.47604 -0.56612 0.59776 5.84869e-03 1.98749e-03 -4.6195288965e-01 -4.5411670507e-01
388.005 0.00000 0.00000 -0.00000 0.00000 0.00000 0.00000 -1.1345e-01 1.5966e-01 1.5928e-01 -3.7807e-05 7.3233e-02 3.3532e-06 1.40928 1.36469 1.01213 0.42936 -0.60237 0.57319 5.84871e-03 1.98735e-03 -4.6195275993e-01 -4.5411670557e-01
390.005 0.00000 -0.00000 -0.00000 0.00000 0.00000 0.00000 -1.0027e-01 1.5967e-01 1.6790e-01 -3.7807e-05 7.3233e-02 3.3532e-06 1.49853 1.36500 0.92258 0.37983 -0.63509 0.53347 5.84872e-03 1.98723e-03 -4.6195265023e-01 -4.5411670603e-01
392.005 -0.00000 -0.00000 -0.00000 0.00000 0.00000 0.00000 -8.6426e-02 1.5968e-01 1.7543e-01 -3.7807e-05 7.3233e-02 3.3532e-06 1.57989 1.36533 0.84088 0.32743 -0.66396 0.48010 5.84870e-03 1.98723e-03 -4.6195263714e-01 -4.5411670654e-01
394.005 -0.00000 -0.00000 0.00000 0.00000 0.00000 0.00000 -7.2016e-02 1.5968e-01 1.8182e-01 -3.7807e-05 7.3233e-02 3.3532e-06 1.65179 1.36538 0.76892 0.27250 -0.68844 0.41472 5.84870e-03 1.98725e-03 -4.6195265240e-01 -4.5411670705e-01
396.005 -0.00000 0.00000 -0.00000 0.00000 0.00000 0.00000 -5.7136e-02 1.5969e-01 1.8701e-01 -3.7807e-05 7.3233e-02 3.3532e-06 1.71281 1.36508 0.70821 0.21576 -0.70812 0.33886 5.84870e-03 1.98715e-03 -4.6195256471e-01 -4.5411670753e-01
398.005 0.00000 -0.00000 -0.00000 0.00000 0.00000 0.00000 -4.1890e-02 1.5970e-01 1.9099e-01 -3.7807e-05 7.3233e-02 3.3532e-06 1.76127 1.36461 0.66023 0.15798 -0.72294 0.25401 5.84871e-03 1.98697e-03 -4.6195239101e-01 -4.5411670804e-01
400.000 0.00000 0.00000 -0.00000 0.00000 0.00000 0.00000 -2.6419e-02 1.5971e-01 1.9372e-01 -3.7807e-05 7.3233e-02 3.3532e-06 1.79528 1.36430 0.62652 0.09978 -0.73309 0.16237 5.84870e-03 1.98702e-03 -4.6195243241e-01 -4.5411670850e-01
