# t x y z vx vy vz omx omy omz llx lly llz Ixx Iyy Izz Ixy Iyz Ixz KErot PEspr PEgrav Etot
0.000 0.00000 -0.00000 0.00000 0.00000 -0.00000 -0.00000 8.9843e-03 1.2368e-01 -1.5749e-02 -3.7709e-05 6.2860e-02 -1.4674e-06 0.41153 0.51767 0.42955 -0.03195 0.05569 -0.01375 3.88706e-03 6.89831e-30 -5.6805912688e-01 -5.6417207121e-01
2.005 -0.00000 -0.00000 -0.00000 -0.00000 0.00000 0.00000 3.6368e-03 1.2601e-01 -1.7923e-02 -3.7709e-05 6.2860e-02 -1.4674e-06 0.39825 0.50789 0.42854 -0.01258 0.06110 -0.00551 3.96064e-03 2.40367e-03 -5.7293182775e-01 -5.6656751800e-01
4.005 0.00000 0.00000 -0.00000 -0.00000 -0.00000 0.00000 -2.1201e-03 1.2605e-01 -1.8161e-02 -3.7709e-05 6.2860e-02 -1.4674e-06 0.39780 0.50772 0.42886 0.00708 0.06186 0.00475 3.96184e-03 2.44322e-03 -5.7297343535e-01 -5.6656838024e-01
6.000 -0.00000 -0.00000 -0.00000 -0.00000 0.00000 0.00000 -7.6491e-03 1.2605e-01 -1.6612e-02 -3.7709e-05 6.2860e-02 -1.4674e-06 0.40364 0.50773 0.42302 0.02594 0.05654 0.01324 3.96186e-03 2.44351e-03 -5.7297374999e-01 -5.6656838190e-01
8.000 0.00000 -0.00000 0.00000 0.00000 0.00000 0.00000 -1.2431e-02 1.2605e-01 -1.3414e-02 -3.7709e-05 6.2860e-02 -1.4674e-06 0.41349 0.50773 0.41316 0.04224 0.04559 0.01659 3.96186e-03 2.44366e-03 -5.7297390175e-01 -5.6656838198e-01
10.000 0.00000 -0.00000 -0.00000 -0.00000 0.00000 0.00000 -1.5974e-02 1.2604e-01 -8.8873e-03 -3.7709e-05 6.2860e-02 -1.4674e-06 0.42349 0.50773 0.40316 0.05432 0.03011 0.01337 3.96186e-03 2.44368e-03 -5.7297392607e-01 -5.6656838203e-01
12.005 0.00000 0.00000 0.00000 -0.00000 0.00000 0.00000 -1.7932e-02 1.2604e-01 -3.4714e-03 -3.7709e-05 6.2860e-02 -1.4674e-06 0.42968 0.50772 0.39699 0.06096 0.01159 0.00472 3.96186e-03 2.44367e-03 -5.7297391753e-01 -5.6656838208e-01
14.005 0.00000 -0.00000 -0.00000 -0.00000 0.00000 0.00000 -1.8099e-02 1.2604e-01 2.2663e-03 -3.7709e-05 6.2860e-02 -1.4674e-06 0.42951 0.50770 0.39718 0.06148 -0.00801 -0.00599 3.96186e-03 2.44368e-03 -5.7297392234e-01 -5.6656838213e-01
16.005 0.00000 -0.00000 0.00000 -0.00000 0.00000 0.00000 -1.6470e-02 1.2604e-01 7.7657e-03 -3.7709e-05 6.2860e-02 -1.4674e-06 0.42296 0.50767 0.40376 0.05587 -0.02679 -0.01459 3.96186e-03 2.44369e-03 -5.7297393375e-01 -5.6656838218e-01
18.005 0.00000 0.00000 0.00000 0.00000 0.00000 0.00000 -1.3209e-02 1.2605e-01 1.2478e-02 -3.7709e-05 6.2860e-02 -1.4674e-06 0.41249 0.50764 0.41426 0.04468 -0.04287 -0.01767 3.96186e-03 2.44370e-03 -5.7297395060e-01 -5.6656838222e-01
20.000 0.00000 0.00000 -0.00000 0.00000 0.00000 0.00000 -8.6561e-03 1.2605e-01 1.5929e-02 -3.7709e-05 6.2860e-02 -1.4674e-06 0.40215 0.50760 0.42463 0.02908 -0.05463 -0.01394 3.96186e-03 2.44373e-03 -5.7297397620e-01 -5.6656838227e-01
22.000 -0.00000 -0.00000 0.00000 0.00000 0.00000 0.00000 -3.2449e-03 1.2605e-01 1.7791e-02 -3.7709e-05 6.2860e-02 -1.4674e-06 0.39592 0.50756 0.43090 0.01056 -0.06095 -0.00472 3.96186e-03 2.44376e-03 -5.7297400945e-01 -5.6656838231e-01
24.000 0.00000 0.00000 0.00000 0.00000 0.00000 0.00000 2.4733e-03 1.2605e-01 1.7870e-02 -3.7709e-05 6.2860e-02 -1.4674e-06 0.39632 0.50752 0.43054 -0.00900 -0.06117 0.00650 3.96186e-03 2.44380e-03 -5.7297404971e-01 -5.6656838236e-01
26.000 -0.00000 -0.00000 -0.00000 0.00000 0.00000 0.00000 7.9270e-03 1.2606e-01 1.6161e-02 -3.7709e-05 6.2860e-02 -1.4674e-06 0.40329 0.50749 0.42361 -0.02764 -0.05529 0.01542 3.96186e-03 2.44385e-03 -5.7297409752e-01 -5.6656838240e-01
28.000 0.00000 0.00000 -0.00000 0.00000 0.00000 0.00000 1.2571e-02 1.2606e-01 1.2835e-02 -3.7709e-05 6.2860e-02 -1.4674e-06 0.41424 0.50746 0.41269 -0.04350 -0.04389 0.01859 3.96186e-03 2.44390e-03 -5.7297415217e-01 -5.6656838245e-01
30.000 -0.00000 -0.00000 -0.00000 0.00000 0.00000 0.00000 1.5943e-02 1.2606e-01 8.2274e-03 -3.7709e-05 6.2860e-02 -1.4674e-06 0.42502 0.50743 0.40193 -0.05501 -0.02811 0.01473 3.96187e-03 2.44396e-03 -5.7297421260e-01 -5.6656838249e-01
32.000 0.00000 -0.00000 0.00000 0.00000 0.00000 0.00000 1.7705e-02 1.2606e-01 2.7985e-03 -3.7709e-05 6.2860e-02 -1.4674e-06 0.43153 0.50742 0.39544 -0.06102 -0.00953 0.00526 3.96187e-03 2.44403e-03 -5.7297427816e-01 -5.6656838253e-01
34.000 -0.00000 0.00000 -0.00000 0.00000 0.00000 0.00000 1.7683e-02 1.2606e-01 -2.9078e-03 -3.7709e-05 6.2860e-02 -1.4674e-06 0.43125 0.50742 0.39571 -0.06094 0.00999 -0.00626 3.96187e-03 2.44410e-03 -5.7297434798e-01 -5.6656838258e-01
36.000 0.00000 0.00000 0.00000 0.00000 0.00000 0.00000 1.5879e-02 1.2606e-01 -8.3209e-03 -3.7709e-05 6.2860e-02 -1.4674e-06 0.42429 0.50742 0.40267 -0.05476 0.02851 -0.01545 3.96187e-03 2.44417e-03 -5.7297442099e-01 -5.6656838262e-01
38.000 -0.00000 0.00000 -0.00000 -0.00000 0.00000 0.00000 1.2474e-02 1.2606e-01 -1.2899e-02 -3.7709e-05 6.2860e-02 -1.4674e-06 0.41325 0.50744 0.41369 -0.04312 0.04418 -0.01883 3.96187e-03 2.44425e-03 -5.7297449613e-01 -5.6656838267e-01
40.005 -0.00000 -0.00000 0.00000 0.00000 0.00000 0.00000 7.7957e-03 1.2606e-01 -1.6191e-02 -3.7709e-05 6.2860e-02 -1.4674e-06 0.40231 0.50746 0.42460 -0.02712 0.05546 -0.01511 3.96187e-03 2.44432e-03 -5.7297457251e-01 -5.6656838271e-01
42.005 0.00000 0.00000 -0.00000 -0.00000 0.00000 0.00000 2.3344e-03 1.2605e-01 -1.7850e-02 -3.7709e-05 6.2860e-02 -1.4674e-06 0.39566 0.50749 0.43123 -0.00844 0.06116 -0.00574 3.96187e-03 2.44440e-03 -5.7297464864e-01 -5.6656838276e-01
44.005 -0.00000 0.00000 -0.00000 0.00000 0.00000 0.00000 -3.3737e-03 1.2605e-01 -1.7719e-02 -3.7709e-05 6.2860e-02 -1.4674e-06 0.39574 0.50753 0.43111 0.01109 0.06074 0.00569 3.96187e-03 2.44447e-03 -5.7297472358e-01 -5.6656838280e-01
46.005 -0.00000 0.00000 0.00000 0.00000 0.00000 0.00000 -8.7578e-03 1.2605e-01 -1.5811e-02 -3.7709e-05 6.2860e-02 -1.4674e-06 0.40248 0.50756 0.42434 0.02953 0.05425 0.01484 3.96187e-03 2.44454e-03 -5.7297479624e-01 -5.6656838285e-01
48.005 -0.00000 -0.00000 0.00000 0.00000 0.00000 0.00000 -1.3279e-02 1.2605e-01 -1.2315e-02 -3.7709e-05 6.2860e-02 -1.4674e-06 0.41323 0.50759 0.41356 0.04502 0.04232 0.01827 3.96187e-03 2.44461e-03 -5.7297486559e-01 -5.6656838289e-01
50.005 0.00000 0.00000 0.00000 -0.00000 0.00000 0.00000 -1.6484e-02 1.2604e-01 -7.5793e-03 -3.7709e-05 6.2860e-02 -1.4674e-06 0.42387 0.50762 0.40289 0.05602 0.02614 0.01474 3.96187e-03 2.44468e-03 -5.7297493064e-01 -5.6656838294e-01
52.005 0.00000 0.00000 0.00000 -0.00000 0.00000 0.00000 -1.8051e-02 1.2604e-01 -2.0755e-03 -3.7709e-05 6.2860e-02 -1.4674e-06 0.43033 0.50764 0.39641 0.06143 0.00733 0.00569 3.96187e-03 2.44474e-03 -5.7297499051e-01 -5.6656838298e-01
54.005 0.00000 -0.00000 -0.00000 -0.00000 0.00000 0.00000 -1.7822e-02 1.2604e-01 3.6466e-03 -3.7709e-05 6.2860e-02 -1.4674e-06 0.43022 0.50766 0.39650 0.06069 -0.01224 -0.00534 3.96187e-03 2.44479e-03 -5.7297504439e-01 -5.6656838303e-01
56.005 -0.00000 0.00000 -0.00000 -0.00000 0.00000 0.00000 -1.5817e-02 1.2604e-01 9.0154e-03 -3.7709e-05 6.2860e-02 -1.4674e-06 0.42368 0.50767 0.40304 0.05387 -0.03061 -0.01410 3.96187e-03 2.44484e-03 -5.7297509162e-01 -5.6656838307e-01
58.005 -0.00000 0.00000 0.00000 -0.00000 0.00000 0.00000 -1.2234e-02 1.2605e-01 1.3494e-02 -3.7709e-05 6.2860e-02 -1.4674e-06 0.41332 0.50767 0.41339 0.04166 -0.04594 -0.01725 3.96187e-03 2.44488e-03 -5.7297513163e-01 -5.6656838312e-01
60.005 -0.00000 -0.00000 0.00000 0.00000 0.00000 0.00000 -7.4285e-03 1.2605e-01 1.6634e-02 -3.7709e-05 6.2860e-02 -1.4674e-06 0.40321 0.50767 0.42350 0.02527 -0.05670 -0.01369 3.96187e-03 2.44491e-03 -5.7297516401e-01 -5.6656838316e-01
62.005 -0.00000 0.00000 0.00000 -0.00000 -0.00000 0.00000 -1.8796e-03 1.2605e-01 1.8120e-02 -3.7709e-05 6.2860e-02 -1.4674e-06 0.39726 0.50766 0.42946 0.00633 -0.06182 -0.00490 3.96187e-03 2.44493e-03 -5.7297518849e-01 -5.6656838321e-01
64.005 -0.00000 0.00000 0.00000 -0.00000 -0.00000 0.00000 3.8601e-03 1.2606e-01 1.7801e-02 -3.7709e-05 6.2860e-02 -1.4674e-06 0.39770 0.50766 0.42902 -0.01327 -0.06077 0.00561 3.96187e-03 2.44495e-03 -5.7297520496e-01 -5.6656838325e-01
66.005 -0.00000 0.00000 0.00000 -0.00000 -0.00000 0.00000 9.2181e-03 1.2606e-01 1.5708e-02 -3.7709e-05 6.2860e-02 -1.4674e-06 0.40427 0.50765 0.42246 -0.03157 -0.05365 0.01370 3.96187e-03 2.44496e-03 -5.7297521343e-01 -5.6656838330e-01
68.005 0.00000 0.00000 0.00000 -0.00000 -0.00000 0.00000 1.3660e-02 1.2606e-01 1.2046e-02 -3.7709e-05 6.2860e-02 -1.4674e-06 0.41429 0.50765 0.41244 -0.04674 -0.04119 0.01625 3.96187e-03 2.44496e-03 -5.7297521409e-01 -5.6656838334e-01
70.005 0.00000 -0.00000 0.00000 -0.00000 -0.00000 0.00000 1.6741e-02 1.2606e-01 7.1809e-03 -3.7709e-05 6.2860e-02 -1.4674e-06 0.42377 0.50765 0.40296 -0.05728 -0.02460 0.01233 3.96187e-03 2.44495e-03 -5.7297520725e-01 -5.6656838339e-01
72.005 -0.00000 -0.00000 0.00000 -0.00000 -0.00000 0.00000 1.8153e-02 1.2606e-01 1.5952e-03 -3.7709e-05 6.2860e-02 -1.4674e-06 0.42898 0.50765 0.39775 -0.06212 -0.00556 0.00355 3.96187e-03 2.44494e-03 -5.7297519336e-01 -5.6656838343e-01
74.005 -0.00000 0.00000 0.00000 -0.00000 -0.00000 0.00000 1.7755e-02 1.2606e-01 -4.1546e-03 -3.7709e-05 6.2860e-02 -1.4674e-06 0.42788 0.50766 0.39884 -0.06078 0.01405 -0.00654 3.96187e-03 2.44492e-03 -5.7297517300e-01 -5.6656838348e-01
76.005 0.00000 -0.00000 0.00000 -0.00000 -0.00000 0.00000 1.5585e-02 1.2606e-01 -9.4956e-03 -3.7709e-05 6.2860e-02 -1.4674e-06 0.42095 0.50768 0.40575 -0.05339 0.03227 -0.01392 3.96187e-03 2.44489e-03 -5.7297514685e-01 -5.6656838352e-01
78.005 -0.00000 0.00000 -0.00000 -0.00000 -0.00000 0.00000 1.1859e-02 1.2606e-01 -1.3896e-02 -3.7709e-05 6.2860e-02 -1.4674e-06 0.41100 0.50769 0.41568 -0.04069 0.04728 -0.01566 3.96187e-03 2.44486e-03 -5.7297511568e-01 -5.6656838357e-01
80.005 -0.00000 -0.00000 0.00000 -0.00000 -0.00000 0.00000 6.9480e-03 1.2606e-01 -1.6916e-02 -3.7709e-05 6.2860e-02 -1.4674e-06 0.40201 0.50771 0.42466 -0.02394 0.05758 -0.01107 3.96187e-03 2.44483e-03 -5.7297508034e-01 -5.6656838361e-01
82.005 0.00000 0.00000 -0.00000 -0.00000 -0.00000 0.00000 1.3410e-03 1.2605e-01 -1.8257e-02 -3.7709e-05 6.2860e-02 -1.4674e-06 0.39757 0.50773 0.42907 -0.00482 0.06215 -0.00199 3.96187e-03 2.44479e-03 -5.7297504173e-01 -5.6656838366e-01
84.005 -0.00000 -0.00000 -0.00000 -0.00000 -0.00000 0.00000 -4.4033e-03 1.2605e-01 -1.7784e-02 -3.7709e-05 6.2860e-02 -1.4674e-06 0.39949 0.50775 0.42714 0.01478 0.06053 0.00796 3.96187e-03 2.44475e-03 -5.7297500079e-01 -5.6656838370e-01
86.005 0.00000 -0.00000 0.00000 -0.00000 -0.00000 0.00000 -9.7128e-03 1.2605e-01 -1.5546e-02 -3.7709e-05 6.2860e-02 -1.4674e-06 0.40704 0.50776 0.41958 0.03289 0.05288 0.01478 3.96187e-03 2.44470e-03 -5.7297495844e-01 -5.6656838375e-01
88.005 -0.00000 -0.00000 0.00000 -0.00000 -0.00000 0.00000 -1.4059e-02 1.2604e-01 -1.1767e-02 -3.7709e-05 6.2860e-02 -1.4674e-06 0.41723 0.50777 0.40939 0.04771 0.03996 0.01572 3.96187e-03 2.44466e-03 -5.7297491563e-01 -5.6656838379e-01
90.005 0.00000 -0.00000 -0.00000 -0.00000 -0.00000 0.00000 -1.7010e-02 1.2604e-01 -6.8243e-03 -3.7709e-05 6.2860e-02 -1.4674e-06 0.42601 0.50776 0.40060 0.05775 0.02307 0.01032 3.96187e-03 2.44462e-03 -5.7297487325e-01 -5.6656838384e-01
92.005 0.00000 -0.00000 -0.00000 -0.00000 -0.00000 0.00000 -1.8272e-02 1.2604e-01 -1.2117e-03 -3.7709e-05 6.2860e-02 -1.4674e-06 0.42986 0.50775 0.39677 0.06202 0.00390 0.00066 3.96187e-03 2.44458e-03 -5.7297483215e-01 -5.6656838389e-01
94.005 -0.00000 -0.00000 0.00000 -0.00000 -0.00000 0.00000 -1.7723e-02 1.2604e-01 4.5111e-03 -3.7709e-05 6.2860e-02 -1.4674e-06 0.42716 0.50773 0.39949 0.06010 -0.01564 -0.00948 3.96187e-03 2.44454e-03 -5.7297479310e-01 -5.6656838393e-01
96.005 -0.00000 0.00000 -0.00000 0.00000 -0.00000 0.00000 -1.5418e-02 1.2604e-01 9.7734e-03 -3.7709e-05 6.2860e-02 -1.4674e-06 0.41888 0.50770 0.40779 0.05218 -0.03360 -0.01607 3.96187e-03 2.44450e-03 -5.7297475679e-01 -5.6656838398e-01
98.005 0.00000 -0.00000 0.00000 0.00000 -0.00000 0.00000 -1.1590e-02 1.2605e-01 1.4051e-02 -3.7709e-05 6.2860e-02 -1.4674e-06 0.40820 0.50767 0.41851 0.03907 -0.04818 -0.01644 3.96187e-03 2.44447e-03 -5.7297472380e-01 -5.6656838402e-01
100.005 0.00000 0.00000 -0.00000 0.00000 -0.00000 0.00000 -6.6225e-03 1.2605e-01 1.6920e-02 -3.7709e-05 6.2860e-02 -1.4674e-06 0.39930 0.50763 0.42745 0.02207 -0.05793 -0.01033 3.96187e-03 2.44444e-03 -5.7297469460e-01 -5.6656838407e-01
102.005 0.00000 -0.00000 -0.00000 0.00000 -0.00000 0.00000 -1.0124e-03 1.2605e-01 1.8094e-02 -3.7709e-05 6.2860e-02 -1.4674e-06 0.39570 0.50759 0.43109 0.00288 -0.06189 -0.00003 3.96187e-03 2.44442e-03 -5.7297466954e-01 -5.6656838412e-01
104.005 -0.00000 0.00000 -0.00000 0.00000 -0.00000 0.00000 4.6795e-03 1.2606e-01 1.7459e-02 -3.7709e-05 6.2860e-02 -1.4674e-06 0.39892 0.50755 0.42791 -0.01657 -0.05967 0.01053 3.96187e-03 2.44440e-03 -5.7297464883e-01 -5.6656838416e-01
106.005 -0.00000 -0.00000 0.00000 0.00000 0.00000 0.00000 9.8851e-03 1.2606e-01 1.5081e-02 -3.7709e-05 6.2860e-02 -1.4674e-06 0.40783 0.50751 0.41904 -0.03434 -0.05149 0.01723 3.96187e-03 2.44438e-03 -5.7297463257e-01 -5.6656838421e-01
108.005 -0.00000 0.00000 0.00000 0.00000 0.00000 0.00000 1.4085e-02 1.2606e-01 1.1199e-02 -3.7709e-05 6.2860e-02 -1.4674e-06 0.41907 0.50748 0.40783 -0.04867 -0.03819 0.01742 3.96187e-03 2.44437e-03 -5.7297462071e-01 -5.6656838425e-01
110.005 0.00000 0.00000 0.00000 0.00000 0.00000 0.00000 1.6861e-02 1.2606e-01 6.2030e-03 -3.7709e-05 6.2860e-02 -1.4674e-06 0.42835 0.50745 0.39858 -0.05813 -0.02109 0.01094 3.96187e-03 2.44436e-03 -5.7297461308e-01 -5.6656838430e-01
112.005 -0.00000 0.00000 0.00000 0.00000 0.00000 0.00000 1.7937e-02 1.2606e-01 5.9284e-04 -3.7709e-05 6.2860e-02 -1.4674e-06 0.43207 0.50744 0.39487 -0.06178 -0.00189 0.00018 3.96187e-03 2.44436e-03 -5.7297460939e-01 -5.6656838434e-01
114.005 -0.00000 0.00000 0.00000 0.00000 -0.00000 0.00000 1.7207e-02 1.2606e-01 -5.0701e-03 -3.7709e-05 6.2860e-02 -1.4674e-06 0.42877 0.50743 0.39818 -0.05926 0.01747 -0.01077 3.96187e-03 2.44436e-03 -5.7297460924e-01 -5.6656838439e-01
116.005 -0.00000 -0.00000 -0.00000 0.00000 -0.00000 0.00000 1.4745e-02 1.2606e-01 -1.0220e-02 -3.7709e-05 6.2860e-02 -1.4674e-06 0.41964 0.50743 0.40730 -0.05082 0.03508 -0.01774 3.96187e-03 2.44436e-03 -5.7297461213e-01 -5.6656838443e-01
118.005 0.00000 0.00000 -0.00000 0.00000 -0.00000 0.00000 1.0798e-02 1.2606e-01 -1.4341e-02 -3.7709e-05 6.2860e-02 -1.4674e-06 0.40813 0.50745 0.41881 -0.03731 0.04918 -0.01805 3.96187e-03 2.44437e-03 -5.7297461748e-01 -5.6656838448e-01
120.005 -0.00000 -0.00000 -0.00000 -0.00000 -0.00000 0.00000 5.7617e-03 1.2606e-01 -1.7022e-02 -3.7709e-05 6.2860e-02 -1.4674e-06 0.39859 0.50747 0.42832 -0.02008 0.05836 -0.01156 3.96187e-03 2.44437e-03 -5.7297462462e-01 -5.6656838452e-01
122.005 -0.00000 0.00000 0.00000 -0.00000 0.00000 0.00000 1.3972e-04 1.2605e-01 -1.7996e-02 -3.7709e-05 6.2860e-02 -1.4674e-06 0.39465 0.50749 0.43224 -0.00084 0.06170 -0.00072 3.96187e-03 2.44438e-03 -5.7297463286e-01 -5.6656838457e-01
124.005 -0.00000 0.00000 -0.00000 0.00000 0.00000 0.00000 -5.5054e-03 1.2605e-01 -1.7163e-02 -3.7709e-05 6.2860e-02 -1.4674e-06 0.39778 0.50752 0.42908 0.01848 0.05886 0.01034 3.96187e-03 2.44439e-03 -5.7297464145e-01 -5.6656838461e-01
126.005 0.00000 0.00000 -0.00000 0.00000 0.00000 0.00000 -1.0609e-02 1.2605e-01 -1.4608e-02 -3.7709e-05 6.2860e-02 -1.4674e-06 0.40678 0.50754 0.42005 0.03596 0.05014 0.01746 3.96187e-03 2.44440e-03 -5.7297464963e-01 -5.6656838466e-01
128.005 -0.00000 -0.00000 0.00000 0.00000 -0.00000 0.00000 -1.4660e-02 1.2604e-01 -1.0585e-02 -3.7709e-05 6.2860e-02 -1.4674e-06 0.41819 0.50757 0.40862 0.04985 0.03639 0.01794 3.96187e-03 2.44440e-03 -5.7297465666e-01 -5.6656838470e-01
130.005 0.00000 0.00000 0.00000 0.00000 -0.00000 0.00000 -1.7252e-02 1.2604e-01 -5.4956e-03 -3.7709e-05 6.2860e-02 -1.4674e-06 0.42767 0.50759 0.39912 0.05875 0.01899 0.01167 3.96187e-03 2.44441e-03 -5.7297466182e-01 -5.6656838475e-01
132.005 0.00000 0.00000 -0.00000 0.00000 -0.00000 0.00000 -1.8126e-02 1.2604e-01 1.5194e-04 -3.7709e-05 6.2860e-02 -1.4674e-06 0.43163 0.50761 0.39514 0.06177 -0.00033 0.00108 3.96187e-03 2.44441e-03 -5.7297466442e-01 -5.6656838479e-01
134.005 -0.00000 0.00000 -0.00000 0.00000 -0.00000 0.00000 -1.7191e-02 1.2604e-01 5.7932e-03 -3.7709e-05 6.2860e-02 -1.4674e-06 0.42864 0.50762 0.39812 0.05861 -0.01964 -0.00974 3.96187e-03 2.44441e-03 -5.7297466386e-01 -5.6656838484e-01
136.005 -0.00000 -0.00000 -0.00000 0.00000 -0.00000 0.00000 -1.4540e-02 1.2604e-01 1.0864e-02 -3.7709e-05 6.2860e-02 -1.4674e-06 0.41993 0.50762 0.40683 0.04958 -0.03700 -0.01668 3.96187e-03 2.44440e-03 -5.7297465957e-01 -5.6656838488e-01
138.005 -0.00000 -0.00000 -0.00000 0.00000 -0.00000 0.00000 -1.0436e-02 1.2605e-01 1.4857e-02 -3.7709e-05 6.2860e-02 -1.4674e-06 0.40889 0.50762 0.41786 0.03558 -0.05068 -0.01715 3.96187e-03 2.44439e-03 -5.7297465114e-01 -5.6656838493e-01
140.005 0.00000 -0.00000 -0.00000 0.00000 -0.00000 0.00000 -5.2865e-03 1.2605e-01 1.7371e-02 -3.7709e-05 6.2860e-02 -1.4674e-06 0.39980 0.50762 0.42696 0.01799 -0.05931 -0.01106 3.96187e-03 2.44438e-03 -5.7297463821e-01 -5.6656838497e-01
142.005 0.00000 -0.00000 0.00000 0.00000 -0.00000 0.00000 3.9481e-04 1.2605e-01 1.8153e-02 -3.7709e-05 6.2860e-02 -1.4674e-06 0.39610 0.50761 0.43066 -0.00142 -0.06203 -0.00086 3.96187e-03 2.44436e-03 -5.7297462056e-01 -5.6656838502e-01
144.005 0.00000 0.00000 -0.00000 0.00000 -0.00000 0.00000 6.0411e-03 1.2606e-01 1.7124e-02 -3.7709e-05 6.2860e-02 -1.4674e-06 0.39914 0.50761 0.42763 -0.02071 -0.05855 0.00944 3.96187e-03 2.44434e-03 -5.7297459810e-01 -5.6656838506e-01
146.005 0.00000 -0.00000 -0.00000 0.00000 -0.00000 0.00000 1.1089e-02 1.2606e-01 1.4383e-02 -3.7709e-05 6.2860e-02 -1.4674e-06 0.40761 0.50761 0.41916 -0.03796 -0.04923 0.01586 3.96187e-03 2.44431e-03 -5.7297457087e-01 -5.6656838511e-01
148.005 0.00000 -0.00000 0.00000 0.00000 -0.00000 0.00000 1.5032e-02 1.2606e-01 1.0201e-02 -3.7709e-05 6.2860e-02 -1.4674e-06 0.41815 0.50761 0.40862 -0.05145 -0.03498 0.01598 3.96187e-03 2.44428e-03 -5.7297453902e-01 -5.6656838515e-01
150.000 0.00000 0.00000 0.00000 0.00000 -0.00000 0.00000 1.7474e-02 1.2606e-01 5.0090e-03 -3.7709e-05 6.2860e-02 -1.4674e-06 0.42658 0.50762 0.40018 -0.05982 -0.01728 0.00987 3.96187e-03 2.44424e-03 -5.7297450297e-01 -5.6656838520e-01
