# t x y z vx vy vz omx omy omz llx lly llz Ixx Iyy Izz Ixy Iyz Ixz KErot PEspr PEgrav Etot
0.000 -0.00000 -0.00000 -0.00000 0.00000 0.00000 -0.00000 2.0141e-03 4.4905e-01 -1.0071e-02 -1.2332e-04 1.9965e-01 6.4842e-06 0.43834 0.44481 0.39960 -0.00213 0.00895 0.00480 4.48256e-02 6.77222e-30 -5.7541944237e-01 -5.3059379895e-01
2.005 -0.00000 -0.00000 0.00000 0.00000 0.00000 -0.00000 -6.9990e-03 4.5458e-01 -7.8641e-03 -1.2332e-04 1.9965e-01 6.4842e-06 0.41218 0.43940 0.41201 0.00574 0.00684 -0.01956 4.53787e-02 1.93171e-03 -5.7979374650e-01 -5.3248332646e-01
4.005 -0.00000 0.00000 -0.00000 0.00000 -0.00000 -0.00000 -1.0685e-02 4.5455e-01 6.1130e-04 -1.2332e-04 1.9965e-01 6.4842e-06 0.39308 0.43943 0.43108 0.00896 -0.00046 0.00452 4.53759e-02 1.93434e-03 -5.7979379119e-01 -5.3248350108e-01
6.000 0.00000 0.00000 0.00000 0.00000 0.00000 -0.00000 -6.1486e-03 4.5453e-01 8.6855e-03 -1.2332e-04 1.9965e-01 6.4842e-06 0.42088 0.43945 0.40334 0.00509 -0.00746 0.01742 4.53730e-02 1.91954e-03 -5.7977604008e-01 -5.3248353537e-01
8.000 -0.00000 -0.00000 0.00000 0.00000 0.00000 0.00000 3.0810e-03 4.5453e-01 9.9642e-03 -1.2332e-04 1.9965e-01 6.4842e-06 0.42696 0.43944 0.39725 -0.00289 -0.00861 -0.01261 4.53732e-02 1.92335e-03 -5.7978012395e-01 -5.3248353868e-01
10.000 0.00000 -0.00000 0.00000 0.00000 0.00000 0.00000 9.6895e-03 4.5454e-01 3.3651e-03 -1.2332e-04 1.9965e-01 6.4842e-06 0.39636 0.43944 0.42785 -0.00864 -0.00291 -0.01147 4.53731e-02 1.92354e-03 -5.7978017032e-01 -5.3248354068e-01
12.005 0.00000 0.00000 0.00000 0.00000 0.00000 -0.00000 8.4074e-03 4.5454e-01 -5.9152e-03 -1.2332e-04 1.9965e-01 6.4842e-06 0.40475 0.43944 0.41946 -0.00752 0.00514 0.01803 4.53730e-02 1.92327e-03 -5.7977982517e-01 -5.3248354241e-01
14.005 0.00000 -0.00000 0.00000 0.00000 0.00000 0.00000 2.5567e-04 4.5453e-01 -1.0476e-02 -1.2332e-04 1.9965e-01 6.4842e-06 0.43137 0.43945 0.39284 -0.00045 0.00907 0.00291 4.53730e-02 1.92297e-03 -5.7977950172e-01 -5.3248354398e-01
16.005 -0.00000 -0.00000 -0.00000 -0.00000 0.00000 0.00000 -8.2842e-03 4.5453e-01 -6.7408e-03 -1.2332e-04 1.9965e-01 6.4842e-06 0.41039 0.43946 0.41381 0.00692 0.00580 -0.01943 4.53730e-02 1.92267e-03 -5.7977920494e-01 -5.3248354549e-01
18.005 -0.00000 0.00000 0.00000 -0.00000 0.00000 0.00000 -1.0457e-02 4.5452e-01 2.2891e-03 -1.2332e-04 1.9965e-01 6.4842e-06 0.39360 0.43946 0.43061 0.00875 -0.00201 0.00623 4.53730e-02 1.92239e-03 -5.7977891404e-01 -5.3248354698e-01
20.000 -0.00000 0.00000 0.00000 -0.00000 0.00000 0.00000 -4.6221e-03 4.5453e-01 9.4271e-03 -1.2332e-04 1.9965e-01 6.4842e-06 0.42246 0.43945 0.40176 0.00368 -0.00815 0.01659 4.53730e-02 1.92212e-03 -5.7977862327e-01 -5.3248354847e-01
22.000 -0.00000 -0.00000 0.00000 -0.00000 0.00000 -0.00000 4.5527e-03 4.5453e-01 9.0970e-03 -1.2332e-04 1.9965e-01 6.4842e-06 0.42581 0.43944 0.39841 -0.00426 -0.00782 -0.01399 4.53729e-02 1.92187e-03 -5.7977833721e-01 -5.3248354994e-01
24.000 0.00000 0.00000 0.00000 -0.00000 0.00000 -0.00000 9.7849e-03 4.5454e-01 1.6424e-03 -1.2332e-04 1.9965e-01 6.4842e-06 0.39526 0.43943 0.42897 -0.00874 -0.00132 -0.01003 4.53729e-02 1.92162e-03 -5.7977805708e-01 -5.3248355140e-01
26.000 -0.00000 0.00000 -0.00000 0.00000 0.00000 0.00000 7.0234e-03 4.5453e-01 -6.9462e-03 -1.2332e-04 1.9965e-01 6.4842e-06 0.40635 0.43943 0.41789 -0.00626 0.00611 0.01879 4.53728e-02 1.92139e-03 -5.7977778299e-01 -5.3248355284e-01
28.000 -0.00000 0.00000 -0.00000 -0.00000 0.00000 0.00000 -1.3999e-03 4.5453e-01 -9.8914e-03 -1.2332e-04 1.9965e-01 6.4842e-06 0.43179 0.43943 0.39244 0.00108 0.00856 0.00117 4.53728e-02 1.92116e-03 -5.7977751727e-01 -5.3248355424e-01
30.000 -0.00000 0.00000 -0.00000 -0.00000 0.00000 0.00000 -8.7361e-03 4.5452e-01 -5.0080e-03 -1.2332e-04 1.9965e-01 6.4842e-06 0.40858 0.43943 0.41565 0.00737 0.00422 -0.01945 4.53728e-02 1.92095e-03 -5.7977726070e-01 -5.3248355562e-01
32.000 -0.00000 0.00000 0.00000 -0.00000 0.00000 0.00000 -9.2527e-03 4.5452e-01 3.6675e-03 -1.2332e-04 1.9965e-01 6.4842e-06 0.39400 0.43943 0.43023 0.00768 -0.00329 0.00806 4.53727e-02 1.92074e-03 -5.7977701286e-01 -5.3248355695e-01
34.000 0.00000 -0.00000 0.00000 -0.00000 0.00000 0.00000 -2.7396e-03 4.5453e-01 9.2186e-03 -1.2332e-04 1.9965e-01 6.4842e-06 0.42429 0.43942 0.39996 0.00197 -0.00800 0.01573 4.53727e-02 1.92055e-03 -5.7977677395e-01 -5.3248355824e-01
36.000 0.00000 0.00000 -0.00000 -0.00000 0.00000 0.00000 5.4731e-03 4.5453e-01 7.3898e-03 -1.2332e-04 1.9965e-01 6.4842e-06 0.42456 0.43940 0.39971 -0.00513 -0.00630 -0.01561 4.53726e-02 1.92036e-03 -5.7977654422e-01 -5.3248355950e-01
38.000 -0.00000 -0.00000 -0.00000 -0.00000 0.00000 -0.00000 8.8880e-03 4.5453e-01 -1.3108e-04 -1.2332e-04 1.9965e-01 6.4842e-06 0.39396 0.43939 0.43032 -0.00798 0.00030 -0.00837 4.53726e-02 1.92019e-03 -5.7977632358e-01 -5.3248356071e-01
40.005 0.00000 -0.00000 -0.00000 -0.00000 0.00000 -0.00000 4.9903e-03 4.5453e-01 -7.2485e-03 -1.2332e-04 1.9965e-01 6.4842e-06 0.40843 0.43939 0.41586 -0.00444 0.00643 0.01974 4.53725e-02 1.92002e-03 -5.7977611151e-01 -5.3248356187e-01
42.005 -0.00000 0.00000 -0.00000 -0.00000 0.00000 0.00000 -2.8532e-03 4.5452e-01 -8.3685e-03 -1.2332e-04 1.9965e-01 6.4842e-06 0.43227 0.43939 0.39201 0.00242 0.00722 -0.00112 4.53725e-02 1.91987e-03 -5.7977590905e-01 -5.3248356299e-01
44.005 -0.00000 0.00000 0.00000 -0.00000 0.00000 0.00000 -8.3259e-03 4.5452e-01 -2.8922e-03 -1.2332e-04 1.9965e-01 6.4842e-06 0.40621 0.43939 0.41807 0.00705 0.00232 -0.01935 4.53724e-02 1.91972e-03 -5.7977571555e-01 -5.3248356406e-01
46.005 0.00000 0.00000 -0.00000 -0.00000 -0.00000 -0.00000 -7.2467e-03 4.5452e-01 4.5836e-03 -1.2332e-04 1.9965e-01 6.4842e-06 0.39472 0.43939 0.42958 0.00592 -0.00415 0.01044 4.53724e-02 1.91958e-03 -5.7977553082e-01 -5.3248356507e-01
48.005 -0.00000 -0.00000 0.00000 0.00000 -0.00000 0.00000 -7.8290e-04 4.5452e-01 8.0982e-03 -1.2332e-04 1.9965e-01 6.4842e-06 0.42652 0.43937 0.39779 0.00021 -0.00705 0.01447 4.53723e-02 1.91946e-03 -5.7977535468e-01 -5.3248356604e-01
50.005 0.00000 0.00000 -0.00000 0.00000 -0.00000 0.00000 5.7137e-03 4.5453e-01 5.0991e-03 -1.2332e-04 1.9965e-01 6.4842e-06 0.42278 0.43936 0.40154 -0.00539 -0.00427 -0.01749 4.53723e-02 1.91934e-03 -5.7977518689e-01 -5.3248356696e-01
52.005 0.00000 -0.00000 0.00000 0.00000 -0.00000 0.00000 7.1385e-03 4.5453e-01 -1.7010e-03 -1.2332e-04 1.9965e-01 6.4842e-06 0.39256 0.43935 0.43177 -0.00646 0.00173 -0.00611 4.53722e-02 1.91922e-03 -5.7977502715e-01 -5.3248356783e-01
54.005 0.00000 -0.00000 -0.00000 0.00000 -0.00000 -0.00000 2.6641e-03 4.5452e-01 -6.7353e-03 -1.2332e-04 1.9965e-01 6.4842e-06 0.41097 0.43935 0.41336 -0.00238 0.00602 0.02057 4.53722e-02 1.91912e-03 -5.7977487515e-01 -5.3248356865e-01
56.005 -0.00000 -0.00000 -0.00000 0.00000 -0.00000 -0.00000 -3.8281e-03 4.5452e-01 -6.1462e-03 -1.2332e-04 1.9965e-01 6.4842e-06 0.43249 0.43935 0.39185 0.00332 0.00528 -0.00384 4.53721e-02 1.91902e-03 -5.7977473059e-01 -5.3248356942e-01
58.005 0.00000 -0.00000 -0.00000 0.00000 -0.00000 -0.00000 -7.0878e-03 4.5452e-01 -7.5587e-04 -1.2332e-04 1.9965e-01 6.4842e-06 0.40349 0.43935 0.42084 0.00599 0.00042 -0.01885 4.53721e-02 1.91892e-03 -5.7977459310e-01 -5.3248357014e-01
60.005 -0.00000 0.00000 -0.00000 0.00000 -0.00000 -0.00000 -4.7518e-03 4.5452e-01 4.8550e-03 -1.2332e-04 1.9965e-01 6.4842e-06 0.39594 0.43934 0.42841 0.00373 -0.00443 0.01303 4.53721e-02 1.91884e-03 -5.7977446235e-01 -5.3248357081e-01
62.005 -0.00000 0.00000 -0.00000 0.00000 -0.00000 0.00000 9.4113e-04 4.5452e-01 6.2222e-03 -1.2332e-04 1.9965e-01 6.4842e-06 0.42882 0.43932 0.39554 -0.00133 -0.00543 0.01262 4.53720e-02 1.91875e-03 -5.7977433799e-01 -5.3248357144e-01
64.005 0.00000 0.00000 0.00000 0.00000 -0.00000 0.00000 5.2218e-03 4.5452e-01 2.5625e-03 -1.2332e-04 1.9965e-01 6.4842e-06 0.42041 0.43931 0.40397 -0.00499 -0.00204 -0.01926 4.53720e-02 1.91868e-03 -5.7977421968e-01 -5.3248357203e-01
66.005 0.00000 0.00000 -0.00000 0.00000 -0.00000 0.00000 4.7765e-03 4.5452e-01 -2.8291e-03 -1.2332e-04 1.9965e-01 6.4842e-06 0.39145 0.43931 0.43293 -0.00441 0.00274 -0.00329 4.53719e-02 1.91860e-03 -5.7977410708e-01 -5.3248357257e-01
68.005 -0.00000 -0.00000 -0.00000 0.00000 -0.00000 0.00000 3.2329e-04 4.5452e-01 -5.4953e-03 -1.2332e-04 1.9965e-01 6.4842e-06 0.41407 0.43931 0.41031 -0.00031 0.00496 0.02097 4.53719e-02 1.91853e-03 -5.7977399989e-01 -5.3248357307e-01
70.005 -0.00000 -0.00000 -0.00000 0.00000 -0.00000 0.00000 -4.2331e-03 4.5452e-01 -3.4990e-03 -1.2332e-04 1.9965e-01 6.4842e-06 0.43212 0.43931 0.39226 0.00370 0.00297 -0.00697 4.53719e-02 1.91846e-03 -5.7977389782e-01 -5.3248357354e-01
72.005 0.00000 0.00000 0.00000 0.00000 -0.00000 0.00000 -5.1869e-03 4.5452e-01 1.1684e-03 -1.2332e-04 1.9965e-01 6.4842e-06 0.40054 0.43931 0.42385 0.00434 -0.00128 -0.01766 4.53718e-02 1.91840e-03 -5.7977380060e-01 -5.3248357397e-01
74.005 -0.00000 -0.00000 -0.00000 0.00000 -0.00000 0.00000 -2.0486e-03 4.5452e-01 4.4771e-03 -1.2332e-04 1.9965e-01 6.4842e-06 0.39789 0.43930 0.42650 0.00137 -0.00412 0.01566 4.53718e-02 1.91833e-03 -5.7977370800e-01 -5.3248357437e-01
76.005 -0.00000 -0.00000 -0.00000 0.00000 -0.00000 0.00000 2.2656e-03 4.5452e-01 3.8101e-03 -1.2332e-04 1.9965e-01 6.4842e-06 0.43092 0.43929 0.39348 -0.00250 -0.00333 0.01006 4.53718e-02 1.91827e-03 -5.7977361982e-01 -5.3248357474e-01
78.005 -0.00000 -0.00000 -0.00000 0.00000 -0.00000 0.00000 4.0735e-03 4.5452e-01 3.9381e-05 -1.2332e-04 1.9965e-01 6.4842e-06 0.41737 0.43928 0.40703 -0.00401 0.00016 -0.02065 4.53717e-02 1.91821e-03 -5.7977353591e-01 -5.3248357508e-01
80.005 0.00000 -0.00000 0.00000 0.00000 -0.00000 0.00000 2.0505e-03 4.5452e-01 -3.4243e-03 -1.2332e-04 1.9965e-01 6.4842e-06 0.39089 0.43928 0.43352 -0.00203 0.00328 0.00005 4.53717e-02 1.91815e-03 -5.7977345613e-01 -5.3248357540e-01
82.005 0.00000 0.00000 0.00000 0.00000 -0.00000 0.00000 -1.7988e-03 4.5452e-01 -3.6587e-03 -1.2332e-04 1.9965e-01 6.4842e-06 0.41749 0.43929 0.40691 0.00155 0.00337 0.02067 4.53717e-02 1.91810e-03 -5.7977338043e-01 -5.3248357569e-01
84.005 0.00000 0.00000 0.00000 0.00000 -0.00000 0.00000 -4.0342e-03 4.5452e-01 -6.8528e-04 -1.2332e-04 1.9965e-01 6.4842e-06 0.43096 0.43929 0.39344 0.00354 0.00052 -0.01022 4.53717e-02 1.91804e-03 -5.7977330877e-01 -5.3248357597e-01
86.005 -0.00000 -0.00000 -0.00000 0.00000 -0.00000 0.00000 -2.8056e-03 4.5452e-01 2.7034e-03 -1.2332e-04 1.9965e-01 6.4842e-06 0.39768 0.43928 0.42673 0.00228 -0.00262 -0.01569 4.53717e-02 1.91798e-03 -5.7977324118e-01 -5.3248357624e-01
88.005 0.00000 0.00000 0.00000 0.00000 -0.00000 0.00000 6.1794e-04 4.5452e-01 3.4892e-03 -1.2332e-04 1.9965e-01 6.4842e-06 0.40056 0.43928 0.42386 -0.00095 -0.00326 0.01795 4.53717e-02 1.91793e-03 -5.7977317772e-01 -5.3248357649e-01
90.005 -0.00000 -0.00000 0.00000 0.00000 -0.00000 0.00000 3.0781e-03 4.5452e-01 1.0758e-03 -1.2332e-04 1.9965e-01 6.4842e-06 0.43248 0.43927 0.39194 -0.00322 -0.00096 0.00688 4.53717e-02 1.91788e-03 -5.7977311851e-01 -5.3248357674e-01
92.005 -0.00000 -0.00000 0.00000 0.00000 -0.00000 0.00000 2.3701e-03 4.5452e-01 -2.2575e-03 -1.2332e-04 1.9965e-01 6.4842e-06 0.41390 0.43927 0.41052 -0.00254 0.00216 -0.02134 4.53717e-02 1.91782e-03 -5.7977306374e-01 -5.3248357698e-01
94.005 0.00000 -0.00000 -0.00000 0.00000 -0.00000 0.00000 -8.1447e-04 4.5452e-01 -3.4411e-03 -1.2332e-04 1.9965e-01 6.4842e-06 0.39111 0.43928 0.43331 0.00046 0.00330 0.00361 4.53717e-02 1.91777e-03 -5.7977301363e-01 -5.3248357722e-01
96.005 -0.00000 -0.00000 0.00000 0.00000 -0.00000 0.00000 -3.5348e-03 4.5452e-01 -1.3749e-03 -1.2332e-04 1.9965e-01 6.4842e-06 0.42089 0.43928 0.40352 0.00306 0.00139 0.01956 4.53717e-02 1.91772e-03 -5.7977296845e-01 -5.3248357746e-01
98.005 0.00000 0.00000 0.00000 0.00000 -0.00000 0.00000 -3.2499e-03 4.5452e-01 2.0764e-03 -1.2332e-04 1.9965e-01 6.4842e-06 0.42902 0.43928 0.39539 0.00286 -0.00189 -0.01322 4.53717e-02 1.91767e-03 -5.7977292854e-01 -5.3248357771e-01
100.005 -0.00000 0.00000 0.00000 0.00000 -0.00000 0.00000 -1.2592e-04 4.5452e-01 3.7351e-03 -1.2332e-04 1.9965e-01 6.4842e-06 0.39527 0.43928 0.42914 -0.00005 -0.00352 -0.01304 4.53717e-02 1.91763e-03 -5.7977289427e-01 -5.3248357796e-01
102.005 0.00000 -0.00000 0.00000 0.00000 -0.00000 0.00000 3.0512e-03 4.5452e-01 1.9667e-03 -1.2332e-04 1.9965e-01 6.4842e-06 0.40373 0.43928 0.42069 -0.00307 -0.00194 0.01960 4.53717e-02 1.91758e-03 -5.7977286609e-01 -5.3248357823e-01
104.005 0.00000 -0.00000 0.00000 0.00000 -0.00000 0.00000 3.3217e-03 4.5452e-01 -1.7816e-03 -1.2332e-04 1.9965e-01 6.4842e-06 0.43327 0.43928 0.39114 -0.00342 0.00152 0.00340 4.53717e-02 1.91754e-03 -5.7977284447e-01 -5.3248357852e-01
106.005 -0.00000 -0.00000 0.00000 0.00000 -0.00000 0.00000 2.3465e-04 4.5452e-01 -4.1651e-03 -1.2332e-04 1.9965e-01 6.4842e-06 0.41034 0.43929 0.41407 -0.00068 0.00382 -0.02123 4.53717e-02 1.91750e-03 -5.7977282994e-01 -5.3248357882e-01
108.005 -0.00000 -0.00000 0.00000 0.00000 -0.00000 0.00000 -3.6162e-03 4.5452e-01 -2.8797e-03 -1.2332e-04 1.9965e-01 6.4842e-06 0.39211 0.43929 0.43229 0.00289 0.00281 0.00700 4.53718e-02 1.91747e-03 -5.7977282306e-01 -5.3248357914e-01
110.005 0.00000 -0.00000 -0.00000 0.00000 -0.00000 0.00000 -4.7642e-03 4.5452e-01 1.1961e-03 -1.2332e-04 1.9965e-01 6.4842e-06 0.42389 0.43930 0.40051 0.00413 -0.00085 0.01773 4.53718e-02 1.91744e-03 -5.7977282445e-01 -5.3248357949e-01
112.005 0.00000 0.00000 0.00000 0.00000 -0.00000 0.00000 -1.9353e-03 4.5452e-01 4.5944e-03 -1.2332e-04 1.9965e-01 6.4842e-06 0.42649 0.43930 0.39790 0.00170 -0.00407 -0.01564 4.53718e-02 1.91741e-03 -5.7977283474e-01 -5.3248357987e-01
114.005 0.00000 0.00000 -0.00000 0.00000 -0.00000 0.00000 2.6663e-03 4.5452e-01 4.1920e-03 -1.2332e-04 1.9965e-01 6.4842e-06 0.39357 0.43930 0.43082 -0.00249 -0.00390 -0.01001 4.53719e-02 1.91740e-03 -5.7977285462e-01 -5.3248358027e-01
116.005 -0.00000 -0.00000 0.00000 0.00000 -0.00000 0.00000 5.0819e-03 4.5452e-01 1.5178e-05 -1.2332e-04 1.9965e-01 6.4842e-06 0.40706 0.43930 0.41733 -0.00482 -0.00023 0.02046 4.53719e-02 1.91738e-03 -5.7977288477e-01 -5.3248358071e-01
118.005 -0.00000 0.00000 -0.00000 0.00000 -0.00000 0.00000 2.9785e-03 4.5452e-01 -4.5620e-03 -1.2332e-04 1.9965e-01 6.4842e-06 0.43324 0.43931 0.39115 -0.00311 0.00394 -0.00001 4.53720e-02 1.91738e-03 -5.7977292592e-01 -5.3248358119e-01
120.005 -0.00000 -0.00000 0.00000 0.00000 -0.00000 0.00000 -2.1825e-03 4.5452e-01 -5.5476e-03 -1.2332e-04 1.9965e-01 6.4842e-06 0.40706 0.43932 0.41732 0.00143 0.00501 -0.02035 4.53720e-02 1.91738e-03 -5.7977297880e-01 -5.3248358170e-01
122.005 -0.00000 -0.00000 0.00000 0.00000 -0.00000 0.00000 -6.1535e-03 4.5452e-01 -1.7789e-03 -1.2332e-04 1.9965e-01 6.4842e-06 0.39374 0.43933 0.43062 0.00510 0.00183 0.00990 4.53721e-02 1.91740e-03 -5.7977304415e-01 -5.3248358226e-01
124.005 0.00000 -0.00000 0.00000 0.00000 -0.00000 0.00000 -5.3956e-03 4.5452e-01 3.8674e-03 -1.2332e-04 1.9965e-01 6.4842e-06 0.42623 0.43933 0.39813 0.00466 -0.00319 0.01543 4.53721e-02 1.91742e-03 -5.7977312269e-01 -5.3248358286e-01
126.005 -0.00000 0.00000 0.00000 0.00000 -0.00000 0.00000 -1.8641e-04 4.5452e-01 6.6799e-03 -1.2332e-04 1.9965e-01 6.4842e-06 0.42369 0.43933 0.40066 0.00016 -0.00588 -0.01732 4.53722e-02 1.91745e-03 -5.7977321515e-01 -5.3248358350e-01
128.005 0.00000 0.00000 -0.00000 0.00000 -0.00000 0.00000 5.3583e-03 4.5453e-01 4.0367e-03 -1.2332e-04 1.9965e-01 6.4842e-06 0.39265 0.43933 0.43171 -0.00484 -0.00374 -0.00694 4.53722e-02 1.91750e-03 -5.7977332222e-01 -5.3248358418e-01
130.005 0.00000 -0.00000 -0.00000 0.00000 -0.00000 0.00000 6.5487e-03 4.5453e-01 -2.2145e-03 -1.2332e-04 1.9965e-01 6.4842e-06 0.41018 0.43934 0.41417 -0.00608 0.00174 0.02056 4.53723e-02 1.91756e-03 -5.7977344457e-01 -5.3248358492e-01
132.005 -0.00000 0.00000 -0.00000 0.00000 -0.00000 0.00000 2.0731e-03 4.5453e-01 -7.0409e-03 -1.2332e-04 1.9965e-01 6.4842e-06 0.43254 0.43935 0.39180 -0.00229 0.00610 -0.00303 4.53724e-02 1.91763e-03 -5.7977358282e-01 -5.3248358570e-01
134.005 -0.00000 -0.00000 0.00000 0.00000 -0.00000 0.00000 -4.6824e-03 4.5452e-01 -6.2872e-03 -1.2332e-04 1.9965e-01 6.4842e-06 0.40434 0.43936 0.41999 0.00363 0.00563 -0.01897 4.53724e-02 1.91771e-03 -5.7977373754e-01 -5.3248358653e-01
136.005 -0.00000 -0.00000 -0.00000 0.00000 -0.00000 0.00000 -8.2072e-03 4.5452e-01 -2.2964e-04 -1.2332e-04 1.9965e-01 6.4842e-06 0.39569 0.43937 0.42862 0.00688 0.00045 0.01212 4.53725e-02 1.91782e-03 -5.7977390925e-01 -5.3248358742e-01
138.005 -0.00000 -0.00000 0.00000 0.00000 -0.00000 0.00000 -5.3688e-03 4.5452e-01 6.4031e-03 -1.2332e-04 1.9965e-01 6.4842e-06 0.42782 0.43938 0.39649 0.00460 -0.00542 0.01302 4.53726e-02 1.91793e-03 -5.7977409836e-01 -5.3248358835e-01
140.005 -0.00000 0.00000 0.00000 0.00000 -0.00000 0.00000 1.8399e-03 4.5453e-01 8.1387e-03 -1.2332e-04 1.9965e-01 6.4842e-06 0.42099 0.43938 0.40332 -0.00165 -0.00713 -0.01826 4.53726e-02 1.91807e-03 -5.7977430524e-01 -5.3248358933e-01
142.005 0.00000 0.00000 0.00000 0.00000 -0.00000 0.00000 7.6942e-03 4.5453e-01 3.2791e-03 -1.2332e-04 1.9965e-01 6.4842e-06 0.39238 0.43938 0.43193 -0.00688 -0.00303 -0.00418 4.53727e-02 1.91822e-03 -5.7977453011e-01 -5.3248359036e-01
144.005 0.00000 0.00000 -0.00000 0.00000 -0.00000 0.00000 7.3033e-03 4.5453e-01 -4.5059e-03 -1.2332e-04 1.9965e-01 6.4842e-06 0.41282 0.43938 0.41148 -0.00670 0.00377 0.02013 4.53728e-02 1.91839e-03 -5.7977477313e-01 -5.3248359145e-01
146.005 -0.00000 -0.00000 -0.00000 0.00000 -0.00000 0.00000 6.9260e-04 4.5453e-01 -8.9640e-03 -1.2332e-04 1.9965e-01 6.4842e-06 0.43146 0.43939 0.39282 -0.00104 0.00777 -0.00545 4.53729e-02 1.91858e-03 -5.7977503432e-01 -5.3248359258e-01
148.005 0.00000 -0.00000 0.00000 0.00000 -0.00000 0.00000 -7.0028e-03 4.5453e-01 -6.3004e-03 -1.2332e-04 1.9965e-01 6.4842e-06 0.40227 0.43941 0.42200 0.00569 0.00560 -0.01741 4.53729e-02 1.91879e-03 -5.7977531358e-01 -5.3248359376e-01
150.005 -0.00000 0.00000 0.00000 0.00000 -0.00000 0.00000 -9.5495e-03 4.5453e-01 1.6036e-03 -1.2332e-04 1.9965e-01 6.4842e-06 0.39762 0.43942 0.42664 0.00803 -0.00120 0.01367 4.53730e-02 1.91901e-03 -5.7977561069e-01 -5.3248359498e-01
152.005 0.00000 -0.00000 0.00000 0.00000 -0.00000 0.00000 -4.6809e-03 4.5453e-01 8.5165e-03 -1.2332e-04 1.9965e-01 6.4842e-06 0.42880 0.43942 0.39545 0.00394 -0.00728 0.01081 4.53731e-02 1.91926e-03 -5.7977592528e-01 -5.3248359624e-01
154.005 0.00000 0.00000 0.00000 0.00000 -0.00000 0.00000 3.9105e-03 4.5453e-01 8.7954e-03 -1.2332e-04 1.9965e-01 6.4842e-06 0.41865 0.43941 0.40561 -0.00351 -0.00767 -0.01870 4.53731e-02 1.91952e-03 -5.7977625684e-01 -5.3248359755e-01
156.005 0.00000 -0.00000 -0.00000 0.00000 -0.00000 0.00000 9.3900e-03 4.5454e-01 2.0047e-03 -1.2332e-04 1.9965e-01 6.4842e-06 0.39247 0.43941 0.43178 -0.00837 -0.00185 -0.00189 4.53732e-02 1.91981e-03 -5.7977660472e-01 -5.3248359890e-01
158.005 0.00000 -0.00000 0.00000 0.00000 -0.00000 0.00000 7.2453e-03 4.5454e-01 -6.5757e-03 -1.2332e-04 1.9965e-01 6.4842e-06 0.41493 0.43942 0.40931 -0.00660 0.00562 0.01949 4.53733e-02 1.92011e-03 -5.7977696815e-01 -5.3248360028e-01
160.005 -0.00000 -0.00000 -0.00000 0.00000 -0.00000 0.00000 -9.9121e-04 4.5453e-01 -1.0081e-02 -1.2332e-04 1.9965e-01 6.4842e-06 0.43036 0.43943 0.39388 0.00050 0.00873 -0.00732 4.53733e-02 1.92043e-03 -5.7977734618e-01 -5.3248360169e-01
162.005 0.00000 -0.00000 0.00000 0.00000 -0.00000 0.00000 -8.8372e-03 4.5453e-01 -5.5786e-03 -1.2332e-04 1.9965e-01 6.4842e-06 0.40071 0.43944 0.42351 0.00732 0.00490 -0.01596 4.53734e-02 1.92076e-03 -5.7977773776e-01 -5.3248360314e-01
164.005 -0.00000 0.00000 0.00000 0.00000 -0.00000 0.00000 -9.9924e-03 4.5453e-01 3.4759e-03 -1.2332e-04 1.9965e-01 6.4842e-06 0.39930 0.43945 0.42491 0.00839 -0.00291 0.01481 4.53734e-02 1.92112e-03 -5.7977814169e-01 -5.3248360460e-01
166.005 -0.00000 -0.00000 0.00000 0.00000 -0.00000 0.00000 -3.4212e-03 4.5453e-01 9.9109e-03 -1.2332e-04 1.9965e-01 6.4842e-06 0.42949 0.43944 0.39473 0.00277 -0.00853 0.00894 4.53735e-02 1.92148e-03 -5.7977855667e-01 -5.3248360609e-01
168.005 0.00000 -0.00000 0.00000 0.00000 -0.00000 0.00000 5.7315e-03 4.5454e-01 8.5494e-03 -1.2332e-04 1.9965e-01 6.4842e-06 0.41670 0.43944 0.40752 -0.00517 -0.00741 -0.01897 4.53735e-02 1.92186e-03 -5.7977898127e-01 -5.3248360760e-01
170.005 0.00000 0.00000 0.00000 0.00000 -0.00000 0.00000 1.0194e-02 4.5454e-01 3.9413e-04 -1.2332e-04 1.9965e-01 6.4842e-06 0.39262 0.43943 0.43161 -0.00908 -0.00036 0.00000 4.53735e-02 1.92226e-03 -5.7977941399e-01 -5.3248360912e-01
172.005 -0.00000 0.00000 0.00000 0.00000 -0.00000 0.00000 6.3767e-03 4.5454e-01 -8.1146e-03 -1.2332e-04 1.9965e-01 6.4842e-06 0.41670 0.43944 0.40752 -0.00578 0.00702 0.01894 4.53736e-02 1.92266e-03 -5.7977985323e-01 -5.3248361065e-01
174.005 0.00000 0.00000 -0.00000 0.00000 -0.00000 0.00000 -2.7255e-03 4.5454e-01 -1.0215e-02 -1.2332e-04 1.9965e-01 6.4842e-06 0.42943 0.43945 0.39478 0.00210 0.00883 -0.00892 4.53736e-02 1.92308e-03 -5.7978029732e-01 -5.3248361218e-01
176.005 -0.00000 0.00000 -0.00000 0.00000 -0.00000 0.00000 -9.8989e-03 4.5453e-01 -4.2279e-03 -1.2332e-04 1.9965e-01 6.4842e-06 0.39936 0.43945 0.42484 0.00829 0.00364 -0.01475 4.53736e-02 1.92350e-03 -5.7978074457e-01 -5.3248361371e-01
178.005 0.00000 0.00000 -0.00000 0.00000 -0.00000 0.00000 -9.4604e-03 4.5453e-01 5.0938e-03 -1.2332e-04 1.9965e-01 6.4842e-06 0.40075 0.43945 0.42345 0.00789 -0.00440 0.01586 4.53736e-02 1.92393e-03 -5.7978119324e-01 -5.3248361524e-01
180.005 0.00000 -0.00000 0.00000 0.00000 -0.00000 0.00000 -1.7867e-03 4.5454e-01 1.0360e-02 -1.2332e-04 1.9965e-01 6.4842e-06 0.43020 0.43944 0.39401 0.00125 -0.00894 0.00731 4.53737e-02 1.92436e-03 -5.7978164159e-01 -5.3248361676e-01
182.005 0.00000 0.00000 -0.00000 0.00000 -0.00000 0.00000 7.0080e-03 4.5454e-01 7.4356e-03 -1.2332e-04 1.9965e-01 6.4842e-06 0.41495 0.43943 0.40926 -0.00635 -0.00638 -0.01932 4.53737e-02 1.92480e-03 -5.7978208788e-01 -5.3248361826e-01
184.005 -0.00000 -0.00000 -0.00000 0.00000 -0.00000 0.00000 9.9702e-03 4.5454e-01 -1.2914e-03 -1.2332e-04 1.9965e-01 6.4842e-06 0.39263 0.43942 0.43158 -0.00888 0.00120 0.00179 4.53737e-02 1.92524e-03 -5.7978253039e-01 -5.3248361975e-01
186.005 0.00000 -0.00000 -0.00000 0.00000 -0.00000 0.00000 4.8372e-03 4.5454e-01 -8.8671e-03 -1.2332e-04 1.9965e-01 6.4842e-06 0.41846 0.43943 0.40576 -0.00436 0.00773 0.01854 4.53737e-02 1.92567e-03 -5.7978296747e-01 -5.3248362122e-01
188.005 0.00000 -0.00000 -0.00000 0.00000 -0.00000 0.00000 -4.2230e-03 4.5454e-01 -9.3418e-03 -1.2332e-04 1.9965e-01 6.4842e-06 0.42866 0.43943 0.39555 0.00349 0.00805 -0.01057 4.53737e-02 1.92610e-03 -5.7978339751e-01 -5.3248362266e-01
190.005 0.00000 -0.00000 0.00000 0.00000 -0.00000 0.00000 -1.0009e-02 4.5453e-01 -2.4719e-03 -1.2332e-04 1.9965e-01 6.4842e-06 0.39788 0.43943 0.42632 0.00842 0.00203 -0.01362 4.53737e-02 1.92653e-03 -5.7978381897e-01 -5.3248362408e-01
192.005 0.00000 0.00000 -0.00000 0.00000 -0.00000 0.00000 -8.0409e-03 4.5453e-01 6.1859e-03 -1.2332e-04 1.9965e-01 6.4842e-06 0.40220 0.43943 0.42200 0.00661 -0.00543 0.01708 4.53737e-02 1.92695e-03 -5.7978423042e-01 -5.3248362546e-01
194.005 0.00000 -0.00000 0.00000 0.00000 -0.00000 0.00000 -5.1234e-05 4.5454e-01 9.7871e-03 -1.2332e-04 1.9965e-01 6.4842e-06 0.43110 0.43941 0.39312 -0.00034 -0.00845 0.00559 4.53736e-02 1.92736e-03 -5.7978463052e-01 -5.3248362681e-01
196.005 -0.00000 -0.00000 0.00000 0.00000 -0.00000 0.00000 7.5256e-03 4.5454e-01 5.6405e-03 -1.2332e-04 1.9965e-01 6.4842e-06 0.41304 0.43940 0.41119 -0.00686 -0.00476 -0.01983 4.53736e-02 1.92776e-03 -5.7978501805e-01 -5.3248362811e-01
198.005 -0.00000 -0.00000 -0.00000 0.00000 -0.00000 0.00000 8.7570e-03 4.5454e-01 -2.7697e-03 -1.2332e-04 1.9965e-01 6.4842e-06 0.39258 0.43939 0.43166 -0.00781 0.00257 0.00383 4.53736e-02 1.92815e-03 -5.7978539189e-01 -5.3248362938e-01
200.005 -0.00000 0.00000 -0.00000 0.00000 -0.00000 0.00000 2.8845e-03 4.5454e-01 -8.7084e-03 -1.2332e-04 1.9965e-01 6.4842e-06 0.42052 0.43939 0.40372 -0.00259 0.00763 0.01813 4.53736e-02 1.92853e-03 -5.7978575106e-01 -5.3248363061e-01
202.005 0.00000 -0.00000 0.00000 0.00000 -0.00000 0.00000 -5.2352e-03 4.5453e-01 -7.6078e-03 -1.2332e-04 1.9965e-01 6.4842e-06 0.42778 0.43940 0.39646 0.00445 0.00651 -0.01253 4.53736e-02 1.92890e-03 -5.7978609471e-01 -5.3248363179e-01
204.005 0.00000 0.00000 0.00000 0.00000 -0.00000 0.00000 -9.1514e-03 4.5453e-01 -6.0111e-04 -1.2332e-04 1.9965e-01 6.4842e-06 0.39615 0.43939 0.42808 0.00769 0.00033 -0.01226 4.53735e-02 1.92925e-03 -5.7978642212e-01 -5.3248363292e-01
206.005 0.00000 -0.00000 0.00000 0.00000 -0.00000 0.00000 -5.9684e-03 4.5453e-01 6.5755e-03 -1.2332e-04 1.9965e-01 6.4842e-06 0.40401 0.43938 0.42024 0.00477 -0.00582 0.01850 4.53735e-02 1.92958e-03 -5.7978673268e-01 -5.3248363401e-01
208.005 -0.00000 0.00000 0.00000 0.00000 -0.00000 0.00000 1.5043e-03 4.5454e-01 8.2889e-03 -1.2332e-04 1.9965e-01 6.4842e-06 0.43211 0.43937 0.39215 -0.00176 -0.00715 0.00346 4.53735e-02 1.92990e-03 -5.7978702594e-01 -5.3248363504e-01
210.005 -0.00000 -0.00000 0.00000 0.00000 -0.00000 0.00000 7.2049e-03 4.5454e-01 3.4535e-03 -1.2332e-04 1.9965e-01 6.4842e-06 0.41069 0.43936 0.41358 -0.00663 -0.00281 -0.02029 4.53735e-02 1.93020e-03 -5.7978730156e-01 -5.3248363603e-01
212.005 0.00000 -0.00000 -0.00000 0.00000 -0.00000 0.00000 6.7498e-03 4.5454e-01 -3.8090e-03 -1.2332e-04 1.9965e-01 6.4842e-06 0.39272 0.43935 0.43156 -0.00605 0.00354 0.00631 4.53734e-02 1.93049e-03 -5.7978755930e-01 -5.3248363697e-01
214.005 0.00000 -0.00000 -0.00000 0.00000 -0.00000 0.00000 8.2314e-04 4.5454e-01 -7.6681e-03 -1.2332e-04 1.9965e-01 6.4842e-06 0.42298 0.43935 0.40129 -0.00074 0.00675 0.01739 4.53734e-02 1.93075e-03 -5.7978779905e-01 -5.3248363786e-01
216.005 0.00000 -0.00000 0.00000 0.00000 -0.00000 0.00000 -5.6113e-03 4.5453e-01 -5.2815e-03 -1.2332e-04 1.9965e-01 6.4842e-06 0.42645 0.43935 0.39783 0.00482 0.00445 -0.01478 4.53734e-02 1.93100e-03 -5.7978802080e-01 -5.3248363870e-01
218.005 0.00000 0.00000 0.00000 0.00000 -0.00000 0.00000 -7.4602e-03 4.5453e-01 1.1048e-03 -1.2332e-04 1.9965e-01 6.4842e-06 0.39428 0.43934 0.43000 0.00623 -0.00120 -0.01035 4.53734e-02 1.93123e-03 -5.7978822464e-01 -5.3248363949e-01
220.005 0.00000 0.00000 0.00000 0.00000 -0.00000 0.00000 -3.5499e-03 4.5453e-01 6.2103e-03 -1.2332e-04 1.9965e-01 6.4842e-06 0.40641 0.43933 0.41789 0.00263 -0.00554 0.01991 4.53733e-02 1.93144e-03 -5.7978841074e-01 -5.3248364023e-01
222.005 -0.00000 -0.00000 0.00000 0.00000 -0.00000 0.00000 2.6593e-03 4.5454e-01 6.0855e-03 -1.2332e-04 1.9965e-01 6.4842e-06 0.43292 0.43932 0.39138 -0.00281 -0.00523 0.00075 4.53733e-02 1.93164e-03 -5.7978857935e-01 -5.3248364093e-01
224.005 -0.00000 0.00000 -0.00000 0.00000 -0.00000 0.00000 6.0966e-03 4.5454e-01 1.1820e-03 -1.2332e-04 1.9965e-01 6.4842e-06 0.40782 0.43931 0.41649 -0.00569 -0.00080 -0.02039 4.53733e-02 1.93181e-03 -5.7978873078e-01 -5.3248364158e-01
226.005 0.00000 -0.00000 -0.00000 0.00000 -0.00000 0.00000 4.2271e-03 4.5454e-01 -4.2717e-03 -1.2332e-04 1.9965e-01 6.4842e-06 0.39338 0.43931 0.43094 -0.00384 0.00398 0.00919 4.53733e-02 1.93197e-03 -5.7978886540e-01 -5.3248364218e-01
228.005 -0.00000 0.00000 -0.00000 0.00000 -0.00000 0.00000 -1.0740e-03 4.5453e-01 -5.8903e-03 -1.2332e-04 1.9965e-01 6.4842e-06 0.42569 0.43931 0.39863 0.00094 0.00522 0.01602 4.53732e-02 1.93211e-03 -5.7978898363e-01 -5.3248364274e-01
230.005 0.00000 0.00000 0.00000 0.00000 -0.00000 0.00000 -5.3079e-03 4.5453e-01 -2.6663e-03 -1.2332e-04 1.9965e-01 6.4842e-06 0.42443 0.43931 0.39989 0.00458 0.00216 -0.01708 4.53732e-02 1.93224e-03 -5.7978908593e-01 -5.3248364327e-01
232.005 0.00000 -0.00000 -0.00000 0.00000 -0.00000 0.00000 -5.1528e-03 4.5453e-01 2.4348e-03 -1.2332e-04 1.9965e-01 6.4842e-06 0.39255 0.43930 0.43178 0.00422 -0.00239 -0.00775 4.53732e-02 1.93235e-03 -5.7978917277e-01 -5.3248364375e-01
234.005 -0.00000 0.00000 0.00000 0.00000 -0.00000 0.00000 -1.0801e-03 4.5453e-01 5.1406e-03 -1.2332e-04 1.9965e-01 6.4842e-06 0.40944 0.43929 0.41490 0.00046 -0.00463 0.02097 4.53732e-02 1.93244e-03 -5.7978924466e-01 -5.3248364420e-01
236.005 0.00000 -0.00000 -0.00000 0.00000 -0.00000 0.00000 3.2820e-03 4.5453e-01 3.4404e-03 -1.2332e-04 1.9965e-01 6.4842e-06 0.43321 0.43928 0.39113 -0.00338 -0.00293 -0.00248 4.53731e-02 1.93252e-03 -5.7978930212e-01 -5.3248364462e-01
238.005 -0.00000 0.00000 0.00000 0.00000 -0.00000 0.00000 4.3328e-03 4.5453e-01 -9.1622e-04 -1.2332e-04 1.9965e-01 6.4842e-06 0.40460 0.43928 0.41975 -0.00417 0.00105 -0.01983 4.53731e-02 1.93258e-03 -5.7978934567e-01 -5.3248364500e-01
240.005 0.00000 -0.00000 -0.00000 0.00000 -0.00000 0.00000 1.4691e-03 4.5453e-01 -4.1120e-03 -1.2332e-04 1.9965e-01 6.4842e-06 0.39477 0.43928 0.42958 -0.00144 0.00386 0.01223 4.53731e-02 1.93263e-03 -5.7978937581e-01 -5.3248364536e-01
242.005 -0.00000 0.00000 0.00000 0.00000 -0.00000 0.00000 -2.6075e-03 4.5453e-01 -3.5690e-03 -1.2332e-04 1.9965e-01 6.4842e-06 0.42832 0.43928 0.39602 0.00229 0.00320 0.01389 4.53731e-02 1.93266e-03 -5.7978939307e-01 -5.3248364569e-01
244.005 -0.00000 -0.00000 0.00000 0.00000 -0.00000 0.00000 -4.3616e-03 4.5453e-01 -3.1626e-05 -1.2332e-04 1.9965e-01 6.4842e-06 0.42169 0.43928 0.40266 0.00377 -0.00014 -0.01909 4.53731e-02 1.93268e-03 -5.7978939792e-01 -5.3248364600e-01
246.005 0.00000 0.00000 0.00000 0.00000 -0.00000 0.00000 -2.4618e-03 4.5453e-01 3.2605e-03 -1.2332e-04 1.9965e-01 6.4842e-06 0.39130 0.43927 0.43305 0.00188 -0.00312 -0.00454 4.53731e-02 1.93269e-03 -5.7978939086e-01 -5.3248364630e-01
248.005 0.00000 0.00000 -0.00000 0.00000 -0.00000 0.00000 1.2050e-03 4.5453e-01 3.4738e-03 -1.2332e-04 1.9965e-01 6.4842e-06 0.41291 0.43927 0.41145 -0.00153 -0.00319 0.02137 4.53730e-02 1.93268e-03 -5.7978937231e-01 -5.3248364657e-01
250.005 -0.00000 -0.00000 0.00000 0.00000 -0.00000 0.00000 3.3189e-03 4.5453e-01 6.0065e-04 -1.2332e-04 1.9965e-01 6.4842e-06 0.43274 0.43926 0.39163 -0.00342 -0.00046 -0.00596 4.53730e-02 1.93266e-03 -5.7978934272e-01 -5.3248364684e-01
252.005 0.00000 0.00000 -0.00000 0.00000 -0.00000 0.00000 2.0752e-03 4.5453e-01 -2.6554e-03 -1.2332e-04 1.9965e-01 6.4842e-06 0.40135 0.43926 0.42301 -0.00221 0.00257 -0.01847 4.53730e-02 1.93263e-03 -5.7978930247e-01 -5.3248364709e-01
254.005 0.00000 -0.00000 -0.00000 0.00000 -0.00000 0.00000 -1.2848e-03 4.5453e-01 -3.3477e-03 -1.2332e-04 1.9965e-01 6.4842e-06 0.39694 0.43927 0.42742 0.00096 0.00320 0.01504 4.53730e-02 1.93258e-03 -5.7978925193e-01 -5.3248364734e-01
256.005 0.00000 -0.00000 0.00000 0.00000 -0.00000 0.00000 -3.6516e-03 4.5453e-01 -9.0168e-04 -1.2332e-04 1.9965e-01 6.4842e-06 0.43051 0.43927 0.39385 0.00321 0.00088 0.01107 4.53730e-02 1.93253e-03 -5.7978919143e-01 -5.3248364758e-01
258.005 -0.00000 0.00000 -0.00000 0.00000 -0.00000 0.00000 -2.8527e-03 4.5453e-01 2.4087e-03 -1.2332e-04 1.9965e-01 6.4842e-06 0.41840 0.43927 0.40596 0.00246 -0.00227 -0.02049 4.53730e-02 1.93247e-03 -5.7978912126e-01 -5.3248364783e-01
260.005 -0.00000 -0.00000 0.00000 0.00000 -0.00000 0.00000 3.9873e-04 4.5453e-01 3.5194e-03 -1.2332e-04 1.9965e-01 6.4842e-06 0.39080 0.43926 0.43357 -0.00061 -0.00334 -0.00099 4.53730e-02 1.93239e-03 -5.7978904167e-01 -5.3248364808e-01
262.005 -0.00000 0.00000 -0.00000 0.00000 -0.00000 0.00000 3.1307e-03 4.5453e-01 1.3408e-03 -1.2332e-04 1.9965e-01 6.4842e-06 0.41647 0.43926 0.40789 -0.00320 -0.00133 0.02096 4.53730e-02 1.93230e-03 -5.7978895291e-01 -5.3248364834e-01
264.005 -0.00000 0.00000 -0.00000 0.00000 -0.00000 0.00000 2.7697e-03 4.5453e-01 -2.2200e-03 -1.2332e-04 1.9965e-01 6.4842e-06 0.43143 0.43926 0.39293 -0.00295 0.00199 -0.00930 4.53730e-02 1.93221e-03 -5.7978885516e-01 -5.3248364861e-01
266.005 -0.00000 0.00000 -0.00000 0.00000 -0.00000 0.00000 -5.0853e-04 4.5453e-01 -3.9092e-03 -1.2332e-04 1.9965e-01 6.4842e-06 0.39845 0.43927 0.42591 0.00003 0.00366 -0.01636 4.53730e-02 1.93210e-03 -5.7978874857e-01 -5.3248364889e-01
268.005 0.00000 0.00000 0.00000 0.00000 -0.00000 0.00000 -3.8357e-03 4.5453e-01 -2.0358e-03 -1.2332e-04 1.9965e-01 6.4842e-06 0.39970 0.43928 0.42465 0.00318 0.00206 0.01731 4.53730e-02 1.93198e-03 -5.7978863329e-01 -5.3248364919e-01
270.005 0.00000 0.00000 0.00000 0.00000 -0.00000 0.00000 -4.1331e-03 4.5453e-01 1.9211e-03 -1.2332e-04 1.9965e-01 6.4842e-06 0.43198 0.43928 0.39237 0.00362 -0.00157 0.00783 4.53730e-02 1.93186e-03 -5.7978850941e-01 -5.3248364951e-01
272.005 -0.00000 0.00000 -0.00000 0.00000 -0.00000 0.00000 -8.8859e-04 4.5453e-01 4.4833e-03 -1.2332e-04 1.9965e-01 6.4842e-06 0.41490 0.43928 0.40945 0.00075 -0.00407 -0.02109 4.53730e-02 1.93172e-03 -5.7978837700e-01 -5.3248364985e-01
274.005 -0.00000 -0.00000 0.00000 0.00000 -0.00000 0.00000 3.2287e-03 4.5453e-01 3.1942e-03 -1.2332e-04 1.9965e-01 6.4842e-06 0.39110 0.43928 0.43325 -0.00307 -0.00305 0.00252 4.53730e-02 1.93158e-03 -5.7978823611e-01 -5.3248365022e-01
276.005 0.00000 -0.00000 0.00000 0.00000 -0.00000 0.00000 4.5632e-03 4.5453e-01 -1.1097e-03 -1.2332e-04 1.9965e-01 6.4842e-06 0.41976 0.43928 0.40459 -0.00444 0.00080 0.01978 4.53730e-02 1.93142e-03 -5.7978808678e-01 -5.3248365062e-01
278.005 -0.00000 -0.00000 0.00000 0.00000 -0.00000 0.00000 1.6725e-03 4.5453e-01 -4.8249e-03 -1.2332e-04 1.9965e-01 6.4842e-06 0.42945 0.43929 0.39489 -0.00198 0.00425 -0.01217 4.53730e-02 1.93126e-03 -5.7978792902e-01 -5.3248365105e-01
280.005 -0.00000 -0.00000 -0.00000 0.00000 -0.00000 0.00000 -3.2378e-03 4.5453e-01 -4.5893e-03 -1.2332e-04 1.9965e-01 6.4842e-06 0.39618 0.43930 0.42815 0.00241 0.00424 -0.01375 4.53730e-02 1.93109e-03 -5.7978776282e-01 -5.3248365151e-01
282.005 0.00000 -0.00000 0.00000 0.00000 -0.00000 0.00000 -6.0035e-03 4.5453e-01 -2.6816e-04 -1.2332e-04 1.9965e-01 6.4842e-06 0.40275 0.43931 0.42157 0.00506 0.00051 0.01881 4.53730e-02 1.93091e-03 -5.7978758819e-01 -5.3248365201e-01
284.005 0.00000 0.00000 -0.00000 0.00000 -0.00000 0.00000 -4.0164e-03 4.5453e-01 4.6981e-03 -1.2332e-04 1.9965e-01 6.4842e-06 0.43263 0.43931 0.39169 0.00350 -0.00399 0.00453 4.53730e-02 1.93072e-03 -5.7978740511e-01 -5.3248365255e-01
286.005 0.00000 0.00000 -0.00000 0.00000 -0.00000 0.00000 1.3896e-03 4.5453e-01 6.0408e-03 -1.2332e-04 1.9965e-01 6.4842e-06 0.41157 0.43931 0.41275 -0.00125 -0.00541 -0.02090 4.53730e-02 1.93052e-03 -5.7978721357e-01 -5.3248365313e-01
288.005 0.00000 -0.00000 0.00000 0.00000 -0.00000 0.00000 5.8188e-03 4.5453e-01 2.3070e-03 -1.2332e-04 1.9965e-01 6.4842e-06 0.39210 0.43931 0.43222 -0.00532 -0.00225 0.00564 4.53730e-02 1.93031e-03 -5.7978701358e-01 -5.3248365376e-01
290.005 0.00000 0.00000 -0.00000 0.00000 -0.00000 0.00000 5.3923e-03 4.5453e-01 -3.6938e-03 -1.2332e-04 1.9965e-01 6.4842e-06 0.42247 0.43932 0.40184 -0.00514 0.00307 0.01803 4.53731e-02 1.93010e-03 -5.7978680513e-01 -5.3248365442e-01
292.005 -0.00000 -0.00000 -0.00000 0.00000 -0.00000 0.00000 1.0986e-04 4.5453e-01 -7.0116e-03 -1.2332e-04 1.9965e-01 6.4842e-06 0.42710 0.43933 0.39720 -0.00060 0.00614 -0.01433 4.53731e-02 1.92987e-03 -5.7978658825e-01 -5.3248365514e-01
294.005 -0.00000 0.00000 0.00000 0.00000 -0.00000 0.00000 -5.8965e-03 4.5453e-01 -4.6389e-03 -1.2332e-04 1.9965e-01 6.4842e-06 0.39468 0.43935 0.42961 0.00474 0.00426 -0.01100 4.53731e-02 1.92964e-03 -5.7978636299e-01 -5.3248365590e-01
296.005 0.00000 0.00000 -0.00000 0.00000 -0.00000 0.00000 -7.6086e-03 4.5453e-01 1.8132e-03 -1.2332e-04 1.9965e-01 6.4842e-06 0.40571 0.43936 0.41857 0.00644 -0.00133 0.01953 4.53731e-02 1.92940e-03 -5.7978612943e-01 -5.3248365671e-01
298.005 0.00000 -0.00000 -0.00000 0.00000 -0.00000 0.00000 -3.3078e-03 4.5453e-01 7.1947e-03 -1.2332e-04 1.9965e-01 6.4842e-06 0.43257 0.43936 0.39171 0.00285 -0.00617 0.00152 4.53731e-02 1.92915e-03 -5.7978588765e-01 -5.3248365757e-01
300.005 0.00000 0.00000 0.00000 0.00000 -0.00000 0.00000 3.7856e-03 4.5453e-01 6.9420e-03 -1.2332e-04 1.9965e-01 6.4842e-06 0.40870 0.43936 0.41558 -0.00337 -0.00617 -0.02012 4.53731e-02 1.92889e-03 -5.7978563782e-01 -5.3248365848e-01
302.005 0.00000 0.00000 0.00000 0.00000 -0.00000 0.00000 7.9342e-03 4.5454e-01 9.3349e-04 -1.2332e-04 1.9965e-01 6.4842e-06 0.39351 0.43936 0.43077 -0.00716 -0.00101 0.00815 4.53731e-02 1.92863e-03 -5.7978538010e-01 -5.3248365944e-01
304.005 -0.00000 0.00000 0.00000 0.00000 -0.00000 0.00000 5.5363e-03 4.5454e-01 -6.1719e-03 -1.2332e-04 1.9965e-01 6.4842e-06 0.42447 0.43937 0.39979 -0.00522 0.00525 0.01607 4.53731e-02 1.92836e-03 -5.7978511472e-01 -5.3248366045e-01
306.005 0.00000 0.00000 0.00000 0.00000 -0.00000 0.00000 -1.7713e-03 4.5453e-01 -8.5659e-03 -1.2332e-04 1.9965e-01 6.4842e-06 0.42473 0.43938 0.39952 0.00109 0.00748 -0.01578 4.53731e-02 1.92808e-03 -5.7978484195e-01 -5.3248366151e-01
308.005 0.00000 -0.00000 0.00000 0.00000 -0.00000 0.00000 -8.2187e-03 4.5453e-01 -4.0477e-03 -1.2332e-04 1.9965e-01 6.4842e-06 0.39385 0.43940 0.43039 0.00678 0.00369 -0.00844 4.53731e-02 1.92780e-03 -5.7978456212e-01 -5.3248366262e-01
310.005 -0.00000 -0.00000 -0.00000 0.00000 -0.00000 0.00000 -8.4803e-03 4.5453e-01 3.9959e-03 -1.2332e-04 1.9965e-01 6.4842e-06 0.40830 0.43941 0.41594 0.00717 -0.00328 0.01968 4.53731e-02 1.92751e-03 -5.7978427560e-01 -5.3248366377e-01
312.005 -0.00000 -0.00000 0.00000 0.00000 -0.00000 0.00000 -2.0779e-03 4.5453e-01 9.1416e-03 -1.2332e-04 1.9965e-01 6.4842e-06 0.43207 0.43941 0.39217 0.00172 -0.00788 -0.00098 4.53731e-02 1.92722e-03 -5.7978398282e-01 -5.3248366497e-01
314.005 0.00000 0.00000 0.00000 0.00000 -0.00000 0.00000 6.0352e-03 4.5454e-01 7.0814e-03 -1.2332e-04 1.9965e-01 6.4842e-06 0.40644 0.43940 0.41780 -0.00537 -0.00624 -0.01908 4.53731e-02 1.92692e-03 -5.7978368425e-01 -5.3248366621e-01
316.005 0.00000 -0.00000 0.00000 0.00000 -0.00000 0.00000 9.3285e-03 4.5454e-01 -7.7331e-04 -1.2332e-04 1.9965e-01 6.4842e-06 0.39500 0.43940 0.42924 -0.00836 0.00054 0.01002 4.53731e-02 1.92662e-03 -5.7978338044e-01 -5.3248366750e-01
318.005 -0.00000 -0.00000 0.00000 0.00000 -0.00000 0.00000 4.9720e-03 4.5454e-01 -8.2500e-03 -1.2332e-04 1.9965e-01 6.4842e-06 0.42588 0.43941 0.39835 -0.00467 0.00709 0.01422 4.53731e-02 1.92631e-03 -5.7978307197e-01 -5.3248366882e-01
320.005 -0.00000 0.00000 -0.00000 0.00000 -0.00000 0.00000 -3.7442e-03 4.5453e-01 -9.2925e-03 -1.2332e-04 1.9965e-01 6.4842e-06 0.42263 0.43943 0.40158 0.00287 0.00809 -0.01669 4.53731e-02 1.92600e-03 -5.7978275947e-01 -5.3248367018e-01
322.005 -0.00000 0.00000 0.00000 0.00000 -0.00000 0.00000 -9.9089e-03 4.5453e-01 -2.8846e-03 -1.2332e-04 1.9965e-01 6.4842e-06 0.39344 0.43944 0.43076 0.00827 0.00261 -0.00627 4.53731e-02 1.92569e-03 -5.7978244363e-01 -5.3248367158e-01
324.005 -0.00000 -0.00000 -0.00000 0.00000 -0.00000 0.00000 -8.4993e-03 4.5453e-01 5.9977e-03 -1.2332e-04 1.9965e-01 6.4842e-06 0.41042 0.43944 0.41378 0.00715 -0.00508 0.01957 4.53731e-02 1.92538e-03 -5.7978212516e-01 -5.3248367301e-01
326.005 0.00000 -0.00000 -0.00000 0.00000 -0.00000 0.00000 -4.8633e-04 4.5453e-01 1.0274e-02 -1.2332e-04 1.9965e-01 6.4842e-06 0.43147 0.43944 0.39274 0.00026 -0.00887 -0.00298 4.53731e-02 1.92507e-03 -5.7978180481e-01 -5.3248367446e-01
328.005 -0.00000 -0.00000 0.00000 0.00000 -0.00000 0.00000 7.8289e-03 4.5454e-01 6.4337e-03 -1.2332e-04 1.9965e-01 6.4842e-06 0.40466 0.43943 0.41955 -0.00699 -0.00561 -0.01808 4.53730e-02 1.92477e-03 -5.7978148337e-01 -5.3248367594e-01
330.005 0.00000 -0.00000 0.00000 0.00000 -0.00000 0.00000 9.8002e-03 4.5454e-01 -2.5761e-03 -1.2332e-04 1.9965e-01 6.4842e-06 0.39632 0.43943 0.42790 -0.00875 0.00219 0.01148 4.53730e-02 1.92446e-03 -5.7978116164e-01 -5.3248367743e-01
332.005 0.00000 0.00000 0.00000 0.00000 -0.00000 0.00000 3.7754e-03 4.5453e-01 -9.6258e-03 -1.2332e-04 1.9965e-01 6.4842e-06 0.42697 0.43944 0.39724 -0.00355 0.00832 0.01263 4.53730e-02 1.92415e-03 -5.7978084043e-01 -5.3248367895e-01
334.005 -0.00000 -0.00000 0.00000 0.00000 -0.00000 0.00000 -5.5189e-03 4.5453e-01 -9.0785e-03 -1.2332e-04 1.9965e-01 6.4842e-06 0.42088 0.43945 0.40332 0.00449 0.00786 -0.01741 4.53730e-02 1.92385e-03 -5.7978052057e-01 -5.3248368047e-01
336.005 0.00000 -0.00000 -0.00000 0.00000 -0.00000 0.00000 -1.0709e-02 4.5452e-01 -1.3206e-03 -1.2332e-04 1.9965e-01 6.4842e-06 0.39312 0.43946 0.43107 0.00898 0.00116 -0.00444 4.53730e-02 1.92356e-03 -5.7978020287e-01 -5.3248368200e-01
338.005 0.00000 0.00000 0.00000 0.00000 -0.00000 0.00000 -7.6573e-03 4.5453e-01 7.5108e-03 -1.2332e-04 1.9965e-01 6.4842e-06 0.41224 0.43946 0.41196 0.00635 -0.00646 0.01949 4.53729e-02 1.92326e-03 -5.7977988813e-01 -5.3248368354e-01
340.005 -0.00000 -0.00000 -0.00000 0.00000 -0.00000 0.00000 1.2208e-03 4.5453e-01 1.0411e-02 -1.2332e-04 1.9965e-01 6.4842e-06 0.43101 0.43945 0.39320 -0.00132 -0.00898 -0.00472 4.53729e-02 1.92298e-03 -5.7977957714e-01 -5.3248368507e-01
342.005 0.00000 -0.00000 -0.00000 0.00000 -0.00000 0.00000 8.8803e-03 4.5454e-01 5.0973e-03 -1.2332e-04 1.9965e-01 6.4842e-06 0.40307 0.43944 0.42115 -0.00795 -0.00437 -0.01727 4.53729e-02 1.92270e-03 -5.7977927066e-01 -5.3248368660e-01
344.005 0.00000 -0.00000 -0.00000 0.00000 -0.00000 0.00000 9.2691e-03 4.5454e-01 -4.1859e-03 -1.2332e-04 1.9965e-01 6.4842e-06 0.39744 0.43944 0.42678 -0.00826 0.00368 0.01287 4.53729e-02 1.92243e-03 -5.7977896939e-01 -5.3248368811e-01
346.005 0.00000 0.00000 0.00000 0.00000 -0.00000 0.00000 2.1384e-03 4.5453e-01 -1.0073e-02 -1.2332e-04 1.9965e-01 6.4842e-06 0.42809 0.43944 0.39613 -0.00204 0.00874 0.01124 4.53728e-02 1.92216e-03 -5.7977867401e-01 -5.3248368962e-01
348.005 0.00000 0.00000 0.00000 0.00000 -0.00000 0.00000 -6.8035e-03 4.5452e-01 -7.9559e-03 -1.2332e-04 1.9965e-01 6.4842e-06 0.41928 0.43945 0.40493 0.00569 0.00683 -0.01821 4.53728e-02 1.92191e-03 -5.7977838513e-01 -5.3248369110e-01
350.005 -0.00000 0.00000 0.00000 0.00000 -0.00000 0.00000 -1.0484e-02 4.5452e-01 3.8644e-04 -1.2332e-04 1.9965e-01 6.4842e-06 0.39267 0.43945 0.43154 0.00879 -0.00041 -0.00268 4.53727e-02 1.92166e-03 -5.7977810332e-01 -5.3248369257e-01
352.005 -0.00000 0.00000 -0.00000 0.00000 -0.00000 0.00000 -6.0931e-03 4.5452e-01 8.2821e-03 -1.2332e-04 1.9965e-01 6.4842e-06 0.41409 0.43944 0.41013 0.00492 -0.00720 0.01956 4.53727e-02 1.92143e-03 -5.7977782907e-01 -5.3248369400e-01
354.005 0.00000 -0.00000 0.00000 0.00000 -0.00000 0.00000 2.7578e-03 4.5453e-01 9.5291e-03 -1.2332e-04 1.9965e-01 6.4842e-06 0.43070 0.43943 0.39354 -0.00275 -0.00820 -0.00656 4.53727e-02 1.92120e-03 -5.7977756282e-01 -5.3248369541e-01
356.005 0.00000 -0.00000 -0.00000 0.00000 -0.00000 0.00000 9.0126e-03 4.5453e-01 3.2965e-03 -1.2332e-04 1.9965e-01 6.4842e-06 0.40133 0.43942 0.42292 -0.00811 -0.00273 -0.01654 4.53726e-02 1.92098e-03 -5.7977730492e-01 -5.3248369679e-01
358.005 0.00000 0.00000 0.00000 0.00000 -0.00000 0.00000 7.8249e-03 4.5453e-01 -5.3322e-03 -1.2332e-04 1.9965e-01 6.4842e-06 0.39858 0.43941 0.42567 -0.00696 0.00476 0.01445 4.53726e-02 1.92078e-03 -5.7977705568e-01 -5.3248369813e-01
360.005 0.00000 -0.00000 0.00000 0.00000 -0.00000 0.00000 3.3628e-04 4.5453e-01 -9.5174e-03 -1.2332e-04 1.9965e-01 6.4842e-06 0.42944 0.43942 0.39481 -0.00038 0.00827 0.00975 4.53725e-02 1.92058e-03 -5.7977681531e-01 -5.3248369943e-01
362.005 0.00000 0.00000 -0.00000 0.00000 -0.00000 0.00000 -7.3836e-03 4.5452e-01 -6.1142e-03 -1.2332e-04 1.9965e-01 6.4842e-06 0.41750 0.43942 0.40675 0.00625 0.00517 -0.01920 4.53725e-02 1.92039e-03 -5.7977658396e-01 -5.3248370069e-01
364.005 0.00000 0.00000 0.00000 0.00000 -0.00000 0.00000 -9.2741e-03 4.5452e-01 1.9517e-03 -1.2332e-04 1.9965e-01 6.4842e-06 0.39213 0.43942 0.43213 0.00773 -0.00185 -0.00065 4.53724e-02 1.92022e-03 -5.7977636172e-01 -5.3248370190e-01
366.005 0.00000 0.00000 0.00000 0.00000 -0.00000 0.00000 -4.0678e-03 4.5452e-01 8.1862e-03 -1.2332e-04 1.9965e-01 6.4842e-06 0.41628 0.43940 0.40799 0.00310 -0.00716 0.01965 4.53724e-02 1.92005e-03 -5.7977614860e-01 -5.3248370307e-01
368.005 -0.00000 0.00000 0.00000 0.00000 -0.00000 0.00000 3.8730e-03 4.5453e-01 7.7760e-03 -1.2332e-04 1.9965e-01 6.4842e-06 0.43029 0.43939 0.39399 -0.00379 -0.00665 -0.00875 4.53723e-02 1.91989e-03 -5.7977594455e-01 -5.3248370420e-01
370.005 0.00000 -0.00000 0.00000 0.00000 -0.00000 0.00000 8.2084e-03 4.5453e-01 1.3257e-03 -1.2332e-04 1.9965e-01 6.4842e-06 0.39926 0.43938 0.42504 -0.00744 -0.00094 -0.01558 4.53723e-02 1.91975e-03 -5.7977574949e-01 -5.3248370527e-01
372.005 0.00000 0.00000 0.00000 0.00000 -0.00000 0.00000 5.7040e-03 4.5453e-01 -5.8334e-03 -1.2332e-04 1.9965e-01 6.4842e-06 0.40008 0.43937 0.42423 -0.00508 0.00525 0.01631 4.53722e-02 1.91961e-03 -5.7977556325e-01 -5.3248370630e-01
374.005 0.00000 -0.00000 0.00000 0.00000 -0.00000 0.00000 -1.3447e-03 4.5452e-01 -8.0529e-03 -1.2332e-04 1.9965e-01 6.4842e-06 0.43096 0.43937 0.39335 0.00114 0.00701 0.00783 4.53722e-02 1.91948e-03 -5.7977538563e-01 -5.3248370728e-01
376.005 0.00000 0.00000 -0.00000 0.00000 -0.00000 0.00000 -7.1736e-03 4.5452e-01 -3.8451e-03 -1.2332e-04 1.9965e-01 6.4842e-06 0.41524 0.43937 0.40907 0.00611 0.00316 -0.02021 4.53722e-02 1.91936e-03 -5.7977521639e-01 -5.3248370820e-01
378.005 0.00000 0.00000 0.00000 0.00000 -0.00000 0.00000 -7.2714e-03 4.5452e-01 3.1364e-03 -1.2332e-04 1.9965e-01 6.4842e-06 0.39172 0.43937 0.43259 0.00598 -0.00294 0.00188 4.53721e-02 1.91924e-03 -5.7977505526e-01 -5.3248370908e-01
380.005 0.00000 0.00000 0.00000 0.00000 -0.00000 0.00000 -1.8893e-03 4.5452e-01 7.2443e-03 -1.2332e-04 1.9965e-01 6.4842e-06 0.41895 0.43936 0.40538 0.00116 -0.00637 0.01945 4.53721e-02 1.91913e-03 -5.7977490193e-01 -5.3248370991e-01
382.005 0.00000 -0.00000 -0.00000 0.00000 -0.00000 0.00000 4.4058e-03 4.5452e-01 5.4171e-03 -1.2332e-04 1.9965e-01 6.4842e-06 0.42946 0.43934 0.39488 -0.00430 -0.00458 -0.01132 4.53720e-02 1.91903e-03 -5.7977475607e-01 -5.3248371068e-01
384.005 -0.00000 0.00000 0.00000 0.00000 -0.00000 0.00000 6.5915e-03 4.5452e-01 -5.2989e-04 -1.2332e-04 1.9965e-01 6.4842e-06 0.39695 0.43933 0.42740 -0.00604 0.00072 -0.01408 4.53720e-02 1.91894e-03 -5.7977461737e-01 -5.3248371141e-01
386.005 0.00000 0.00000 0.00000 0.00000 -0.00000 0.00000 3.2107e-03 4.5452e-01 -5.6249e-03 -1.2332e-04 1.9965e-01 6.4842e-06 0.40219 0.43933 0.42217 -0.00289 0.00511 0.01824 4.53719e-02 1.91885e-03 -5.7977448545e-01 -5.3248371209e-01
388.005 0.00000 -0.00000 0.00000 0.00000 -0.00000 0.00000 -2.6754e-03 4.5452e-01 -5.8885e-03 -1.2332e-04 1.9965e-01 6.4842e-06 0.43237 0.43933 0.39199 0.00234 0.00512 0.00527 4.53719e-02 1.91877e-03 -5.7977435999e-01 -5.3248371273e-01
390.005 -0.00000 0.00000 0.00000 0.00000 -0.00000 0.00000 -6.2088e-03 4.5452e-01 -1.4554e-03 -1.2332e-04 1.9965e-01 6.4842e-06 0.41238 0.43933 0.41198 0.00529 0.00105 -0.02093 4.53718e-02 1.91869e-03 -5.7977424063e-01 -5.3248371332e-01
392.005 -0.00000 0.00000 0.00000 0.00000 -0.00000 0.00000 -4.7435e-03 4.5452e-01 3.7907e-03 -1.2332e-04 1.9965e-01 6.4842e-06 0.39177 0.43932 0.43259 0.00378 -0.00354 0.00492 4.53718e-02 1.91861e-03 -5.7977412706e-01 -5.3248371387e-01
394.005 0.00000 0.00000 -0.00000 0.00000 -0.00000 0.00000 1.6646e-04 4.5452e-01 5.5831e-03 -1.2332e-04 1.9965e-01 6.4842e-06 0.42196 0.43931 0.40242 -0.00065 -0.00494 0.01865 4.53718e-02 1.91854e-03 -5.7977401894e-01 -5.3248371438e-01
396.005 0.00000 -0.00000 0.00000 0.00000 -0.00000 0.00000 4.2967e-03 4.5452e-01 2.7469e-03 -1.2332e-04 1.9965e-01 6.4842e-06 0.42793 0.43930 0.39646 -0.00423 -0.00225 -0.01406 4.53717e-02 1.91847e-03 -5.7977391599e-01 -5.3248371486e-01
398.005 0.00000 0.00000 0.00000 0.00000 -0.00000 0.00000 4.3614e-03 4.5452e-01 -2.0514e-03 -1.2332e-04 1.9965e-01 6.4842e-06 0.39467 0.43930 0.42972 -0.00411 0.00207 -0.01185 4.53717e-02 1.91841e-03 -5.7977381793e-01 -5.3248371529e-01
400.000 0.00000 0.00000 0.00000 0.00000 -0.00000 0.00000 6.4622e-04 4.5452e-01 -4.7358e-03 -1.2332e-04 1.9965e-01 6.4842e-06 0.40489 0.43930 0.41950 -0.00064 0.00436 0.01990 4.53717e-02 1.91834e-03 -5.7977372477e-01 -5.3248371569e-01
