# t x y z vx vy vz omx omy omz llx lly llz Ixx Iyy Izz Ixy Iyz Ixz KErot PEspr PEgrav Etot
0.000 0.00000 0.00000 0.00000 -0.00000 -0.00000 -0.00000 7.7077e-02 4.8617e-01 -1.4001e-02 -3.9834e-05 7.6441e-02 7.9002e-06 1.80716 0.20412 1.85455 -0.28632 0.05196 0.00924 1.85802e-02 3.18749e-29 -4.5872134380e-01 -4.4014116475e-01
2.005 -0.00000 0.00000 0.00000 0.00000 0.00000 -0.00000 7.5741e-02 4.8757e-01 -2.0560e-02 -3.9834e-05 7.6441e-02 7.9002e-06 1.78096 0.20285 1.82426 -0.27622 0.07502 0.01239 1.87553e-02 7.94534e-04 -4.6119134665e-01 -4.4164150588e-01
4.005 0.00000 -0.00000 0.00000 0.00000 -0.00000 -0.00000 7.3445e-02 4.8632e-01 -2.6816e-02 -3.9834e-05 7.6441e-02 7.9002e-06 1.76673 0.20271 1.80560 -0.26600 0.09714 0.01611 1.87104e-02 1.57452e-03 -4.6227506477e-01 -4.4199012452e-01
6.000 0.00000 0.00000 -0.00000 -0.00000 0.00000 -0.00000 7.0784e-02 4.8569e-01 -3.2874e-02 -3.9834e-05 7.6441e-02 7.9002e-06 1.76259 0.20268 1.79425 -0.25566 0.11865 0.01928 1.86480e-02 2.06629e-03 -4.6278226740e-01 -4.4206796255e-01
8.000 -0.00000 -0.00000 -0.00000 0.00000 0.00000 -0.00000 6.7691e-02 4.8540e-01 -3.8737e-02 -3.9834e-05 7.6441e-02 7.9002e-06 1.76174 0.20266 1.78641 -0.24409 0.13964 0.02105 1.86087e-02 2.38053e-03 -4.6307392342e-01 -4.4208464803e-01
10.000 -0.00000 -0.00000 -0.00000 -0.00000 0.00000 -0.00000 6.4118e-02 4.8518e-01 -4.4319e-02 -3.9834e-05 7.6441e-02 7.9002e-06 1.76219 0.20264 1.78038 -0.23086 0.15960 0.02304 1.85664e-02 2.59530e-03 -4.6326051623e-01 -4.4209886540e-01
12.005 0.00000 0.00000 0.00000 -0.00000 0.00000 -0.00000 6.0113e-02 4.8512e-01 -4.9608e-02 -3.9834e-05 7.6441e-02 7.9002e-06 1.76590 0.20263 1.77517 -0.21638 0.17849 0.02462 1.85451e-02 2.65495e-03 -4.6331100593e-01 -4.4211097398e-01
14.005 -0.00000 0.00000 0.00000 -0.00000 0.00000 -0.00000 5.5706e-02 4.8517e-01 -5.4547e-02 -3.9834e-05 7.6441e-02 7.9002e-06 1.77110 0.20267 1.77154 -0.20068 0.19637 0.02453 1.85455e-02 2.59005e-03 -4.6325630780e-01 -4.4212071882e-01
16.005 -0.00000 0.00000 0.00000 -0.00000 0.00000 -0.00000 5.0907e-02 4.8533e-01 -5.9112e-02 -3.9834e-05 7.6441e-02 7.9002e-06 1.77676 0.20270 1.77004 -0.18349 0.21306 0.02429 1.85591e-02 2.43013e-03 -4.6311744243e-01 -4.4212817678e-01
18.005 -0.00000 0.00000 0.00000 -0.00000 0.00000 -0.00000 4.5745e-02 4.8552e-01 -6.3268e-02 -3.9834e-05 7.6441e-02 7.9002e-06 1.78362 0.20272 1.76823 -0.16502 0.22818 0.02393 1.85748e-02 2.23953e-03 -4.6294809051e-01 -4.4213376502e-01
20.000 0.00000 -0.00000 0.00000 -0.00000 0.00000 -0.00000 4.0257e-02 4.8571e-01 -6.6964e-02 -3.9834e-05 7.6441e-02 7.9002e-06 1.79042 0.20276 1.76639 -0.14546 0.24173 0.02190 1.85808e-02 2.06301e-03 -4.6278184011e-01 -4.4213803909e-01
22.000 -0.00000 0.00000 0.00000 -0.00000 0.00000 -0.00000 3.4453e-02 4.8585e-01 -7.0179e-02 -3.9834e-05 7.6441e-02 7.9002e-06 1.79534 0.20281 1.76529 -0.12459 0.25363 0.01941 1.85791e-02 1.93238e-03 -4.6265303419e-01 -4.4214152853e-01
24.000 -0.00000 -0.00000 -0.00000 -0.00000 0.00000 -0.00000 2.8393e-02 4.8595e-01 -7.2889e-02 -3.9834e-05 7.6441e-02 7.9002e-06 1.79966 0.20283 1.76336 -0.10266 0.26351 0.01718 1.85774e-02 1.85209e-03 -4.6257400962e-01 -4.4214447233e-01
26.000 -0.00000 -0.00000 -0.00000 -0.00000 0.00000 -0.00000 2.2117e-02 4.8595e-01 -7.5054e-02 -3.9834e-05 7.6441e-02 7.9002e-06 1.80310 0.20284 1.76047 -0.08004 0.27130 0.01361 1.85735e-02 1.83431e-03 -4.6255476942e-01 -4.4214697617e-01
28.000 -0.00000 0.00000 0.00000 -0.00000 0.00000 -0.00000 1.5677e-02 4.8591e-01 -7.6668e-02 -3.9834e-05 7.6441e-02 7.9002e-06 1.80409 0.20288 1.75836 -0.05680 0.27715 0.00945 1.85724e-02 1.86975e-03 -4.6259115831e-01 -4.4214900473e-01
30.000 -0.00000 -0.00000 0.00000 -0.00000 0.00000 0.00000 9.1211e-03 4.8582e-01 -7.7724e-02 -3.9834e-05 7.6441e-02 7.9002e-06 1.80413 0.20290 1.75618 -0.03299 0.28087 0.00600 1.85711e-02 1.93927e-03 -4.6266087742e-01 -4.4215052632e-01
32.000 -0.00000 -0.00000 0.00000 -0.00000 0.00000 0.00000 2.5046e-03 4.8574e-01 -7.8216e-02 -3.9834e-05 7.6441e-02 7.9002e-06 1.80419 0.20289 1.75380 -0.00909 0.28241 0.00180 1.85690e-02 2.01803e-03 -4.6273866927e-01 -4.4215167740e-01
34.000 -0.00000 0.00000 -0.00000 -0.00000 0.00000 0.00000 -4.1275e-03 4.8566e-01 -7.8151e-02 -3.9834e-05 7.6441e-02 7.9002e-06 1.80276 0.20291 1.75305 0.01476 0.28209 -0.00297 1.85664e-02 2.09132e-03 -4.6281034248e-01 -4.4215258657e-01
36.000 0.00000 -0.00000 -0.00000 -0.00000 0.00000 0.00000 -1.0732e-02 4.8560e-01 -7.7532e-02 -3.9834e-05 7.6441e-02 7.9002e-06 1.80072 0.20295 1.75342 0.03865 0.27982 -0.00667 1.85623e-02 2.14961e-03 -4.6286519447e-01 -4.4215332064e-01
38.000 -0.00000 -0.00000 -0.00000 -0.00000 0.00000 0.00000 -1.7257e-02 4.8553e-01 -7.6348e-02 -3.9834e-05 7.6441e-02 7.9002e-06 1.79923 0.20296 1.75375 0.06223 0.27542 -0.01042 1.85579e-02 2.19044e-03 -4.6290230912e-01 -4.4215396484e-01
40.005 0.00000 -0.00000 0.00000 -0.00000 0.00000 0.00000 -2.3678e-02 4.8553e-01 -7.4632e-02 -3.9834e-05 7.6441e-02 7.9002e-06 1.79703 0.20297 1.75586 0.08530 0.26920 -0.01469 1.85584e-02 2.19221e-03 -4.6290513236e-01 -4.4215450686e-01
42.005 -0.00000 0.00000 0.00000 -0.00000 0.00000 0.00000 -2.9916e-02 4.8554e-01 -7.2385e-02 -3.9834e-05 7.6441e-02 7.9002e-06 1.79401 0.20302 1.75935 0.10782 0.26121 -0.01766 1.85584e-02 2.17426e-03 -4.6288761288e-01 -4.4215494162e-01
44.005 -0.00000 -0.00000 -0.00000 -0.00000 0.00000 0.00000 -3.5947e-02 4.8561e-01 -6.9625e-02 -3.9834e-05 7.6441e-02 7.9002e-06 1.79186 0.20304 1.76270 0.12969 0.25127 -0.02001 1.85614e-02 2.13108e-03 -4.6284779903e-01 -4.4215528456e-01
46.005 -0.00000 0.00000 -0.00000 -0.00000 0.00000 0.00000 -4.1722e-02 4.8564e-01 -6.6361e-02 -3.9834e-05 7.6441e-02 7.9002e-06 1.78894 0.20306 1.76666 0.15050 0.23947 -0.02276 1.85633e-02 2.09380e-03 -4.6281263740e-01 -4.4215553044e-01
48.005 0.00000 -0.00000 0.00000 -0.00000 0.00000 0.00000 -4.7199e-02 4.8567e-01 -6.2620e-02 -3.9834e-05 7.6441e-02 7.9002e-06 1.78490 0.20309 1.77172 0.17025 0.22610 -0.02424 1.85641e-02 2.05762e-03 -4.6277746009e-01 -4.4215574289e-01
50.005 0.00000 0.00000 0.00000 -0.00000 0.00000 0.00000 -5.2338e-02 4.8568e-01 -5.8423e-02 -3.9834e-05 7.6441e-02 7.9002e-06 1.78129 0.20313 1.77586 0.18892 0.21099 -0.02453 1.85646e-02 2.03767e-03 -4.6275817517e-01 -4.4215592713e-01
52.005 0.00000 -0.00000 0.00000 -0.00000 0.00000 0.00000 -5.7105e-02 4.8570e-01 -5.3807e-02 -3.9834e-05 7.6441e-02 7.9002e-06 1.77765 0.20314 1.77990 0.20614 0.19425 -0.02513 1.85649e-02 2.02405e-03 -4.6274501214e-01 -4.4215607194e-01
54.005 0.00000 -0.00000 -0.00000 -0.00000 0.00000 0.00000 -6.1457e-02 4.8569e-01 -4.8801e-02 -3.9834e-05 7.6441e-02 7.9002e-06 1.77281 0.20315 1.78462 0.22176 0.17621 -0.02470 1.85643e-02 2.02800e-03 -4.6274849810e-01 -4.4215620945e-01
56.005 -0.00000 0.00000 0.00000 -0.00000 0.00000 0.00000 -6.5374e-02 4.8569e-01 -4.3445e-02 -3.9834e-05 7.6441e-02 7.9002e-06 1.76872 0.20318 1.78846 0.23595 0.15693 -0.02280 1.85651e-02 2.03432e-03 -4.6275570097e-01 -4.4215631827e-01
58.005 -0.00000 -0.00000 -0.00000 -0.00000 0.00000 0.00000 -6.8820e-02 4.8567e-01 -3.7774e-02 -3.9834e-05 7.6441e-02 7.9002e-06 1.76526 0.20320 1.79146 0.24841 0.13636 -0.02114 1.85639e-02 2.05016e-03 -4.6277044071e-01 -4.4215640141e-01
60.005 -0.00000 0.00000 0.00000 -0.00000 0.00000 0.00000 -7.1769e-02 4.8565e-01 -3.1833e-02 -3.9834e-05 7.6441e-02 7.9002e-06 1.76119 0.20320 1.79509 0.25894 0.11488 -0.01895 1.85632e-02 2.06553e-03 -4.6278525385e-01 -4.4215647727e-01
62.005 0.00000 0.00000 0.00000 0.00000 0.00000 0.00000 -7.4208e-02 4.8562e-01 -2.5664e-02 -3.9834e-05 7.6441e-02 7.9002e-06 1.75788 0.20322 1.79788 0.26773 0.09270 -0.01526 1.85627e-02 2.08227e-03 -4.6280153471e-01 -4.4215653111e-01
64.005 0.00000 0.00000 -0.00000 0.00000 0.00000 0.00000 -7.6116e-02 4.8560e-01 -1.9310e-02 -3.9834e-05 7.6441e-02 7.9002e-06 1.75594 0.20324 1.79939 0.27469 0.06972 -0.01181 1.85613e-02 2.09708e-03 -4.6281496485e-01 -4.4215658625e-01
66.005 0.00000 0.00000 0.00000 0.00000 0.00000 0.00000 -7.7481e-02 4.8560e-01 -1.2819e-02 -3.9834e-05 7.6441e-02 7.9002e-06 1.75387 0.20324 1.80135 0.27954 0.04622 -0.00845 1.85617e-02 2.10082e-03 -4.6281912732e-01 -4.4215663787e-01
68.005 -0.00000 -0.00000 0.00000 0.00000 0.00000 0.00000 -7.8295e-02 4.8561e-01 -6.2366e-03 -3.9834e-05 7.6441e-02 7.9002e-06 1.75252 0.20324 1.80278 0.28243 0.02255 -0.00385 1.85620e-02 2.09773e-03 -4.6281637221e-01 -4.4215667185e-01
70.005 -0.00000 -0.00000 0.00000 0.00000 0.00000 0.00000 -7.8551e-02 4.8562e-01 3.9088e-04 -3.9834e-05 7.6441e-02 7.9002e-06 1.75291 0.20326 1.80263 0.28346 -0.00135 0.00051 1.85621e-02 2.08897e-03 -4.6280779363e-01 -4.4215671327e-01
72.005 0.00000 0.00000 -0.00000 0.00000 0.00000 0.00000 -7.8242e-02 4.8562e-01 7.0179e-03 -3.9834e-05 7.6441e-02 7.9002e-06 1.75330 0.20327 1.80242 0.28235 -0.02537 0.00413 1.85627e-02 2.08235e-03 -4.6280179943e-01 -4.4215674494e-01
74.005 0.00000 0.00000 -0.00000 0.00000 0.00000 0.00000 -7.7372e-02 4.8562e-01 1.3594e-02 -3.9834e-05 7.6441e-02 7.9002e-06 1.75397 0.20326 1.80192 0.27913 -0.04906 0.00855 1.85622e-02 2.07715e-03 -4.6279609725e-01 -4.4215676751e-01
76.005 -0.00000 0.00000 0.00000 0.00000 0.00000 0.00000 -7.5951e-02 4.8562e-01 2.0072e-02 -3.9834e-05 7.6441e-02 7.9002e-06 1.75630 0.20327 1.79970 0.27408 -0.07238 0.01275 1.85624e-02 2.07266e-03 -4.6279187422e-01 -4.4215679828e-01
78.005 0.00000 0.00000 -0.00000 0.00000 0.00000 0.00000 -7.3988e-02 4.8563e-01 2.6410e-02 -3.9834e-05 7.6441e-02 7.9002e-06 1.75891 0.20327 1.79727 0.26704 -0.09534 0.01565 1.85632e-02 2.06606e-03 -4.6278608963e-01 -4.4215681767e-01
80.005 0.00000 -0.00000 0.00000 0.00000 0.00000 0.00000 -7.1494e-02 4.8565e-01 3.2558e-02 -3.9834e-05 7.6441e-02 7.9002e-06 1.76134 0.20325 1.79498 0.25795 -0.11755 0.01881 1.85632e-02 2.06243e-03 -4.6278245787e-01 -4.4215683966e-01
82.005 0.00000 0.00000 0.00000 0.00000 0.00000 0.00000 -6.8487e-02 4.8564e-01 3.8469e-02 -3.9834e-05 7.6441e-02 7.9002e-06 1.76510 0.20324 1.79122 0.24711 -0.13879 0.02181 1.85634e-02 2.06239e-03 -4.6278260856e-01 -4.4215686388e-01
84.005 0.00000 0.00000 -0.00000 0.00000 0.00000 0.00000 -6.4990e-02 4.8564e-01 4.4107e-02 -3.9834e-05 7.6441e-02 7.9002e-06 1.76918 0.20325 1.78704 0.23457 -0.15918 0.02319 1.85632e-02 2.06537e-03 -4.6278540928e-01 -4.4215687669e-01
86.005 0.00000 0.00000 0.00000 0.00000 0.00000 0.00000 -6.1026e-02 4.8562e-01 4.9426e-02 -3.9834e-05 7.6441e-02 7.9002e-06 1.77254 0.20324 1.78349 0.22019 -0.17845 0.02430 1.85621e-02 2.07285e-03 -4.6279186507e-01 -4.4215689834e-01
88.005 0.00000 0.00000 -0.00000 0.00000 0.00000 0.00000 -5.6629e-02 4.8563e-01 5.4392e-02 -3.9834e-05 7.6441e-02 7.9002e-06 1.77685 0.20321 1.77912 0.20427 -0.19629 0.02541 1.85627e-02 2.07546e-03 -4.6279503200e-01 -4.4215691521e-01
90.005 -0.00000 -0.00000 0.00000 0.00000 -0.00000 0.00000 -5.1827e-02 4.8563e-01 5.8968e-02 -3.9834e-05 7.6441e-02 7.9002e-06 1.78152 0.20320 1.77433 0.18703 -0.21278 0.02486 1.85622e-02 2.07987e-03 -4.6279901583e-01 -4.4215692654e-01
92.005 0.00000 0.00000 0.00000 0.00000 -0.00000 0.00000 -4.6657e-02 4.8564e-01 6.3124e-02 -3.9834e-05 7.6441e-02 7.9002e-06 1.78518 0.20320 1.77075 0.16835 -0.22788 0.02364 1.85626e-02 2.07767e-03 -4.6279725880e-01 -4.4215694683e-01
94.005 -0.00000 0.00000 0.00000 0.00000 -0.00000 0.00000 -4.1150e-02 4.8564e-01 6.6824e-02 -3.9834e-05 7.6441e-02 7.9002e-06 1.78901 0.20316 1.76692 0.14839 -0.24119 0.02265 1.85628e-02 2.07800e-03 -4.6279776331e-01 -4.4215695849e-01
96.005 -0.00000 0.00000 0.00000 0.00000 -0.00000 0.00000 -3.5352e-02 4.8564e-01 7.0045e-02 -3.9834e-05 7.6441e-02 7.9002e-06 1.79324 0.20314 1.76277 0.12753 -0.25276 0.02028 1.85623e-02 2.07686e-03 -4.6279615830e-01 -4.4215697152e-01
98.005 -0.00000 -0.00000 0.00000 0.00000 -0.00000 0.00000 -2.9302e-02 4.8563e-01 7.2764e-02 -3.9834e-05 7.6441e-02 7.9002e-06 1.79601 0.20314 1.75993 0.10574 -0.26265 0.01698 1.85622e-02 2.07907e-03 -4.6279825242e-01 -4.4215698826e-01
100.005 -0.00000 -0.00000 -0.00000 0.00000 -0.00000 0.00000 -2.3042e-02 4.8564e-01 7.4962e-02 -3.9834e-05 7.6441e-02 7.9002e-06 1.79839 0.20311 1.75761 0.08305 -0.27061 0.01421 1.85624e-02 2.07772e-03 -4.6279706232e-01 -4.4215699676e-01
102.005 0.00000 -0.00000 0.00000 0.00000 -0.00000 0.00000 -1.6620e-02 4.8565e-01 7.6622e-02 -3.9834e-05 7.6441e-02 7.9002e-06 1.80110 0.20307 1.75499 0.05989 -0.27651 0.01059 1.85623e-02 2.07636e-03 -4.6279566959e-01 -4.4215701161e-01
104.005 0.00000 0.00000 -0.00000 0.00000 -0.00000 0.00000 -1.0082e-02 4.8566e-01 7.7735e-02 -3.9834e-05 7.6441e-02 7.9002e-06 1.80242 0.20306 1.75381 0.03637 -0.28057 0.00602 1.85631e-02 2.07147e-03 -4.6279155976e-01 -4.4215702394e-01
106.005 0.00000 -0.00000 -0.00000 0.00000 -0.00000 0.00000 -3.4705e-03 4.8567e-01 7.8289e-02 -3.9834e-05 7.6441e-02 7.9002e-06 1.80269 0.20304 1.75361 0.01244 -0.28265 0.00223 1.85630e-02 2.06990e-03 -4.6278988802e-01 -4.4215703204e-01
108.005 0.00000 0.00000 -0.00000 0.00000 -0.00000 0.00000 3.1637e-03 4.8566e-01 7.8278e-02 -3.9834e-05 7.6441e-02 7.9002e-06 1.80322 0.20301 1.75307 -0.01155 -0.28253 -0.00171 1.85625e-02 2.07141e-03 -4.6279100221e-01 -4.4215704702e-01
110.005 -0.00000 0.00000 -0.00000 0.00000 -0.00000 0.00000 9.7713e-03 4.8566e-01 7.7707e-02 -3.9834e-05 7.6441e-02 7.9002e-06 1.80256 0.20298 1.75371 -0.03531 -0.28045 -0.00648 1.85626e-02 2.07328e-03 -4.6279294837e-01 -4.4215705557e-01
112.005 -0.00000 0.00000 0.00000 0.00000 -0.00000 0.00000 1.6309e-02 4.8566e-01 7.6579e-02 -3.9834e-05 7.6441e-02 7.9002e-06 1.80054 0.20297 1.75566 -0.05892 -0.27647 -0.01029 1.85622e-02 2.07595e-03 -4.6279517546e-01 -4.4215706503e-01
114.005 -0.00000 0.00000 -0.00000 0.00000 -0.00000 0.00000 2.2728e-02 4.8567e-01 7.4904e-02 -3.9834e-05 7.6441e-02 7.9002e-06 1.79892 0.20294 1.75737 -0.08218 -0.27038 -0.01351 1.85627e-02 2.07409e-03 -4.6279387071e-01 -4.4215707791e-01
116.005 -0.00000 -0.00000 0.00000 0.00000 -0.00000 0.00000 2.8981e-02 4.8568e-01 7.2690e-02 -3.9834e-05 7.6441e-02 7.9002e-06 1.79657 0.20290 1.75976 -0.10469 -0.26232 -0.01734 1.85629e-02 2.07366e-03 -4.6279362963e-01 -4.4215708429e-01
118.005 -0.00000 -0.00000 -0.00000 0.00000 -0.00000 0.00000 3.5024e-02 4.8568e-01 6.9955e-02 -3.9834e-05 7.6441e-02 7.9002e-06 1.79282 0.20288 1.76355 -0.12646 -0.25254 -0.02019 1.85627e-02 2.07297e-03 -4.6279272286e-01 -4.4215709532e-01
120.005 0.00000 -0.00000 0.00000 0.00000 -0.00000 0.00000 4.0815e-02 4.8568e-01 6.6717e-02 -3.9834e-05 7.6441e-02 7.9002e-06 1.78939 0.20287 1.76692 -0.14746 -0.24087 -0.02183 1.85626e-02 2.07514e-03 -4.6279484401e-01 -4.4215710504e-01
122.005 0.00000 -0.00000 -0.00000 0.00000 -0.00000 0.00000 4.6310e-02 4.8568e-01 6.3000e-02 -3.9834e-05 7.6441e-02 7.9002e-06 1.78594 0.20283 1.77038 -0.16728 -0.22736 -0.02382 1.85623e-02 2.07648e-03 -4.6279587936e-01 -4.4215711111e-01
124.005 -0.00000 0.00000 0.00000 0.00000 -0.00000 0.00000 5.1470e-02 4.8568e-01 5.8833e-02 -3.9834e-05 7.6441e-02 7.9002e-06 1.78127 0.20280 1.77505 -0.18583 -0.21236 -0.02498 1.85623e-02 2.07740e-03 -4.6279677527e-01 -4.4215712261e-01
126.005 0.00000 0.00000 0.00000 0.00000 -0.00000 0.00000 5.6262e-02 4.8569e-01 5.4246e-02 -3.9834e-05 7.6441e-02 7.9002e-06 1.77706 0.20280 1.77933 -0.20319 -0.19587 -0.02457 1.85627e-02 2.07515e-03 -4.6279500618e-01 -4.4215712944e-01
128.005 0.00000 0.00000 0.00000 0.00000 -0.00000 0.00000 6.0648e-02 4.8570e-01 4.9267e-02 -3.9834e-05 7.6441e-02 7.9002e-06 1.77348 0.20277 1.78299 -0.21907 -0.17781 -0.02425 1.85627e-02 2.07321e-03 -4.6279308826e-01 -4.4215713662e-01
130.005 -0.00000 -0.00000 0.00000 0.00000 -0.00000 0.00000 6.4594e-02 4.8570e-01 4.3935e-02 -3.9834e-05 7.6441e-02 7.9002e-06 1.76906 0.20274 1.78746 -0.23323 -0.15855 -0.02348 1.85627e-02 2.07252e-03 -4.6279239007e-01 -4.4215714711e-01
132.005 0.00000 0.00000 0.00000 0.00000 -0.00000 0.00000 6.8075e-02 4.8570e-01 3.8289e-02 -3.9834e-05 7.6441e-02 7.9002e-06 1.76503 0.20273 1.79148 -0.24581 -0.13826 -0.02104 1.85627e-02 2.07313e-03 -4.6279294488e-01 -4.4215715223e-01
134.005 0.00000 0.00000 0.00000 0.00000 -0.00000 0.00000 7.1067e-02 4.8569e-01 3.2367e-02 -3.9834e-05 7.6441e-02 7.9002e-06 1.76221 0.20273 1.79423 -0.25669 -0.11684 -0.01853 1.85621e-02 2.07599e-03 -4.6279530100e-01 -4.4215716088e-01
136.005 0.00000 -0.00000 -0.00000 0.00000 -0.00000 0.00000 7.3547e-02 4.8570e-01 2.6214e-02 -3.9834e-05 7.6441e-02 7.9002e-06 1.75908 0.20270 1.79741 -0.26558 -0.09456 -0.01606 1.85626e-02 2.07518e-03 -4.6279490768e-01 -4.4215716936e-01
138.005 -0.00000 -0.00000 -0.00000 0.00000 -0.00000 0.00000 7.5497e-02 4.8571e-01 1.9874e-02 -3.9834e-05 7.6441e-02 7.9002e-06 1.75629 0.20268 1.80023 -0.27258 -0.07176 -0.01215 1.85626e-02 2.07470e-03 -4.6279449256e-01 -4.4215717433e-01
140.005 -0.00000 0.00000 -0.00000 0.00000 -0.00000 0.00000 7.6906e-02 4.8572e-01 1.3392e-02 -3.9834e-05 7.6441e-02 7.9002e-06 1.75513 0.20269 1.80146 -0.27776 -0.04837 -0.00808 1.85628e-02 2.07206e-03 -4.6279203128e-01 -4.4215718381e-01
142.005 -0.00000 0.00000 -0.00000 0.00000 -0.00000 0.00000 7.7757e-02 4.8571e-01 6.8120e-03 -3.9834e-05 7.6441e-02 7.9002e-06 1.75404 0.20268 1.80253 -0.28082 -0.02452 -0.00462 1.85628e-02 2.07276e-03 -4.6279272969e-01 -4.4215719013e-01
144.005 0.00000 -0.00000 0.00000 0.00000 -0.00000 0.00000 7.8048e-02 4.8571e-01 1.8526e-04 -3.9834e-05 7.6441e-02 7.9002e-06 1.75310 0.20266 1.80346 -0.28179 -0.00064 -0.00018 1.85624e-02 2.07411e-03 -4.6279367644e-01 -4.4215719610e-01
146.005 0.00000 -0.00000 0.00000 0.00000 -0.00000 0.00000 7.7778e-02 4.8570e-01 -6.4421e-03 -3.9834e-05 7.6441e-02 7.9002e-06 1.75384 0.20267 1.80264 -0.28088 0.02321 0.00444 1.85622e-02 2.07658e-03 -4.6279602043e-01 -4.4215720526e-01
148.005 0.00000 -0.00000 -0.00000 0.00000 -0.00000 0.00000 7.6950e-02 4.8571e-01 -1.3025e-02 -3.9834e-05 7.6441e-02 7.9002e-06 1.75511 0.20267 1.80138 -0.27793 0.04706 0.00796 1.85625e-02 2.07598e-03 -4.6279566514e-01 -4.4215721014e-01
150.005 -0.00000 0.00000 -0.00000 0.00000 -0.00000 0.00000 7.5567e-02 4.8571e-01 -1.9513e-02 -3.9834e-05 7.6441e-02 7.9002e-06 1.75625 0.20266 1.80029 -0.27284 0.07050 0.01182 1.85626e-02 2.07467e-03 -4.6279445723e-01 -4.4215721753e-01
152.005 0.00000 0.00000 0.00000 0.00000 -0.00000 0.00000 7.3640e-02 4.8572e-01 -2.5859e-02 -3.9834e-05 7.6441e-02 7.9002e-06 1.75887 0.20266 1.79772 -0.26590 0.09332 0.01588 1.85628e-02 2.07270e-03 -4.6279275777e-01 -4.4215722531e-01
154.005 0.00000 -0.00000 -0.00000 0.00000 -0.00000 0.00000 7.1183e-02 4.8571e-01 -3.2021e-02 -3.9834e-05 7.6441e-02 7.9002e-06 1.76217 0.20268 1.79440 -0.25712 0.11561 0.01848 1.85627e-02 2.07264e-03 -4.6279255078e-01 -4.4215722990e-01
156.005 -0.00000 0.00000 0.00000 0.00000 -0.00000 0.00000 6.8210e-02 4.8570e-01 -3.7952e-02 -3.9834e-05 7.6441e-02 7.9002e-06 1.76495 0.20269 1.79157 -0.24632 0.13709 0.02080 1.85622e-02 2.07482e-03 -4.6279430186e-01 -4.4215723817e-01
158.005 -0.00000 0.00000 -0.00000 0.00000 -0.00000 0.00000 6.4747e-02 4.8570e-01 -4.3610e-02 -3.9834e-05 7.6441e-02 7.9002e-06 1.76873 0.20268 1.78777 -0.23377 0.15743 0.02332 1.85624e-02 2.07553e-03 -4.6279516624e-01 -4.4215724413e-01
160.005 -0.00000 0.00000 -0.00000 0.00000 -0.00000 0.00000 6.0820e-02 4.8570e-01 -4.8955e-02 -3.9834e-05 7.6441e-02 7.9002e-06 1.77328 0.20270 1.78318 -0.21968 0.17670 0.02430 1.85623e-02 2.07619e-03 -4.6279574538e-01 -4.4215724948e-01
162.005 0.00000 -0.00000 -0.00000 0.00000 -0.00000 0.00000 5.6454e-02 4.8571e-01 -5.3951e-02 -3.9834e-05 7.6441e-02 7.9002e-06 1.77702 0.20272 1.77948 -0.20391 0.19483 0.02446 1.85627e-02 2.07367e-03 -4.6279362625e-01 -4.4215725755e-01
164.005 -0.00000 0.00000 0.00000 0.00000 -0.00000 0.00000 5.1679e-02 4.8571e-01 -5.8556e-02 -3.9834e-05 7.6441e-02 7.9002e-06 1.78106 0.20272 1.77547 -0.18659 0.21142 0.02488 1.85628e-02 2.07277e-03 -4.6279284625e-01 -4.4215726216e-01
166.005 0.00000 -0.00000 0.00000 0.00000 -0.00000 0.00000 4.6533e-02 4.8570e-01 -6.2740e-02 -3.9834e-05 7.6441e-02 7.9002e-06 1.78579 0.20274 1.77074 -0.16808 0.22645 0.02396 1.85626e-02 2.07256e-03 -4.6279238324e-01 -4.4215726857e-01
168.005 0.00000 -0.00000 -0.00000 0.00000 -0.00000 0.00000 4.1050e-02 4.8569e-01 -6.6474e-02 -3.9834e-05 7.6441e-02 7.9002e-06 1.78938 0.20277 1.76705 -0.14833 0.24002 0.02187 1.85624e-02 2.07472e-03 -4.6279436979e-01 -4.4215727540e-01
170.005 -0.00000 -0.00000 0.00000 0.00000 -0.00000 0.00000 3.5270e-02 4.8569e-01 -6.9731e-02 -3.9834e-05 7.6441e-02 7.9002e-06 1.79257 0.20279 1.76381 -0.12736 0.25179 0.02015 1.85623e-02 2.07578e-03 -4.6279532732e-01 -4.4215727956e-01
172.005 0.00000 -0.00000 0.00000 0.00000 -0.00000 0.00000 2.9237e-02 4.8569e-01 -7.2487e-02 -3.9834e-05 7.6441e-02 7.9002e-06 1.79633 0.20279 1.76004 -0.10560 0.26164 0.01755 1.85623e-02 2.07588e-03 -4.6279550099e-01 -4.4215728661e-01
174.005 -0.00000 -0.00000 0.00000 0.00000 -0.00000 0.00000 2.2993e-02 4.8569e-01 -7.4724e-02 -3.9834e-05 7.6441e-02 7.9002e-06 1.79895 0.20282 1.75745 -0.08314 0.26975 0.01368 1.85627e-02 2.07385e-03 -4.6279387065e-01 -4.4215729184e-01
176.005 -0.00000 0.00000 -0.00000 0.00000 -0.00000 0.00000 1.6580e-02 4.8569e-01 -7.6425e-02 -3.9834e-05 7.6441e-02 7.9002e-06 1.80050 0.20285 1.75590 -0.05992 0.27596 0.01030 1.85627e-02 2.07262e-03 -4.6279265791e-01 -4.4215729640e-01
178.005 0.00000 -0.00000 0.00000 0.00000 -0.00000 0.00000 1.0046e-02 4.8568e-01 -7.7573e-02 -3.9834e-05 7.6441e-02 7.9002e-06 1.80240 0.20286 1.75398 -0.03629 0.28002 0.00671 1.85625e-02 2.07325e-03 -4.6279309801e-01 -4.4215730318e-01
180.005 0.00000 0.00000 -0.00000 0.00000 -0.00000 0.00000 3.4400e-03 4.8568e-01 -7.8165e-02 -3.9834e-05 7.6441e-02 7.9002e-06 1.80327 0.20289 1.75305 -0.01254 0.28214 0.00196 1.85624e-02 2.07445e-03 -4.6279420152e-01 -4.4215730712e-01
182.005 0.00000 -0.00000 0.00000 0.00000 -0.00000 0.00000 -3.1937e-03 4.8567e-01 -7.8197e-02 -3.9834e-05 7.6441e-02 7.9002e-06 1.80264 0.20293 1.75359 0.01142 0.28235 -0.00218 1.85622e-02 2.07623e-03 -4.6279571817e-01 -4.4215731238e-01
184.005 -0.00000 -0.00000 -0.00000 0.00000 -0.00000 0.00000 -9.8074e-03 4.8567e-01 -7.7668e-02 -3.9834e-05 7.6441e-02 7.9002e-06 1.80228 0.20295 1.75396 0.03538 0.28039 -0.00582 1.85625e-02 2.07498e-03 -4.6279480945e-01 -4.4215731812e-01
186.005 -0.00000 0.00000 -0.00000 0.00000 -0.00000 0.00000 -1.6351e-02 4.8567e-01 -7.6580e-02 -3.9834e-05 7.6441e-02 7.9002e-06 1.80127 0.20296 1.75499 0.05893 0.27639 -0.01031 1.85627e-02 2.07392e-03 -4.6279390540e-01 -4.4215732157e-01
188.005 0.00000 0.00000 -0.00000 0.00000 -0.00000 0.00000 -2.2779e-02 4.8567e-01 -7.4944e-02 -3.9834e-05 7.6441e-02 7.9002e-06 1.79865 0.20299 1.75762 0.08209 0.27057 -0.01416 1.85627e-02 2.07244e-03 -4.6279247325e-01 -4.4215732725e-01
190.005 0.00000 -0.00000 0.00000 0.00000 -0.00000 0.00000 -2.9046e-02 4.8566e-01 -7.2767e-02 -3.9834e-05 7.6441e-02 7.9002e-06 1.79608 0.20303 1.76012 0.10481 0.26273 -0.01687 1.85626e-02 2.07342e-03 -4.6279336644e-01 -4.4215733167e-01
192.005 0.00000 -0.00000 -0.00000 0.00000 -0.00000 0.00000 -3.5106e-02 4.8565e-01 -7.0066e-02 -3.9834e-05 7.6441e-02 7.9002e-06 1.79343 0.20304 1.76273 0.12667 0.25288 -0.02001 1.85623e-02 2.07470e-03 -4.6279438549e-01 -4.4215733530e-01
194.005 -0.00000 -0.00000 0.00000 0.00000 -0.00000 0.00000 -4.0914e-02 4.8565e-01 -6.6865e-02 -3.9834e-05 7.6441e-02 7.9002e-06 1.78932 0.20306 1.76679 0.14755 0.24137 -0.02261 1.85623e-02 2.07586e-03 -4.6279550578e-01 -4.4215734082e-01
196.005 0.00000 -0.00000 0.00000 0.00000 -0.00000 0.00000 -4.6434e-02 4.8565e-01 -6.3184e-02 -3.9834e-05 7.6441e-02 7.9002e-06 1.78527 0.20310 1.77082 0.16754 0.22815 -0.02363 1.85625e-02 2.07489e-03 -4.6279476521e-01 -4.4215734421e-01
198.005 0.00000 -0.00000 -0.00000 0.00000 -0.00000 0.00000 -5.1622e-02 4.8565e-01 -5.9048e-02 -3.9834e-05 7.6441e-02 7.9002e-06 1.78175 0.20311 1.77436 0.18631 0.21313 -0.02467 1.85627e-02 2.07348e-03 -4.6279348405e-01 -4.4215734838e-01
200.005 -0.00000 0.00000 0.00000 0.00000 -0.00000 0.00000 -5.6438e-02 4.8565e-01 -5.4488e-02 -3.9834e-05 7.6441e-02 7.9002e-06 1.77719 0.20312 1.77893 0.20360 0.19665 -0.02540 1.85627e-02 2.07276e-03 -4.6279281448e-01 -4.4215735322e-01
202.005 -0.00000 0.00000 -0.00000 0.00000 -0.00000 0.00000 -6.0853e-02 4.8564e-01 -4.9537e-02 -3.9834e-05 7.6441e-02 7.9002e-06 1.77263 0.20316 1.78345 0.21955 0.17888 -0.02440 1.85626e-02 2.07333e-03 -4.6279327034e-01 -4.4215735615e-01
204.005 0.00000 -0.00000 0.00000 0.00000 -0.00000 0.00000 -6.4833e-02 4.8563e-01 -4.4228e-02 -3.9834e-05 7.6441e-02 7.9002e-06 1.76913 0.20318 1.78687 0.23400 0.15967 -0.02309 1.85623e-02 2.07531e-03 -4.6279495024e-01 -4.4215736076e-01
206.005 0.00000 0.00000 0.00000 0.00000 -0.00000 0.00000 -6.8349e-02 4.8563e-01 -3.8603e-02 -3.9834e-05 7.6441e-02 7.9002e-06 1.76519 0.20319 1.79080 0.24662 0.13929 -0.02182 1.85624e-02 2.07540e-03 -4.6279519488e-01 -4.4215736470e-01
208.005 0.00000 -0.00000 0.00000 0.00000 -0.00000 0.00000 -7.1376e-02 4.8564e-01 -3.2701e-02 -3.9834e-05 7.6441e-02 7.9002e-06 1.76125 0.20320 1.79473 0.25750 0.11808 -0.01899 1.85625e-02 2.07501e-03 -4.6279487075e-01 -4.4215736779e-01
210.005 -0.00000 0.00000 0.00000 0.00000 -0.00000 0.00000 -7.3895e-02 4.8564e-01 -2.6564e-02 -3.9834e-05 7.6441e-02 7.9002e-06 1.75881 0.20323 1.79720 0.26668 0.09594 -0.01565 1.85627e-02 2.07301e-03 -4.6279308121e-01 -4.4215737249e-01
212.005 -0.00000 -0.00000 -0.00000 0.00000 -0.00000 0.00000 -7.5883e-02 4.8564e-01 -2.0234e-02 -3.9834e-05 7.6441e-02 7.9002e-06 1.75649 0.20324 1.79952 0.27385 0.07300 -0.01277 1.85627e-02 2.07285e-03 -4.6279291529e-01 -4.4215737567e-01
214.005 -0.00000 0.00000 -0.00000 0.00000 -0.00000 0.00000 -7.7327e-02 4.8563e-01 -1.3760e-02 -3.9834e-05 7.6441e-02 7.9002e-06 1.75409 0.20323 1.80190 0.27897 0.04967 -0.00879 1.85625e-02 2.07357e-03 -4.6279340000e-01 -4.4215737924e-01
216.005 -0.00000 -0.00000 -0.00000 0.00000 -0.00000 0.00000 -7.8220e-02 4.8562e-01 -7.1874e-03 -3.9834e-05 7.6441e-02 7.9002e-06 1.75329 0.20326 1.80263 0.28226 0.02602 -0.00421 1.85623e-02 2.07533e-03 -4.6279504037e-01 -4.4215738361e-01
218.005 0.00000 0.00000 0.00000 0.00000 -0.00000 0.00000 -7.8554e-02 4.8562e-01 -5.6093e-04 -3.9834e-05 7.6441e-02 7.9002e-06 1.75317 0.20327 1.80273 0.28351 0.00201 -0.00052 1.85624e-02 2.07552e-03 -4.6279529666e-01 -4.4215738643e-01
220.005 0.00000 0.00000 0.00000 0.00000 -0.00000 0.00000 -7.8324e-02 4.8563e-01 6.0691e-03 -3.9834e-05 7.6441e-02 7.9002e-06 1.75288 0.20326 1.80306 0.28258 -0.02193 0.00363 1.85625e-02 2.07463e-03 -4.6279454647e-01 -4.4215739054e-01
222.005 -0.00000 -0.00000 0.00000 0.00000 -0.00000 0.00000 -7.7536e-02 4.8563e-01 1.2655e-02 -3.9834e-05 7.6441e-02 7.9002e-06 1.75406 0.20326 1.80192 0.27975 -0.04561 0.00833 1.85627e-02 2.07306e-03 -4.6279317189e-01 -4.4215739430e-01
224.005 -0.00000 -0.00000 0.00000 0.00000 -0.00000 0.00000 -7.6193e-02 4.8563e-01 1.9151e-02 -3.9834e-05 7.6441e-02 7.9002e-06 1.75622 0.20327 1.79976 0.27499 -0.06910 0.01185 1.85626e-02 2.07267e-03 -4.6279270338e-01 -4.4215739723e-01
226.005 -0.00000 0.00000 0.00000 0.00000 -0.00000 0.00000 -7.4302e-02 4.8563e-01 2.5511e-02 -3.9834e-05 7.6441e-02 7.9002e-06 1.75799 0.20327 1.79796 0.26810 -0.09212 0.01510 1.85624e-02 2.07401e-03 -4.6279379161e-01 -4.4215740155e-01
228.005 -0.00000 0.00000 0.00000 0.00000 -0.00000 0.00000 -7.1880e-02 4.8562e-01 3.1686e-02 -3.9834e-05 7.6441e-02 7.9002e-06 1.76080 0.20325 1.79514 0.25932 -0.11433 0.01882 1.85623e-02 2.07509e-03 -4.6279484231e-01 -4.4215740469e-01
230.005 -0.00000 0.00000 0.00000 0.00000 -0.00000 0.00000 -6.8947e-02 4.8562e-01 3.7635e-02 -3.9834e-05 7.6441e-02 7.9002e-06 1.76473 0.20326 1.79118 0.24882 -0.13578 0.02123 1.85623e-02 2.07579e-03 -4.6279550259e-01 -4.4215740804e-01
232.005 0.00000 -0.00000 0.00000 0.00000 -0.00000 0.00000 -6.5520e-02 4.8563e-01 4.3316e-02 -3.9834e-05 7.6441e-02 7.9002e-06 1.76811 0.20325 1.78785 0.23644 -0.15638 0.02274 1.85626e-02 2.07425e-03 -4.6279424194e-01 -4.4215741215e-01
234.005 -0.00000 0.00000 0.00000 0.00000 -0.00000 0.00000 -6.1623e-02 4.8564e-01 4.8685e-02 -3.9834e-05 7.6441e-02 7.9002e-06 1.77189 0.20323 1.78413 0.22229 -0.17572 0.02460 1.85627e-02 2.07317e-03 -4.6279328375e-01 -4.4215741494e-01
236.005 0.00000 0.00000 0.00000 0.00000 -0.00000 0.00000 -5.7288e-02 4.8564e-01 5.3704e-02 -3.9834e-05 7.6441e-02 7.9002e-06 1.77670 0.20322 1.77934 0.20671 -0.19377 0.02527 1.85626e-02 2.07271e-03 -4.6279271321e-01 -4.4215741871e-01
238.005 0.00000 0.00000 -0.00000 0.00000 -0.00000 0.00000 -5.2541e-02 4.8563e-01 5.8339e-02 -3.9834e-05 7.6441e-02 7.9002e-06 1.78072 0.20322 1.77528 0.18962 -0.21059 0.02460 1.85624e-02 2.07405e-03 -4.6279389172e-01 -4.4215742226e-01
240.005 0.00000 -0.00000 -0.00000 0.00000 -0.00000 0.00000 -4.7419e-02 4.8563e-01 6.2555e-02 -3.9834e-05 7.6441e-02 7.9002e-06 1.78442 0.20319 1.77157 0.17104 -0.22582 0.02419 1.85623e-02 2.07522e-03 -4.6279491462e-01 -4.4215742503e-01
242.005 0.00000 -0.00000 0.00000 0.00000 -0.00000 0.00000 -4.1959e-02 4.8564e-01 6.6322e-02 -3.9834e-05 7.6441e-02 7.9002e-06 1.78894 0.20316 1.76707 0.15135 -0.23932 0.02296 1.85623e-02 2.07551e-03 -4.6279527347e-01 -4.4215742894e-01
244.005 0.00000 -0.00000 -0.00000 0.00000 -0.00000 0.00000 -3.6202e-02 4.8564e-01 6.9616e-02 -3.9834e-05 7.6441e-02 7.9002e-06 1.79264 0.20316 1.76341 0.13065 -0.25126 0.02022 1.85626e-02 2.07425e-03 -4.6279426632e-01 -4.4215743186e-01
246.005 0.00000 -0.00000 0.00000 0.00000 -0.00000 0.00000 -3.0184e-02 4.8565e-01 7.2410e-02 -3.9834e-05 7.6441e-02 7.9002e-06 1.79534 0.20314 1.76076 0.10886 -0.26141 0.01770 1.85627e-02 2.07300e-03 -4.6279311014e-01 -4.4215743487e-01
248.005 -0.00000 0.00000 0.00000 0.00000 -0.00000 0.00000 -2.3952e-02 4.8565e-01 7.4682e-02 -3.9834e-05 7.6441e-02 7.9002e-06 1.79850 0.20310 1.75764 0.08632 -0.26953 0.01491 1.85626e-02 2.07303e-03 -4.6279305156e-01 -4.4215743851e-01
250.005 -0.00000 -0.00000 0.00000 0.00000 -0.00000 0.00000 -1.7551e-02 4.8565e-01 7.6419e-02 -3.9834e-05 7.6441e-02 7.9002e-06 1.80090 0.20308 1.75523 0.06331 -0.27579 0.01071 1.85624e-02 2.07394e-03 -4.6279382385e-01 -4.4215744099e-01
252.005 -0.00000 -0.00000 0.00000 0.00000 -0.00000 0.00000 -1.1024e-02 4.8565e-01 7.7610e-02 -3.9834e-05 7.6441e-02 7.9002e-06 1.80178 0.20308 1.75432 0.03974 -0.28018 0.00674 1.85622e-02 2.07542e-03 -4.6279511048e-01 -4.4215744422e-01
254.005 -0.00000 -0.00000 0.00000 0.00000 -0.00000 0.00000 -4.4200e-03 4.8566e-01 7.8243e-02 -3.9834e-05 7.6441e-02 7.9002e-06 1.80284 0.20304 1.75330 0.01582 -0.28243 0.00316 1.85624e-02 2.07506e-03 -4.6279491498e-01 -4.4215744729e-01
256.005 0.00000 -0.00000 -0.00000 0.00000 -0.00000 0.00000 2.2125e-03 4.8566e-01 7.8315e-02 -3.9834e-05 7.6441e-02 7.9002e-06 1.80341 0.20300 1.75279 -0.00806 -0.28262 -0.00149 1.85625e-02 2.07425e-03 -4.6279424551e-01 -4.4215744965e-01
258.005 0.00000 0.00000 0.00000 0.00000 -0.00000 0.00000 8.8277e-03 4.8567e-01 7.7827e-02 -3.9834e-05 7.6441e-02 7.9002e-06 1.80226 0.20299 1.75399 -0.03189 -0.28095 -0.00591 1.85627e-02 2.07291e-03 -4.6279302449e-01 -4.4215745289e-01
260.005 -0.00000 -0.00000 -0.00000 0.00000 -0.00000 0.00000 1.5379e-02 4.8567e-01 7.6779e-02 -3.9834e-05 7.6441e-02 7.9002e-06 1.80096 0.20297 1.75530 -0.05564 -0.27718 -0.00932 1.85626e-02 2.07321e-03 -4.6279326735e-01 -4.4215745538e-01
262.005 0.00000 0.00000 0.00000 0.00000 -0.00000 0.00000 2.1817e-02 4.8567e-01 7.5178e-02 -3.9834e-05 7.6441e-02 7.9002e-06 1.79957 0.20293 1.75671 -0.07886 -0.27131 -0.01330 1.85624e-02 2.07417e-03 -4.6279402639e-01 -4.4215745781e-01
264.005 0.00000 -0.00000 0.00000 0.00000 -0.00000 0.00000 2.8096e-02 4.8567e-01 7.3040e-02 -3.9834e-05 7.6441e-02 7.9002e-06 1.79656 0.20291 1.75971 -0.10144 -0.26364 -0.01708 1.85623e-02 2.07526e-03 -4.6279504444e-01 -4.4215746078e-01
266.005 -0.00000 0.00000 -0.00000 0.00000 -0.00000 0.00000 3.4173e-02 4.8568e-01 7.0380e-02 -3.9834e-05 7.6441e-02 7.9002e-06 1.79325 0.20290 1.76304 -0.12345 -0.25410 -0.01939 1.85624e-02 2.07495e-03 -4.6279483897e-01 -4.4215746287e-01
268.005 0.00000 0.00000 0.00000 0.00000 -0.00000 0.00000 4.0004e-02 4.8569e-01 6.7213e-02 -3.9834e-05 7.6441e-02 7.9002e-06 1.79036 0.20286 1.76600 -0.14454 -0.24259 -0.02171 1.85626e-02 2.07389e-03 -4.6279391914e-01 -4.4215746544e-01
270.005 -0.00000 -0.00000 0.00000 0.00000 -0.00000 0.00000 4.5543e-02 4.8569e-01 6.3565e-02 -3.9834e-05 7.6441e-02 7.9002e-06 1.78626 0.20283 1.77015 -0.16444 -0.22941 -0.02395 1.85627e-02 2.07303e-03 -4.6279314707e-01 -4.4215746800e-01
272.005 -0.00000 -0.00000 0.00000 0.00000 -0.00000 0.00000 5.0755e-02 4.8569e-01 5.9461e-02 -3.9834e-05 7.6441e-02 7.9002e-06 1.78175 0.20282 1.77467 -0.18328 -0.21469 -0.02450 1.85626e-02 2.07323e-03 -4.6279326570e-01 -4.4215746993e-01
274.005 0.00000 -0.00000 0.00000 0.00000 -0.00000 0.00000 5.5601e-02 4.8569e-01 5.4929e-02 -3.9834e-05 7.6441e-02 7.9002e-06 1.77810 0.20280 1.77829 -0.20086 -0.19829 -0.02458 1.85624e-02 2.07453e-03 -4.6279438497e-01 -4.4215747254e-01
276.005 -0.00000 -0.00000 0.00000 0.00000 -0.00000 0.00000 6.0045e-02 4.8569e-01 5.0004e-02 -3.9834e-05 7.6441e-02 7.9002e-06 1.77388 0.20277 1.78254 -0.21683 -0.18044 -0.02477 1.85624e-02 2.07506e-03 -4.6279492573e-01 -4.4215747468e-01
278.005 -0.00000 0.00000 0.00000 0.00000 -0.00000 0.00000 6.4056e-02 4.8570e-01 4.4722e-02 -3.9834e-05 7.6441e-02 7.9002e-06 1.76928 0.20275 1.78716 -0.23127 -0.16146 -0.02338 1.85624e-02 2.07492e-03 -4.6279483336e-01 -4.4215747670e-01
280.005 0.00000 -0.00000 0.00000 0.00000 -0.00000 0.00000 6.7609e-02 4.8570e-01 3.9119e-02 -3.9834e-05 7.6441e-02 7.9002e-06 1.76594 0.20275 1.79054 -0.24419 -0.14124 -0.02119 1.85626e-02 2.07355e-03 -4.6279363319e-01 -4.4215747922e-01
282.005 -0.00000 0.00000 0.00000 0.00000 -0.00000 0.00000 7.0672e-02 4.8571e-01 3.3233e-02 -3.9834e-05 7.6441e-02 7.9002e-06 1.76269 0.20272 1.79382 -0.25524 -0.11991 -0.01936 1.85626e-02 2.07304e-03 -4.6279315372e-01 -4.4215748109e-01
284.005 0.00000 -0.00000 -0.00000 0.00000 -0.00000 0.00000 7.3225e-02 4.8571e-01 2.7111e-02 -3.9834e-05 7.6441e-02 7.9002e-06 1.75909 0.20270 1.79744 -0.26437 -0.09785 -0.01635 1.85625e-02 2.07338e-03 -4.6279336747e-01 -4.4215748328e-01
286.005 0.00000 -0.00000 0.00000 0.00000 -0.00000 0.00000 7.5252e-02 4.8570e-01 2.0795e-02 -3.9834e-05 7.6441e-02 7.9002e-06 1.75690 0.20270 1.79960 -0.27176 -0.07512 -0.01238 1.85624e-02 2.07465e-03 -4.6279451396e-01 -4.4215748558e-01
288.005 0.00000 -0.00000 -0.00000 0.00000 -0.00000 0.00000 7.6737e-02 4.8570e-01 1.4329e-02 -3.9834e-05 7.6441e-02 7.9002e-06 1.75544 0.20270 1.80105 -0.27716 -0.05169 -0.00906 1.85624e-02 2.07519e-03 -4.6279504113e-01 -4.4215748739e-01
290.005 0.00000 -0.00000 0.00000 0.00000 -0.00000 0.00000 7.7669e-02 4.8571e-01 7.7608e-03 -3.9834e-05 7.6441e-02 7.9002e-06 1.75370 0.20267 1.80283 -0.28043 -0.02796 -0.00519 1.85625e-02 2.07468e-03 -4.6279465142e-01 -4.4215748974e-01
292.005 -0.00000 -0.00000 0.00000 0.00000 -0.00000 0.00000 7.8043e-02 4.8571e-01 1.1387e-03 -3.9834e-05 7.6441e-02 7.9002e-06 1.75330 0.20267 1.80326 -0.28180 -0.00415 -0.00040 1.85626e-02 2.07350e-03 -4.6279361434e-01 -4.4215749181e-01
294.005 -0.00000 0.00000 -0.00000 0.00000 -0.00000 0.00000 7.7856e-02 4.8571e-01 -5.4930e-03 -3.9834e-05 7.6441e-02 7.9002e-06 1.75408 0.20268 1.80249 -0.28121 0.01984 0.00352 1.85626e-02 2.07289e-03 -4.6279299529e-01 -4.4215749372e-01
296.005 0.00000 0.00000 -0.00000 0.00000 -0.00000 0.00000 7.7105e-02 4.8571e-01 -1.2085e-02 -3.9834e-05 7.6441e-02 7.9002e-06 1.75454 0.20267 1.80202 -0.27843 0.04370 0.00725 1.85625e-02 2.07362e-03 -4.6279357069e-01 -4.4215749611e-01
298.005 0.00000 0.00000 -0.00000 0.00000 -0.00000 0.00000 7.5799e-02 4.8571e-01 -1.8588e-02 -3.9834e-05 7.6441e-02 7.9002e-06 1.75599 0.20266 1.80055 -0.27367 0.06709 0.01172 1.85624e-02 2.07461e-03 -4.6279447274e-01 -4.4215749799e-01
300.005 0.00000 -0.00000 0.00000 0.00000 -0.00000 0.00000 7.3950e-02 4.8571e-01 -2.4958e-02 -3.9834e-05 7.6441e-02 7.9002e-06 1.75884 0.20267 1.79766 -0.26709 0.09008 0.01520 1.85623e-02 2.07535e-03 -4.6279517401e-01 -4.4215750011e-01
302.005 0.00000 0.00000 -0.00000 0.00000 -0.00000 0.00000 7.1568e-02 4.8571e-01 -3.1151e-02 -3.9834e-05 7.6441e-02 7.9002e-06 1.76136 0.20268 1.79516 -0.25847 0.11253 0.01780 1.85625e-02 2.07448e-03 -4.6279449114e-01 -4.4215750238e-01
304.005 -0.00000 0.00000 0.00000 0.00000 -0.00000 0.00000 6.8669e-02 4.8571e-01 -3.7118e-02 -3.9834e-05 7.6441e-02 7.9002e-06 1.76433 0.20267 1.79222 -0.24792 0.13402 0.02089 1.85626e-02 2.07351e-03 -4.6279362631e-01 -4.4215750421e-01
306.005 -0.00000 0.00000 0.00000 0.00000 -0.00000 0.00000 6.5276e-02 4.8571e-01 -4.2817e-02 -3.9834e-05 7.6441e-02 7.9002e-06 1.76863 0.20268 1.78793 -0.23574 0.15453 0.02304 1.85626e-02 2.07288e-03 -4.6279298033e-01 -4.4215750649e-01
308.005 0.00000 -0.00000 -0.00000 0.00000 -0.00000 0.00000 6.1413e-02 4.8571e-01 -4.8210e-02 -3.9834e-05 7.6441e-02 7.9002e-06 1.77251 0.20271 1.78401 -0.22184 0.17409 0.02379 1.85625e-02 2.07367e-03 -4.6279363370e-01 -4.4215750853e-01
310.005 -0.00000 0.00000 -0.00000 0.00000 -0.00000 0.00000 5.7105e-02 4.8570e-01 -5.3256e-02 -3.9834e-05 7.6441e-02 7.9002e-06 1.77614 0.20271 1.78035 -0.20619 0.19232 0.02477 1.85623e-02 2.07472e-03 -4.6279453773e-01 -4.4215751042e-01
312.005 0.00000 -0.00000 0.00000 0.00000 -0.00000 0.00000 5.2388e-02 4.8570e-01 -5.7919e-02 -3.9834e-05 7.6441e-02 7.9002e-06 1.78084 0.20272 1.77562 -0.18918 0.20905 0.02506 1.85623e-02 2.07521e-03 -4.6279505870e-01 -4.4215751271e-01
314.005 0.00000 0.00000 0.00000 0.00000 -0.00000 0.00000 4.7294e-02 4.8570e-01 -6.2168e-02 -3.9834e-05 7.6441e-02 7.9002e-06 1.78511 0.20275 1.77134 -0.17087 0.22443 0.02370 1.85625e-02 2.07448e-03 -4.6279449096e-01 -4.4215751454e-01
316.005 0.00000 0.00000 -0.00000 0.00000 -0.00000 0.00000 4.1857e-02 4.8570e-01 -6.5970e-02 -3.9834e-05 7.6441e-02 7.9002e-06 1.78848 0.20277 1.76799 -0.15117 0.23823 0.02236 1.85626e-02 2.07340e-03 -4.6279352321e-01 -4.4215751655e-01
318.005 0.00000 -0.00000 0.00000 0.00000 -0.00000 0.00000 3.6117e-02 4.8570e-01 -6.9296e-02 -3.9834e-05 7.6441e-02 7.9002e-06 1.79247 0.20277 1.76400 -0.13041 0.25015 0.02076 1.85626e-02 2.07306e-03 -4.6279316431e-01 -4.4215751867e-01
320.005 0.00000 0.00000 -0.00000 0.00000 -0.00000 0.00000 3.0118e-02 4.8569e-01 -7.2125e-02 -3.9834e-05 7.6441e-02 7.9002e-06 1.79604 0.20280 1.76039 -0.10885 0.26034 0.01756 1.85625e-02 2.07366e-03 -4.6279363114e-01 -4.4215752036e-01
322.005 0.00000 -0.00000 0.00000 0.00000 -0.00000 0.00000 2.3900e-02 4.8568e-01 -7.4437e-02 -3.9834e-05 7.6441e-02 7.9002e-06 1.79815 0.20283 1.75821 -0.08638 0.26878 0.01425 1.85623e-02 2.07482e-03 -4.6279464602e-01 -4.4215752241e-01
324.005 -0.00000 -0.00000 -0.00000 0.00000 -0.00000 0.00000 1.7507e-02 4.8568e-01 -7.6214e-02 -3.9834e-05 7.6441e-02 7.9002e-06 1.80044 0.20284 1.75590 -0.06322 0.27515 0.01122 1.85624e-02 2.07497e-03 -4.6279485607e-01 -4.4215752426e-01
326.005 -0.00000 0.00000 0.00000 0.00000 -0.00000 0.00000 1.0989e-02 4.8568e-01 -7.7443e-02 -3.9834e-05 7.6441e-02 7.9002e-06 1.80247 0.20286 1.75388 -0.03976 0.27952 0.00693 1.85625e-02 2.07443e-03 -4.6279443189e-01 -4.4215752592e-01
328.005 0.00000 0.00000 0.00000 0.00000 -0.00000 0.00000 4.3903e-03 4.8568e-01 -7.8118e-02 -3.9834e-05 7.6441e-02 7.9002e-06 1.80279 0.20290 1.75355 -0.01598 0.28204 0.00247 1.85626e-02 2.07333e-03 -4.6279346337e-01 -4.4215752788e-01
330.005 0.00000 -0.00000 0.00000 0.00000 -0.00000 0.00000 -2.2437e-03 4.8568e-01 -7.8230e-02 -3.9834e-05 7.6441e-02 7.9002e-06 1.80281 0.20292 1.75350 0.00806 0.28246 -0.00115 1.85626e-02 2.07319e-03 -4.6279330658e-01 -4.4215752948e-01
332.005 0.00000 -0.00000 0.00000 0.00000 -0.00000 0.00000 -8.8620e-03 4.8567e-01 -7.7779e-02 -3.9834e-05 7.6441e-02 7.9002e-06 1.80280 0.20293 1.75348 0.03194 0.28073 -0.00547 1.85624e-02 2.07382e-03 -4.6279379205e-01 -4.4215753113e-01
334.005 -0.00000 0.00000 -0.00000 0.00000 -0.00000 0.00000 -1.5418e-02 4.8567e-01 -7.6771e-02 -3.9834e-05 7.6441e-02 7.9002e-06 1.80113 0.20296 1.75510 0.05552 0.27713 -0.00999 1.85623e-02 2.07476e-03 -4.6279463754e-01 -4.4215753289e-01
336.005 -0.00000 0.00000 0.00000 0.00000 -0.00000 0.00000 -2.1866e-02 4.8566e-01 -7.5213e-02 -3.9834e-05 7.6441e-02 7.9002e-06 1.79886 0.20300 1.75733 0.07886 0.27157 -0.01322 1.85624e-02 2.07487e-03 -4.6279478185e-01 -4.4215753431e-01
338.005 0.00000 -0.00000 0.00000 0.00000 -0.00000 0.00000 -2.8160e-02 4.8566e-01 -7.3112e-02 -3.9834e-05 7.6441e-02 7.9002e-06 1.79692 0.20302 1.75928 0.10162 0.26390 -0.01651 1.85625e-02 2.07416e-03 -4.6279419413e-01 -4.4215753596e-01
340.005 0.00000 -0.00000 -0.00000 0.00000 -0.00000 0.00000 -3.4252e-02 4.8566e-01 -7.0488e-02 -3.9834e-05 7.6441e-02 7.9002e-06 1.79368 0.20303 1.76252 0.12352 0.25442 -0.02000 1.85626e-02 2.07336e-03 -4.6279348833e-01 -4.4215753748e-01
342.005 -0.00000 -0.00000 0.00000 0.00000 -0.00000 0.00000 -4.0100e-02 4.8566e-01 -6.7358e-02 -3.9834e-05 7.6441e-02 7.9002e-06 1.78965 0.20307 1.76651 0.14464 0.24321 -0.02196 1.85626e-02 2.07324e-03 -4.6279334291e-01 -4.4215753882e-01
344.005 -0.00000 -0.00000 0.00000 0.00000 -0.00000 0.00000 -4.5664e-02 4.8565e-01 -6.3742e-02 -3.9834e-05 7.6441e-02 7.9002e-06 1.78629 0.20310 1.76983 0.16481 0.23011 -0.02337 1.85624e-02 2.07407e-03 -4.6279404650e-01 -4.4215754038e-01
346.005 0.00000 -0.00000 -0.00000 0.00000 -0.00000 0.00000 -5.0899e-02 4.8565e-01 -5.9669e-02 -3.9834e-05 7.6441e-02 7.9002e-06 1.78224 0.20310 1.77385 0.18364 0.21534 -0.02501 1.85624e-02 2.07470e-03 -4.6279462845e-01 -4.4215754170e-01
348.005 0.00000 0.00000 0.00000 0.00000 -0.00000 0.00000 -5.5772e-02 4.8564e-01 -5.5169e-02 -3.9834e-05 7.6441e-02 7.9002e-06 1.77742 0.20313 1.77864 0.20118 0.19918 -0.02515 1.85624e-02 2.07480e-03 -4.6279474657e-01 -4.4215754305e-01
350.005 0.00000 0.00000 -0.00000 0.00000 -0.00000 0.00000 -6.0248e-02 4.8564e-01 -5.0272e-02 -3.9834e-05 7.6441e-02 7.9002e-06 1.77359 0.20316 1.78246 0.21743 0.18151 -0.02429 1.85625e-02 2.07390e-03 -4.6279397699e-01 -4.4215754450e-01
352.005 -0.00000 -0.00000 0.00000 0.00000 -0.00000 0.00000 -6.4292e-02 4.8564e-01 -4.5012e-02 -3.9834e-05 7.6441e-02 7.9002e-06 1.76978 0.20317 1.78628 0.23201 0.16243 -0.02374 1.85626e-02 2.07331e-03 -4.6279343348e-01 -4.4215754571e-01
354.005 0.00000 -0.00000 0.00000 0.00000 -0.00000 0.00000 -6.7875e-02 4.8564e-01 -3.9430e-02 -3.9834e-05 7.6441e-02 7.9002e-06 1.76532 0.20318 1.79073 0.24486 0.14233 -0.02202 1.85625e-02 2.07334e-03 -4.6279341087e-01 -4.4215754708e-01
356.005 0.00000 0.00000 0.00000 0.00000 -0.00000 0.00000 -7.0975e-02 4.8563e-01 -3.3565e-02 -3.9834e-05 7.6441e-02 7.9002e-06 1.76199 0.20321 1.79400 0.25611 0.12123 -0.01904 1.85624e-02 2.07421e-03 -4.6279417942e-01 -4.4215754840e-01
358.005 0.00000 -0.00000 0.00000 0.00000 -0.00000 0.00000 -7.3567e-02 4.8563e-01 -2.7457e-02 -3.9834e-05 7.6441e-02 7.9002e-06 1.75939 0.20323 1.79657 0.26551 0.09909 -0.01650 1.85624e-02 2.07482e-03 -4.6279474797e-01 -4.4215754959e-01
360.005 -0.00000 -0.00000 -0.00000 0.00000 -0.00000 0.00000 -7.5631e-02 4.8563e-01 -2.1153e-02 -3.9834e-05 7.6441e-02 7.9002e-06 1.75635 0.20323 1.79963 0.27287 0.07633 -0.01334 1.85624e-02 2.07466e-03 -4.6279464767e-01 -4.4215755099e-01
362.005 0.00000 0.00000 0.00000 0.00000 -0.00000 0.00000 -7.7156e-02 4.8563e-01 -1.4698e-02 -3.9834e-05 7.6441e-02 7.9002e-06 1.75443 0.20324 1.80155 0.27839 0.05312 -0.00894 1.85625e-02 2.07381e-03 -4.6279391043e-01 -4.4215755223e-01
364.005 0.00000 0.00000 -0.00000 0.00000 -0.00000 0.00000 -7.8130e-02 4.8563e-01 -8.1350e-03 -3.9834e-05 7.6441e-02 7.9002e-06 1.75377 0.20326 1.80220 0.28198 0.02939 -0.00509 1.85626e-02 2.07317e-03 -4.6279329582e-01 -4.4215755348e-01
366.005 -0.00000 -0.00000 -0.00000 0.00000 -0.00000 0.00000 -7.8542e-02 4.8563e-01 -1.5132e-03 -3.9834e-05 7.6441e-02 7.9002e-06 1.75283 0.20326 1.80314 0.28340 0.00542 -0.00133 1.85625e-02 2.07347e-03 -4.6279350810e-01 -4.4215755487e-01
368.005 0.00000 0.00000 0.00000 0.00000 -0.00000 0.00000 -7.8393e-02 4.8563e-01 5.1179e-03 -3.9834e-05 7.6441e-02 7.9002e-06 1.75276 0.20326 1.80319 0.28282 -0.01843 0.00346 1.85624e-02 2.07426e-03 -4.6279420503e-01 -4.4215755606e-01
370.005 0.00000 -0.00000 -0.00000 0.00000 -0.00000 0.00000 -7.7684e-02 4.8562e-01 1.1714e-02 -3.9834e-05 7.6441e-02 7.9002e-06 1.75426 0.20327 1.80166 0.28036 -0.04222 0.00762 1.85623e-02 2.07495e-03 -4.6279486112e-01 -4.4215755740e-01
372.005 -0.00000 -0.00000 -0.00000 0.00000 -0.00000 0.00000 -7.6420e-02 4.8563e-01 1.8227e-02 -3.9834e-05 7.6441e-02 7.9002e-06 1.75563 0.20327 1.80030 0.27578 -0.06583 0.01098 1.85625e-02 2.07456e-03 -4.6279457959e-01 -4.4215755875e-01
374.005 0.00000 -0.00000 0.00000 0.00000 -0.00000 0.00000 -7.4607e-02 4.8563e-01 2.4608e-02 -3.9834e-05 7.6441e-02 7.9002e-06 1.75744 0.20326 1.79853 0.26915 -0.08881 0.01501 1.85626e-02 2.07377e-03 -4.6279388416e-01 -4.4215755997e-01
376.005 0.00000 -0.00000 0.00000 0.00000 -0.00000 0.00000 -7.2263e-02 4.8563e-01 3.0813e-02 -3.9834e-05 7.6441e-02 7.9002e-06 1.76081 0.20326 1.79517 0.26076 -0.11114 0.01843 1.85626e-02 2.07312e-03 -4.6279325425e-01 -4.4215756138e-01
378.005 0.00000 -0.00000 0.00000 0.00000 -0.00000 0.00000 -6.9401e-02 4.8563e-01 3.6798e-02 -3.9834e-05 7.6441e-02 7.9002e-06 1.76410 0.20327 1.79186 0.25047 -0.13283 0.02048 1.85625e-02 2.07350e-03 -4.6279353194e-01 -4.4215756265e-01
380.005 0.00000 0.00000 -0.00000 0.00000 -0.00000 0.00000 -6.6041e-02 4.8563e-01 4.2519e-02 -3.9834e-05 7.6441e-02 7.9002e-06 1.76723 0.20325 1.78873 0.23825 -0.15350 0.02279 1.85624e-02 2.07434e-03 -4.6279425623e-01 -4.4215756393e-01
382.005 0.00000 0.00000 0.00000 0.00000 -0.00000 0.00000 -6.2210e-02 4.8563e-01 4.7934e-02 -3.9834e-05 7.6441e-02 7.9002e-06 1.77166 0.20323 1.78430 0.22444 -0.17295 0.02463 1.85623e-02 2.07491e-03 -4.6279482004e-01 -4.4215756534e-01
384.005 0.00000 0.00000 0.00000 0.00000 -0.00000 0.00000 -5.7937e-02 4.8563e-01 5.3007e-02 -3.9834e-05 7.6441e-02 7.9002e-06 1.77606 0.20323 1.77990 0.20910 -0.19130 0.02479 1.85624e-02 2.07457e-03 -4.6279458267e-01 -4.4215756656e-01
386.005 -0.00000 -0.00000 -0.00000 0.00000 -0.00000 0.00000 -5.3247e-02 4.8564e-01 5.7701e-02 -3.9834e-05 7.6441e-02 7.9002e-06 1.77971 0.20322 1.77629 0.19210 -0.20831 0.02481 1.85626e-02 2.07370e-03 -4.6279382289e-01 -4.4215756790e-01
388.005 -0.00000 -0.00000 -0.00000 0.00000 -0.00000 0.00000 -4.8177e-02 4.8564e-01 6.1978e-02 -3.9834e-05 7.6441e-02 7.9002e-06 1.78416 0.20318 1.77189 0.17376 -0.22367 0.02466 1.85626e-02 2.07321e-03 -4.6279334465e-01 -4.4215756924e-01
390.005 -0.00000 -0.00000 -0.00000 0.00000 -0.00000 0.00000 -4.2764e-02 4.8564e-01 6.5812e-02 -3.9834e-05 7.6441e-02 7.9002e-06 1.78858 0.20318 1.76748 0.15432 -0.23750 0.02282 1.85625e-02 2.07350e-03 -4.6279354228e-01 -4.4215757042e-01
392.005 -0.00000 0.00000 0.00000 0.00000 -0.00000 0.00000 -3.7045e-02 4.8564e-01 6.9175e-02 -3.9834e-05 7.6441e-02 7.9002e-06 1.79170 0.20317 1.76433 0.13366 -0.24973 0.02056 1.85623e-02 2.07440e-03 -4.6279431610e-01 -4.4215757176e-01
394.005 -0.00000 -0.00000 -0.00000 0.00000 -0.00000 0.00000 -3.1061e-02 4.8564e-01 7.2040e-02 -3.9834e-05 7.6441e-02 7.9002e-06 1.79505 0.20314 1.76101 0.11198 -0.26003 0.01852 1.85623e-02 2.07479e-03 -4.6279470849e-01 -4.4215757298e-01
396.005 -0.00000 0.00000 -0.00000 0.00000 -0.00000 0.00000 -2.4858e-02 4.8565e-01 7.4389e-02 -3.9834e-05 7.6441e-02 7.9002e-06 1.79842 0.20311 1.75767 0.08966 -0.26844 0.01509 1.85624e-02 2.07452e-03 -4.6279452487e-01 -4.4215757416e-01
398.005 0.00000 0.00000 0.00000 0.00000 -0.00000 0.00000 -1.8478e-02 4.8565e-01 7.6207e-02 -3.9834e-05 7.6441e-02 7.9002e-06 1.80022 0.20310 1.75590 0.06667 -0.27509 0.01110 1.85626e-02 2.07366e-03 -4.6279378478e-01 -4.4215757544e-01
400.000 -0.00000 0.00000 -0.00000 0.00000 -0.00000 0.00000 -1.1982e-02 4.8566e-01 7.7473e-02 -3.9834e-05 7.6441e-02 7.9002e-06 1.80164 0.20308 1.75451 0.04313 -0.27968 0.00777 1.85626e-02 2.07330e-03 -4.6279343731e-01 -4.4215757654e-01
