# t x y z vx vy vz omx omy omz llx lly llz Ixx Iyy Izz Ixy Iyz Ixz KErot PEspr PEgrav Etot
0.000 -0.00000 0.00000 -0.00000 -0.00000 0.00000 -0.00000 6.4692e-02 4.8809e-01 -9.2760e-03 -3.9274e-05 7.5445e-02 7.0221e-06 1.81850 0.18717 1.85205 -0.24100 0.03446 0.00571 1.84106e-02 2.81170e-29 -4.5972985928e-01 -4.4131930193e-01
2.005 -0.00000 0.00000 -0.00000 -0.00000 0.00000 0.00000 6.3797e-02 4.8952e-01 -1.4716e-02 -3.9274e-05 7.5445e-02 7.0221e-06 1.79229 0.18616 1.82269 -0.23345 0.05388 0.00713 1.85718e-02 7.78663e-04 -4.6216876688e-01 -4.4281834107e-01
4.005 -0.00000 -0.00000 0.00000 -0.00000 0.00000 0.00000 6.2121e-02 4.8830e-01 -1.9959e-02 -3.9274e-05 7.5445e-02 7.0221e-06 1.77664 0.18619 1.80623 -0.22570 0.07260 0.00981 1.85311e-02 1.52773e-03 -4.6322442965e-01 -4.4316559669e-01
6.000 0.00000 0.00000 -0.00000 0.00000 0.00000 0.00000 6.0126e-02 4.8769e-01 -2.5053e-02 -3.9274e-05 7.5445e-02 7.0221e-06 1.77146 0.18621 1.79573 -0.21781 0.09066 0.01301 1.84495e-02 2.02316e-03 -4.6374388777e-01 -4.4327118439e-01
8.000 0.00000 0.00000 0.00000 -0.00000 0.00000 0.00000 5.7783e-02 4.8751e-01 -2.9995e-02 -3.9274e-05 7.5445e-02 7.0221e-06 1.77182 0.18623 1.79025 -0.20924 0.10853 0.01377 1.84053e-02 2.20206e-03 -4.6391463320e-01 -4.4330723239e-01
10.000 0.00000 -0.00000 -0.00000 0.00000 0.00000 0.00000 5.5063e-02 4.8748e-01 -3.4745e-02 -3.9274e-05 7.5445e-02 7.0221e-06 1.77277 0.18624 1.78870 -0.19925 0.12581 0.01502 1.83911e-02 2.22275e-03 -4.6393405159e-01 -4.4332017093e-01
12.005 0.00000 -0.00000 -0.00000 0.00000 0.00000 -0.00000 5.1956e-02 4.8753e-01 -3.9267e-02 -3.9274e-05 7.5445e-02 7.0221e-06 1.77636 0.18623 1.78631 -0.18800 0.14205 0.01729 1.83899e-02 2.17999e-03 -4.6389454171e-01 -4.4332466828e-01
14.005 0.00000 -0.00000 -0.00000 0.00000 0.00000 -0.00000 4.8492e-02 4.8757e-01 -4.3502e-02 -3.9274e-05 7.5445e-02 7.0221e-06 1.78085 0.18625 1.78308 -0.17567 0.15740 0.01711 1.83912e-02 2.13387e-03 -4.6385117862e-01 -4.4332609256e-01
16.005 0.00000 0.00000 -0.00000 0.00000 0.00000 -0.00000 4.4682e-02 4.8761e-01 -4.7437e-02 -3.9274e-05 7.5445e-02 7.0221e-06 1.78318 0.18627 1.78178 -0.16187 0.17184 0.01654 1.83928e-02 2.09712e-03 -4.6381643735e-01 -4.4332652907e-01
18.005 0.00000 -0.00000 -0.00000 0.00000 0.00000 -0.00000 4.0552e-02 4.8763e-01 -5.1032e-02 -3.9274e-05 7.5445e-02 7.0221e-06 1.78615 0.18626 1.77938 -0.14680 0.18479 0.01739 1.83936e-02 2.07754e-03 -4.6379782198e-01 -4.4332667707e-01
20.000 -0.00000 0.00000 -0.00000 0.00000 0.00000 -0.00000 3.6149e-02 4.8764e-01 -5.4261e-02 -3.9274e-05 7.5445e-02 7.0221e-06 1.79025 0.18628 1.77553 -0.13099 0.19638 0.01619 1.83940e-02 2.06826e-03 -4.6378898486e-01 -4.4332673070e-01
22.000 -0.00000 -0.00000 -0.00000 0.00000 0.00000 -0.00000 3.1478e-02 4.8764e-01 -5.7119e-02 -3.9274e-05 7.5445e-02 7.0221e-06 1.79208 0.18631 1.77372 -0.11414 0.20688 0.01386 1.83941e-02 2.06610e-03 -4.6378695565e-01 -4.4332675716e-01
24.000 0.00000 0.00000 -0.00000 0.00000 0.00000 -0.00000 2.6581e-02 4.8764e-01 -5.9574e-02 -3.9274e-05 7.5445e-02 7.0221e-06 1.79377 0.18632 1.77204 -0.09624 0.21578 0.01321 1.83942e-02 2.06556e-03 -4.6378650271e-01 -4.4332677130e-01
26.000 -0.00000 0.00000 0.00000 0.00000 0.00000 -0.00000 2.1497e-02 4.8760e-01 -6.1604e-02 -3.9274e-05 7.5445e-02 7.0221e-06 1.79701 0.18633 1.76879 -0.07788 0.22299 0.01127 1.83928e-02 2.06096e-03 -4.6378055991e-01 -4.4332681659e-01
28.000 0.00000 0.00000 0.00000 0.00000 0.00000 -0.00000 1.6264e-02 4.8760e-01 -6.3209e-02 -3.9274e-05 7.5445e-02 7.0221e-06 1.79827 0.18637 1.76749 -0.05907 0.22888 0.00764 1.83928e-02 2.06148e-03 -4.6378113217e-01 -4.4332681812e-01
30.000 -0.00000 0.00000 -0.00000 0.00000 0.00000 -0.00000 1.0911e-02 4.8759e-01 -6.4370e-02 -3.9274e-05 7.5445e-02 7.0221e-06 1.79844 0.18640 1.76726 -0.03956 0.23319 0.00578 1.83928e-02 2.06253e-03 -4.6378211413e-01 -4.4332681939e-01
32.000 0.00000 0.00000 0.00000 0.00000 0.00000 -0.00000 5.4811e-03 4.8759e-01 -6.5077e-02 -3.9274e-05 7.5445e-02 7.0221e-06 1.80028 0.18639 1.76541 -0.01984 0.23559 0.00358 1.83928e-02 2.06303e-03 -4.6378267114e-01 -4.4332682092e-01
34.000 0.00000 0.00000 -0.00000 0.00000 0.00000 -0.00000 1.3770e-05 4.8759e-01 -6.5328e-02 -3.9274e-05 7.5445e-02 7.0221e-06 1.80064 0.18641 1.76500 -0.00021 0.23649 -0.00057 1.83928e-02 2.06377e-03 -4.6378341679e-01 -4.4332682241e-01
36.000 -0.00000 -0.00000 -0.00000 0.00000 0.00000 -0.00000 -5.4578e-03 4.8759e-01 -6.5123e-02 -3.9274e-05 7.5445e-02 7.0221e-06 1.79918 0.18646 1.76642 0.01965 0.23590 -0.00309 1.83929e-02 2.06395e-03 -4.6378365002e-01 -4.4332682342e-01
38.000 0.00000 -0.00000 -0.00000 0.00000 0.00000 -0.00000 -1.0895e-02 4.8758e-01 -6.4457e-02 -3.9274e-05 7.5445e-02 7.0221e-06 1.79926 0.18647 1.76630 0.03947 0.23340 -0.00494 1.83927e-02 2.06489e-03 -4.6378439709e-01 -4.4332682477e-01
40.005 0.00000 -0.00000 -0.00000 0.00000 0.00000 -0.00000 -1.6266e-02 4.8758e-01 -6.3336e-02 -3.9274e-05 7.5445e-02 7.0221e-06 1.79867 0.18647 1.76689 0.05879 0.22924 -0.00873 1.83927e-02 2.06497e-03 -4.6378450934e-01 -4.4332682587e-01
42.005 -0.00000 0.00000 -0.00000 0.00000 0.00000 -0.00000 -2.1513e-02 4.8757e-01 -6.1775e-02 -3.9274e-05 7.5445e-02 7.0221e-06 1.79578 0.18651 1.76973 0.07773 0.22374 -0.01125 1.83926e-02 2.06527e-03 -4.6378472741e-01 -4.4332682687e-01
44.005 0.00000 0.00000 -0.00000 0.00000 0.00000 -0.00000 -2.6614e-02 4.8758e-01 -5.9780e-02 -3.9274e-05 7.5445e-02 7.0221e-06 1.79420 0.18654 1.77130 0.09636 0.21652 -0.01218 1.83928e-02 2.06449e-03 -4.6378412742e-01 -4.4332682795e-01
46.005 -0.00000 0.00000 -0.00000 0.00000 0.00000 -0.00000 -3.1527e-02 4.8757e-01 -5.7363e-02 -3.9274e-05 7.5445e-02 7.0221e-06 1.79284 0.18654 1.77267 0.11411 0.20761 -0.01479 1.83928e-02 2.06426e-03 -4.6378389625e-01 -4.4332682874e-01
48.005 -0.00000 0.00000 -0.00000 0.00000 0.00000 -0.00000 -3.6219e-02 4.8757e-01 -5.4546e-02 -3.9274e-05 7.5445e-02 7.0221e-06 1.78913 0.18656 1.77638 0.13096 0.19750 -0.01669 1.83929e-02 2.06370e-03 -4.6378337613e-01 -4.4332682975e-01
50.005 0.00000 0.00000 0.00000 0.00000 0.00000 -0.00000 -4.0663e-02 4.8757e-01 -5.1346e-02 -3.9274e-05 7.5445e-02 7.0221e-06 1.78628 0.18660 1.77918 0.14717 0.18602 -0.01634 1.83927e-02 2.06379e-03 -4.6378335562e-01 -4.4332683059e-01
52.005 -0.00000 -0.00000 -0.00000 0.00000 0.00000 -0.00000 -4.4822e-02 4.8756e-01 -4.7782e-02 -3.9274e-05 7.5445e-02 7.0221e-06 1.78459 0.18661 1.78087 0.16229 0.17296 -0.01721 1.83927e-02 2.06345e-03 -4.6378302320e-01 -4.4332683122e-01
54.005 0.00000 -0.00000 -0.00000 0.00000 0.00000 -0.00000 -4.8666e-02 4.8756e-01 -4.3885e-02 -3.9274e-05 7.5445e-02 7.0221e-06 1.78082 0.18661 1.78464 0.17604 0.15884 -0.01809 1.83927e-02 2.06354e-03 -4.6378311861e-01 -4.4332683221e-01
56.005 0.00000 -0.00000 -0.00000 0.00000 0.00000 -0.00000 -5.2173e-02 4.8756e-01 -3.9682e-02 -3.9274e-05 7.5445e-02 7.0221e-06 1.77742 0.18664 1.78801 0.18878 0.14378 -0.01641 1.83928e-02 2.06334e-03 -4.6378302191e-01 -4.4332683285e-01
58.005 -0.00000 0.00000 0.00000 0.00000 0.00000 -0.00000 -5.5317e-02 4.8756e-01 -3.5197e-02 -3.9274e-05 7.5445e-02 7.0221e-06 1.77594 0.18667 1.78947 0.20030 0.12745 -0.01538 1.83929e-02 2.06354e-03 -4.6378322799e-01 -4.4332683349e-01
60.005 -0.00000 0.00000 -0.00000 0.00000 0.00000 -0.00000 -5.8071e-02 4.8756e-01 -3.0464e-02 -3.9274e-05 7.5445e-02 7.0221e-06 1.77295 0.18666 1.79246 0.21015 0.11021 -0.01511 1.83928e-02 2.06353e-03 -4.6378318182e-01 -4.4332683440e-01
62.005 0.00000 0.00000 -0.00000 0.00000 0.00000 -0.00000 -6.0421e-02 4.8755e-01 -2.5521e-02 -3.9274e-05 7.5445e-02 7.0221e-06 1.76978 0.18667 1.79562 0.21859 0.09247 -0.01239 1.83928e-02 2.06372e-03 -4.6378332363e-01 -4.4332683491e-01
64.005 0.00000 0.00000 0.00000 0.00000 0.00000 -0.00000 -6.2351e-02 4.8755e-01 -2.0397e-02 -3.9274e-05 7.5445e-02 7.0221e-06 1.76901 0.18670 1.79635 0.22575 0.07392 -0.00970 1.83927e-02 2.06391e-03 -4.6378342576e-01 -4.4332683562e-01
66.005 0.00000 0.00000 -0.00000 0.00000 0.00000 -0.00000 -6.3843e-02 4.8755e-01 -1.5127e-02 -3.9274e-05 7.5445e-02 7.0221e-06 1.76748 0.18670 1.79787 0.23110 0.05469 -0.00848 1.83927e-02 2.06410e-03 -4.6378368520e-01 -4.4332683639e-01
68.005 -0.00000 -0.00000 0.00000 0.00000 0.00000 -0.00000 -6.4889e-02 4.8755e-01 -9.7538e-03 -3.9274e-05 7.5445e-02 7.0221e-06 1.76523 0.18669 1.80013 0.23475 0.03532 -0.00529 1.83928e-02 2.06413e-03 -4.6378375591e-01 -4.4332683689e-01
70.005 -0.00000 0.00000 -0.00000 0.00000 0.00000 -0.00000 -6.5484e-02 4.8755e-01 -4.3119e-03 -3.9274e-05 7.5445e-02 7.0221e-06 1.76549 0.18672 1.79984 0.23703 0.01572 -0.00155 1.83928e-02 2.06405e-03 -4.6378373779e-01 -4.4332683766e-01
72.005 0.00000 0.00000 -0.00000 0.00000 0.00000 -0.00000 -6.5620e-02 4.8755e-01 1.1636e-03 -3.9274e-05 7.5445e-02 7.0221e-06 1.76581 0.18673 1.79952 0.23758 -0.00426 0.00018 1.83928e-02 2.06391e-03 -4.6378356138e-01 -4.4332683825e-01
74.005 -0.00000 0.00000 -0.00000 0.00000 0.00000 -0.00000 -6.5295e-02 4.8755e-01 6.6293e-03 -3.9274e-05 7.5445e-02 7.0221e-06 1.76490 0.18671 1.80045 0.23624 -0.02405 0.00311 1.83927e-02 2.06394e-03 -4.6378350806e-01 -4.4332683883e-01
76.005 0.00000 0.00000 0.00000 0.00000 0.00000 -0.00000 -6.4517e-02 4.8755e-01 1.2047e-02 -3.9274e-05 7.5445e-02 7.0221e-06 1.76624 0.18671 1.79911 0.23347 -0.04351 0.00706 1.83927e-02 2.06392e-03 -4.6378345661e-01 -4.4332683958e-01
78.005 0.00000 -0.00000 -0.00000 0.00000 0.00000 -0.00000 -6.3289e-02 4.8755e-01 1.7384e-02 -3.9274e-05 7.5445e-02 7.0221e-06 1.76837 0.18673 1.79696 0.22916 -0.06292 0.00876 1.83927e-02 2.06392e-03 -4.6378348613e-01 -4.4332684005e-01
80.005 -0.00000 -0.00000 -0.00000 0.00000 0.00000 -0.00000 -6.1616e-02 4.8755e-01 2.2598e-02 -3.9274e-05 7.5445e-02 7.0221e-06 1.76889 0.18672 1.79646 0.22297 -0.08190 0.01069 1.83928e-02 2.06374e-03 -4.6378339870e-01 -4.4332684073e-01
82.005 -0.00000 -0.00000 0.00000 0.00000 0.00000 -0.00000 -5.9513e-02 4.8755e-01 2.7652e-02 -3.9274e-05 7.5445e-02 7.0221e-06 1.77102 0.18670 1.79435 0.21530 -0.10004 0.01401 1.83928e-02 2.06372e-03 -4.6378340911e-01 -4.4332684137e-01
84.005 0.00000 0.00000 -0.00000 0.00000 0.00000 -0.00000 -5.6997e-02 4.8755e-01 3.2514e-02 -3.9274e-05 7.5445e-02 7.0221e-06 1.77454 0.18671 1.79082 0.20636 -0.11764 0.01516 1.83928e-02 2.06368e-03 -4.6378335419e-01 -4.4332684181e-01
86.005 0.00000 0.00000 0.00000 0.00000 0.00000 -0.00000 -5.4080e-02 4.8755e-01 3.7150e-02 -3.9274e-05 7.5445e-02 7.0221e-06 1.77622 0.18671 1.78913 0.19575 -0.13458 0.01558 1.83927e-02 2.06389e-03 -4.6378344147e-01 -4.4332684254e-01
88.005 0.00000 -0.00000 -0.00000 0.00000 0.00000 -0.00000 -5.0785e-02 4.8755e-01 4.1523e-02 -3.9274e-05 7.5445e-02 7.0221e-06 1.77862 0.18668 1.78676 0.18369 -0.15033 0.01759 1.83927e-02 2.06382e-03 -4.6378338487e-01 -4.4332684304e-01
90.005 -0.00000 0.00000 -0.00000 0.00000 0.00000 -0.00000 -4.7138e-02 4.8755e-01 4.5605e-02 -3.9274e-05 7.5445e-02 7.0221e-06 1.78278 0.18667 1.78261 0.17062 -0.16500 0.01783 1.83927e-02 2.06390e-03 -4.6378344979e-01 -4.4332684353e-01
92.005 -0.00000 -0.00000 -0.00000 0.00000 0.00000 -0.00000 -4.3163e-02 4.8756e-01 4.9370e-02 -3.9274e-05 7.5445e-02 7.0221e-06 1.78512 0.18668 1.78026 0.15628 -0.17879 0.01655 1.83928e-02 2.06374e-03 -4.6378340767e-01 -4.4332684422e-01
94.005 -0.00000 -0.00000 0.00000 0.00000 0.00000 -0.00000 -3.8883e-02 4.8756e-01 5.2788e-02 -3.9274e-05 7.5445e-02 7.0221e-06 1.78716 0.18665 1.77825 0.14062 -0.19117 0.01687 1.83928e-02 2.06383e-03 -4.6378350242e-01 -4.4332684464e-01
96.005 0.00000 0.00000 0.00000 0.00000 0.00000 -0.00000 -3.4334e-02 4.8756e-01 5.5833e-02 -3.9274e-05 7.5445e-02 7.0221e-06 1.79107 0.18662 1.77436 0.12420 -0.20204 0.01615 1.83928e-02 2.06385e-03 -4.6378349573e-01 -4.4332684519e-01
98.005 0.00000 -0.00000 -0.00000 0.00000 0.00000 -0.00000 -2.9548e-02 4.8756e-01 5.8490e-02 -3.9274e-05 7.5445e-02 7.0221e-06 1.79343 0.18663 1.77200 0.10701 -0.21175 0.01336 1.83927e-02 2.06397e-03 -4.6378355418e-01 -4.4332684576e-01
100.005 0.00000 0.00000 -0.00000 0.00000 0.00000 -0.00000 -2.4553e-02 4.8756e-01 6.0738e-02 -3.9274e-05 7.5445e-02 7.0221e-06 1.79450 0.18661 1.77094 0.08879 -0.21999 0.01203 1.83927e-02 2.06397e-03 -4.6378351915e-01 -4.4332684617e-01
102.005 0.00000 -0.00000 0.00000 0.00000 0.00000 -0.00000 -1.9389e-02 4.8757e-01 6.2556e-02 -3.9274e-05 7.5445e-02 7.0221e-06 1.79734 0.18657 1.76814 0.07004 -0.22642 0.01057 1.83927e-02 2.06392e-03 -4.6378350666e-01 -4.4332684675e-01
104.005 0.00000 -0.00000 -0.00000 0.00000 0.00000 -0.00000 -1.4093e-02 4.8757e-01 6.3939e-02 -3.9274e-05 7.5445e-02 7.0221e-06 1.79913 0.18656 1.76637 0.05103 -0.23142 0.00682 1.83928e-02 2.06380e-03 -4.6378344289e-01 -4.4332684719e-01
106.005 -0.00000 -0.00000 0.00000 0.00000 0.00000 -0.00000 -8.6974e-03 4.8757e-01 6.4874e-02 -3.9274e-05 7.5445e-02 7.0221e-06 1.79886 0.18656 1.76664 0.03145 -0.23497 0.00423 1.83928e-02 2.06372e-03 -4.6378340316e-01 -4.4332684764e-01
108.005 0.00000 -0.00000 0.00000 0.00000 0.00000 -0.00000 -3.2413e-03 4.8758e-01 6.5352e-02 -3.9274e-05 7.5445e-02 7.0221e-06 1.80002 0.18652 1.76552 0.01155 -0.23661 0.00247 1.83928e-02 2.06378e-03 -4.6378341251e-01 -4.4332684818e-01
110.005 0.00000 0.00000 -0.00000 0.00000 0.00000 -0.00000 2.2323e-03 4.8758e-01 6.5372e-02 -3.9274e-05 7.5445e-02 7.0221e-06 1.80084 0.18649 1.76473 -0.00813 -0.23658 -0.00144 1.83928e-02 2.06385e-03 -4.6378345875e-01 -4.4332684854e-01
112.005 -0.00000 -0.00000 -0.00000 0.00000 0.00000 -0.00000 7.6893e-03 4.8758e-01 6.4936e-02 -3.9274e-05 7.5445e-02 7.0221e-06 1.79916 0.18649 1.76640 -0.02784 -0.23516 -0.00464 1.83927e-02 2.06399e-03 -4.6378353866e-01 -4.4332684904e-01
114.005 0.00000 0.00000 0.00000 0.00000 0.00000 -0.00000 1.3094e-02 4.8758e-01 6.4044e-02 -3.9274e-05 7.5445e-02 7.0221e-06 1.79843 0.18647 1.76716 -0.04757 -0.23194 -0.00614 1.83928e-02 2.06390e-03 -4.6378350692e-01 -4.4332684949e-01
116.005 0.00000 0.00000 -0.00000 0.00000 0.00000 -0.00000 1.8402e-02 4.8759e-01 6.2701e-02 -3.9274e-05 7.5445e-02 7.0221e-06 1.79816 0.18643 1.76747 -0.06674 -0.22692 -0.00935 1.83928e-02 2.06381e-03 -4.6378345303e-01 -4.4332684984e-01
118.005 0.00000 0.00000 0.00000 0.00000 0.00000 -0.00000 2.3577e-02 4.8759e-01 6.0922e-02 -3.9274e-05 7.5445e-02 7.0221e-06 1.79538 0.18642 1.77027 -0.08535 -0.22057 -0.01239 1.83928e-02 2.06369e-03 -4.6378336212e-01 -4.4332685033e-01
120.005 -0.00000 -0.00000 0.00000 0.00000 0.00000 -0.00000 2.8589e-02 4.8759e-01 5.8715e-02 -3.9274e-05 7.5445e-02 7.0221e-06 1.79294 0.18642 1.77270 -0.10363 -0.21268 -0.01313 1.83928e-02 2.06375e-03 -4.6378338363e-01 -4.4332685071e-01
122.005 0.00000 0.00000 0.00000 0.00000 0.00000 -0.00000 3.3398e-02 4.8759e-01 5.6094e-02 -3.9274e-05 7.5445e-02 7.0221e-06 1.79178 0.18638 1.77390 -0.12109 -0.20304 -0.01492 1.83927e-02 2.06388e-03 -4.6378345775e-01 -4.4332685107e-01
124.005 -0.00000 -0.00000 -0.00000 0.00000 0.00000 -0.00000 3.7968e-02 4.8760e-01 5.3081e-02 -3.9274e-05 7.5445e-02 7.0221e-06 1.78845 0.18635 1.77726 -0.13748 -0.19213 -0.01714 1.83927e-02 2.06397e-03 -4.6378354688e-01 -4.4332685153e-01
126.005 -0.00000 -0.00000 0.00000 0.00000 0.00000 -0.00000 4.2273e-02 4.8760e-01 4.9699e-02 -3.9274e-05 7.5445e-02 7.0221e-06 1.78491 0.18635 1.78080 -0.15311 -0.18004 -0.01680 1.83928e-02 2.06395e-03 -4.6378356236e-01 -4.4332685185e-01
128.005 0.00000 0.00000 -0.00000 0.00000 0.00000 -0.00000 4.6281e-02 4.8760e-01 4.5965e-02 -3.9274e-05 7.5445e-02 7.0221e-06 1.78327 0.18634 1.78246 -0.16776 -0.16642 -0.01675 1.83928e-02 2.06383e-03 -4.6378349850e-01 -4.4332685224e-01
130.005 0.00000 -0.00000 0.00000 0.00000 0.00000 -0.00000 4.9958e-02 4.8761e-01 4.1909e-02 -3.9274e-05 7.5445e-02 7.0221e-06 1.78016 0.18630 1.78560 -0.18095 -0.15164 -0.01772 1.83928e-02 2.06376e-03 -4.6378341892e-01 -4.4332685264e-01
132.005 -0.00000 -0.00000 0.00000 0.00000 0.00000 -0.00000 5.3284e-02 4.8761e-01 3.7562e-02 -3.9274e-05 7.5445e-02 7.0221e-06 1.77632 0.18629 1.78946 -0.19294 -0.13606 -0.01627 1.83928e-02 2.06374e-03 -4.6378336935e-01 -4.4332685295e-01
134.005 0.00000 -0.00000 0.00000 0.00000 0.00000 -0.00000 5.6238e-02 4.8761e-01 3.2950e-02 -3.9274e-05 7.5445e-02 7.0221e-06 1.77473 0.18629 1.79104 -0.20380 -0.11936 -0.01436 1.83927e-02 2.06386e-03 -4.6378342137e-01 -4.4332685335e-01
136.005 0.00000 0.00000 -0.00000 0.00000 0.00000 -0.00000 5.8793e-02 4.8761e-01 2.8106e-02 -3.9274e-05 7.5445e-02 7.0221e-06 1.77258 0.18626 1.79321 -0.21300 -0.10166 -0.01397 1.83927e-02 2.06389e-03 -4.6378348009e-01 -4.4332685370e-01
138.005 0.00000 -0.00000 -0.00000 0.00000 0.00000 -0.00000 6.0932e-02 4.8761e-01 2.3068e-02 -3.9274e-05 7.5445e-02 7.0221e-06 1.76927 0.18624 1.79655 -0.22061 -0.08351 -0.01170 1.83928e-02 2.06393e-03 -4.6378354773e-01 -4.4332685404e-01
140.005 -0.00000 -0.00000 0.00000 0.00000 0.00000 -0.00000 6.2646e-02 4.8762e-01 1.7868e-02 -3.9274e-05 7.5445e-02 7.0221e-06 1.76826 0.18625 1.79754 -0.22695 -0.06478 -0.00834 1.83928e-02 2.06384e-03 -4.6378352048e-01 -4.4332685443e-01
142.005 0.00000 0.00000 0.00000 0.00000 0.00000 -0.00000 6.3917e-02 4.8762e-01 1.2541e-02 -3.9274e-05 7.5445e-02 7.0221e-06 1.76763 0.18625 1.79818 -0.23161 -0.04534 -0.00682 1.83928e-02 2.06379e-03 -4.6378345972e-01 -4.4332685474e-01
144.005 -0.00000 -0.00000 0.00000 0.00000 0.00000 -0.00000 6.4736e-02 4.8762e-01 7.1271e-03 -3.9274e-05 7.5445e-02 7.0221e-06 1.76554 0.18622 1.80031 -0.23441 -0.02573 -0.00427 1.83928e-02 2.06378e-03 -4.6378339651e-01 -4.4332685513e-01
146.005 -0.00000 0.00000 -0.00000 0.00000 0.00000 -0.00000 6.5101e-02 4.8762e-01 1.6658e-03 -3.9274e-05 7.5445e-02 7.0221e-06 1.76544 0.18622 1.80040 -0.23578 -0.00611 -0.00017 1.83927e-02 2.06382e-03 -4.6378339296e-01 -4.4332685549e-01
148.005 0.00000 0.00000 -0.00000 0.00000 0.00000 -0.00000 6.5009e-02 4.8762e-01 -3.8099e-03 -3.9274e-05 7.5445e-02 7.0221e-06 1.76655 0.18624 1.79927 -0.23558 0.01381 0.00198 1.83927e-02 2.06389e-03 -4.6378345328e-01 -4.4332685580e-01
150.005 0.00000 0.00000 -0.00000 0.00000 0.00000 -0.00000 6.4456e-02 4.8762e-01 -9.2585e-03 -3.9274e-05 7.5445e-02 7.0221e-06 1.76605 0.18622 1.79979 -0.23345 0.03364 0.00417 1.83928e-02 2.06387e-03 -4.6378349757e-01 -4.4332685623e-01
152.005 0.00000 -0.00000 0.00000 0.00000 0.00000 -0.00000 6.3450e-02 4.8762e-01 -1.4639e-02 -3.9274e-05 7.5445e-02 7.0221e-06 1.76693 0.18621 1.79892 -0.22975 0.05296 0.00812 1.83928e-02 2.06386e-03 -4.6378352643e-01 -4.4332685656e-01
154.005 -0.00000 0.00000 -0.00000 0.00000 0.00000 -0.00000 6.2000e-02 4.8762e-01 -1.9918e-02 -3.9274e-05 7.5445e-02 7.0221e-06 1.76962 0.18623 1.79621 -0.22467 0.07208 0.01028 1.83928e-02 2.06380e-03 -4.6378348062e-01 -4.4332685689e-01
156.005 0.00000 -0.00000 -0.00000 0.00000 0.00000 -0.00000 6.0110e-02 4.8762e-01 -2.5059e-02 -3.9274e-05 7.5445e-02 7.0221e-06 1.77072 0.18624 1.79510 -0.21777 0.09085 0.01149 1.83928e-02 2.06385e-03 -4.6378346426e-01 -4.4332685732e-01
158.005 -0.00000 0.00000 -0.00000 0.00000 0.00000 -0.00000 5.7796e-02 4.8762e-01 -3.0021e-02 -3.9274e-05 7.5445e-02 7.0221e-06 1.77233 0.18622 1.79352 -0.20926 0.10872 0.01445 1.83927e-02 2.06384e-03 -4.6378341845e-01 -4.4332685763e-01
160.005 0.00000 0.00000 -0.00000 0.00000 0.00000 -0.00000 5.5078e-02 4.8761e-01 -3.4772e-02 -3.9274e-05 7.5445e-02 7.0221e-06 1.77607 0.18624 1.78975 -0.19955 0.12583 0.01606 1.83927e-02 2.06389e-03 -4.6378344808e-01 -4.4332685800e-01
162.005 0.00000 0.00000 -0.00000 0.00000 0.00000 -0.00000 5.1972e-02 4.8761e-01 -3.9282e-02 -3.9274e-05 7.5445e-02 7.0221e-06 1.77842 0.18626 1.78738 -0.18835 0.14231 0.01587 1.83928e-02 2.06381e-03 -4.6378344212e-01 -4.4332685839e-01
164.005 -0.00000 -0.00000 0.00000 0.00000 0.00000 -0.00000 4.8496e-02 4.8761e-01 -4.3514e-02 -3.9274e-05 7.5445e-02 7.0221e-06 1.78028 0.18625 1.78553 -0.17560 0.15764 0.01723 1.83928e-02 2.06381e-03 -4.6378347905e-01 -4.4332685872e-01
166.005 -0.00000 -0.00000 0.00000 0.00000 0.00000 -0.00000 4.4681e-02 4.8761e-01 -4.7439e-02 -3.9274e-05 7.5445e-02 7.0221e-06 1.78429 0.18626 1.78152 -0.16184 0.17170 0.01790 1.83928e-02 2.06380e-03 -4.6378347572e-01 -4.4332685910e-01
168.005 0.00000 -0.00000 0.00000 0.00000 0.00000 -0.00000 4.0551e-02 4.8761e-01 -5.1034e-02 -3.9274e-05 7.5445e-02 7.0221e-06 1.78726 0.18629 1.77851 -0.14701 0.18480 0.01623 1.83928e-02 2.06387e-03 -4.6378349512e-01 -4.4332685944e-01
170.005 -0.00000 -0.00000 0.00000 0.00000 0.00000 -0.00000 3.6132e-02 4.8761e-01 -5.4270e-02 -3.9274e-05 7.5445e-02 7.0221e-06 1.78880 0.18631 1.77695 -0.13088 0.19662 0.01573 1.83927e-02 2.06391e-03 -4.6378347926e-01 -4.4332685980e-01
172.005 0.00000 -0.00000 0.00000 0.00000 0.00000 -0.00000 3.1459e-02 4.8760e-01 -5.7122e-02 -3.9274e-05 7.5445e-02 7.0221e-06 1.79220 0.18630 1.77356 -0.11391 0.20679 0.01537 1.83927e-02 2.06388e-03 -4.6378345955e-01 -4.4332686017e-01
174.005 -0.00000 0.00000 0.00000 0.00000 0.00000 -0.00000 2.6566e-02 4.8760e-01 -5.9576e-02 -3.9274e-05 7.5445e-02 7.0221e-06 1.79508 0.18633 1.77066 -0.09635 0.21567 0.01249 1.83928e-02 2.06381e-03 -4.6378343143e-01 -4.4332686047e-01
176.005 0.00000 -0.00000 0.00000 0.00000 0.00000 -0.00000 2.1482e-02 4.8760e-01 -6.1613e-02 -3.9274e-05 7.5445e-02 7.0221e-06 1.79579 0.18636 1.76991 -0.07790 0.22320 0.01030 1.83928e-02 2.06375e-03 -4.6378342162e-01 -4.4332686086e-01
178.005 -0.00000 0.00000 -0.00000 0.00000 0.00000 -0.00000 1.6245e-02 4.8760e-01 -6.3214e-02 -3.9274e-05 7.5445e-02 7.0221e-06 1.79782 0.18636 1.76788 -0.05880 0.22891 0.00909 1.83928e-02 2.06379e-03 -4.6378344569e-01 -4.4332686120e-01
180.005 -0.00000 -0.00000 0.00000 0.00000 0.00000 -0.00000 1.0895e-02 4.8760e-01 -6.4372e-02 -3.9274e-05 7.5445e-02 7.0221e-06 1.79995 0.18637 1.76574 -0.03956 0.23300 0.00560 1.83928e-02 2.06386e-03 -4.6378348430e-01 -4.4332686149e-01
182.005 -0.00000 0.00000 0.00000 0.00000 0.00000 -0.00000 5.4666e-03 4.8759e-01 -6.5080e-02 -3.9274e-05 7.5445e-02 7.0221e-06 1.79952 0.18642 1.76613 -0.01996 0.23572 0.00225 1.83927e-02 2.06395e-03 -4.6378352331e-01 -4.4332686187e-01
184.005 0.00000 0.00000 -0.00000 0.00000 0.00000 -0.00000 -5.0673e-06 4.8759e-01 -6.5331e-02 -3.9274e-05 7.5445e-02 7.0221e-06 1.79970 0.18643 1.76592 0.00002 0.23663 0.00062 1.83927e-02 2.06392e-03 -4.6378350600e-01 -4.4332686217e-01
186.005 -0.00000 0.00000 -0.00000 0.00000 0.00000 -0.00000 -5.4759e-03 4.8759e-01 -6.5120e-02 -3.9274e-05 7.5445e-02 7.0221e-06 1.80066 0.18643 1.76497 0.01978 0.23571 -0.00271 1.83928e-02 2.06383e-03 -4.6378345673e-01 -4.4332686247e-01
188.005 0.00000 0.00000 -0.00000 0.00000 0.00000 -0.00000 -1.0909e-02 4.8758e-01 -6.4456e-02 -3.9274e-05 7.5445e-02 7.0221e-06 1.79907 0.18646 1.76653 0.03932 0.23340 -0.00645 1.83928e-02 2.06374e-03 -4.6378340130e-01 -4.4332686281e-01
190.005 0.00000 -0.00000 -0.00000 0.00000 0.00000 -0.00000 -1.6271e-02 4.8758e-01 -6.3339e-02 -3.9274e-05 7.5445e-02 7.0221e-06 1.79736 0.18650 1.76820 0.05886 0.22945 -0.00796 1.83928e-02 2.06374e-03 -4.6378339470e-01 -4.4332686310e-01
192.005 -0.00000 0.00000 0.00000 0.00000 0.00000 -0.00000 -2.1519e-02 4.8758e-01 -6.1775e-02 -3.9274e-05 7.5445e-02 7.0221e-06 1.79703 0.18651 1.76853 0.07792 0.22363 -0.01036 1.83927e-02 2.06384e-03 -4.6378345224e-01 -4.4332686340e-01
194.005 -0.00000 -0.00000 0.00000 -0.00000 0.00000 -0.00000 -2.6615e-02 4.8757e-01 -5.9779e-02 -3.9274e-05 7.5445e-02 7.0221e-06 1.79457 0.18652 1.77097 0.09621 0.21640 -0.01366 1.83927e-02 2.06392e-03 -4.6378351364e-01 -4.4332686370e-01
196.005 0.00000 -0.00000 0.00000 -0.00000 0.00000 -0.00000 -3.1529e-02 4.8757e-01 -5.7365e-02 -3.9274e-05 7.5445e-02 7.0221e-06 1.79134 0.18656 1.77416 0.11405 0.20781 -0.01454 1.83927e-02 2.06396e-03 -4.6378355115e-01 -4.4332686398e-01
198.005 -0.00000 -0.00000 -0.00000 -0.00000 0.00000 -0.00000 -3.6226e-02 4.8757e-01 -5.4545e-02 -3.9274e-05 7.5445e-02 7.0221e-06 1.78993 0.18658 1.77556 0.13118 0.19750 -0.01541 1.83928e-02 2.06385e-03 -4.6378349407e-01 -4.4332686428e-01
200.005 -0.00000 -0.00000 -0.00000 -0.00000 0.00000 -0.00000 -4.0666e-02 4.8757e-01 -5.1343e-02 -3.9274e-05 7.5445e-02 7.0221e-06 1.78716 0.18657 1.77833 0.14713 0.18581 -0.01759 1.83928e-02 2.06377e-03 -4.6378342841e-01 -4.4332686455e-01
202.005 -0.00000 -0.00000 0.00000 -0.00000 0.00000 -0.00000 -4.4824e-02 4.8757e-01 -4.7783e-02 -3.9274e-05 7.5445e-02 7.0221e-06 1.78311 0.18660 1.78235 0.16213 0.17308 -0.01753 1.83928e-02 2.06372e-03 -4.6378336936e-01 -4.4332686483e-01
204.005 0.00000 0.00000 -0.00000 -0.00000 0.00000 -0.00000 -4.8671e-02 4.8756e-01 -4.3885e-02 -3.9274e-05 7.5445e-02 7.0221e-06 1.78108 0.18664 1.78434 0.17622 0.15896 -0.01660 1.83927e-02 2.06381e-03 -4.6378341322e-01 -4.4332686511e-01
206.005 0.00000 0.00000 0.00000 -0.00000 0.00000 -0.00000 -5.2177e-02 4.8756e-01 -3.9678e-02 -3.9274e-05 7.5445e-02 7.0221e-06 1.77868 0.18663 1.78674 0.18886 0.14357 -0.01725 1.83927e-02 2.06388e-03 -4.6378347424e-01 -4.4332686536e-01
208.005 0.00000 -0.00000 -0.00000 0.00000 0.00000 -0.00000 -5.5317e-02 4.8756e-01 -3.5195e-02 -3.9274e-05 7.5445e-02 7.0221e-06 1.77468 0.18664 1.79074 0.20010 0.12744 -0.01622 1.83927e-02 2.06394e-03 -4.6378354770e-01 -4.4332686565e-01
210.005 -0.00000 -0.00000 0.00000 -0.00000 0.00000 -0.00000 -5.8075e-02 4.8756e-01 -3.0465e-02 -3.9274e-05 7.5445e-02 7.0221e-06 1.77265 0.18668 1.79273 0.21022 0.11041 -0.01362 1.83928e-02 2.06388e-03 -4.6378352918e-01 -4.4332686592e-01
212.005 0.00000 -0.00000 0.00000 -0.00000 0.00000 -0.00000 -6.0426e-02 4.8756e-01 -2.5517e-02 -3.9274e-05 7.5445e-02 7.0221e-06 1.77125 0.18669 1.79412 0.21878 0.09234 -0.01270 1.83928e-02 2.06381e-03 -4.6378347302e-01 -4.4332686617e-01
214.005 0.00000 -0.00000 -0.00000 0.00000 0.00000 -0.00000 -6.2352e-02 4.8755e-01 -2.0393e-02 -3.9274e-05 7.5445e-02 7.0221e-06 1.76815 0.18668 1.79723 0.22558 0.07379 -0.01094 1.83928e-02 2.06376e-03 -4.6378339793e-01 -4.4332686646e-01
216.005 -0.00000 -0.00000 -0.00000 0.00000 0.00000 -0.00000 -6.3845e-02 4.8755e-01 -1.5127e-02 -3.9274e-05 7.5445e-02 7.0221e-06 1.76668 0.18670 1.79869 0.23104 0.05488 -0.00719 1.83927e-02 2.06379e-03 -4.6378338850e-01 -4.4332686671e-01
218.005 -0.00000 0.00000 0.00000 -0.00000 0.00000 -0.00000 -6.4893e-02 4.8755e-01 -9.7509e-03 -3.9274e-05 7.5445e-02 7.0221e-06 1.76671 0.18672 1.79862 0.23497 0.03532 -0.00504 1.83927e-02 2.06386e-03 -4.6378343672e-01 -4.4332686697e-01
220.005 0.00000 0.00000 -0.00000 0.00000 0.00000 -0.00000 -6.5484e-02 4.8755e-01 -4.3067e-03 -3.9274e-05 7.5445e-02 7.0221e-06 1.76515 0.18671 1.80020 0.23697 0.01551 -0.00303 1.83927e-02 2.06388e-03 -4.6378350037e-01 -4.4332686727e-01
222.005 -0.00000 0.00000 -0.00000 0.00000 0.00000 -0.00000 -6.5619e-02 4.8755e-01 1.1651e-03 -3.9274e-05 7.5445e-02 7.0221e-06 1.76460 0.18671 1.80075 0.23741 -0.00414 0.00108 1.83928e-02 2.06388e-03 -4.6378353182e-01 -4.4332686751e-01
224.005 -0.00000 0.00000 -0.00000 0.00000 0.00000 -0.00000 -6.5298e-02 4.8755e-01 6.6311e-03 -3.9274e-05 7.5445e-02 7.0221e-06 1.76620 0.18673 1.79913 0.23642 -0.02393 0.00389 1.83928e-02 2.06383e-03 -4.6378350317e-01 -4.4332686778e-01
226.005 -0.00000 -0.00000 -0.00000 0.00000 0.00000 -0.00000 -6.4518e-02 4.8755e-01 1.2053e-02 -3.9274e-05 7.5445e-02 7.0221e-06 1.76645 0.18673 1.79889 0.23354 -0.04372 0.00556 1.83928e-02 2.06381e-03 -4.6378345236e-01 -4.4332686807e-01
228.005 0.00000 -0.00000 -0.00000 0.00000 0.00000 -0.00000 -6.3287e-02 4.8755e-01 1.7387e-02 -3.9274e-05 7.5445e-02 7.0221e-06 1.76692 0.18671 1.79844 0.22895 -0.06293 0.00915 1.83927e-02 2.06381e-03 -4.6378340908e-01 -4.4332686833e-01
230.005 0.00000 0.00000 -0.00000 0.00000 0.00000 -0.00000 -6.1616e-02 4.8755e-01 2.2599e-02 -3.9274e-05 7.5445e-02 7.0221e-06 1.76981 0.18672 1.79553 0.22304 -0.08171 0.01190 1.83927e-02 2.06384e-03 -4.6378341856e-01 -4.4332686861e-01
232.005 0.00000 -0.00000 -0.00000 0.00000 0.00000 -0.00000 -5.9514e-02 4.8755e-01 2.7657e-02 -3.9274e-05 7.5445e-02 7.0221e-06 1.77175 0.18673 1.79358 0.21547 -0.10018 0.01270 1.83927e-02 2.06384e-03 -4.6378345256e-01 -4.4332686889e-01
234.005 -0.00000 -0.00000 -0.00000 0.00000 0.00000 -0.00000 -5.6994e-02 4.8755e-01 3.2519e-02 -3.9274e-05 7.5445e-02 7.0221e-06 1.77303 0.18670 1.79233 0.20619 -0.11778 0.01498 1.83928e-02 2.06383e-03 -4.6378348986e-01 -4.4332686917e-01
236.005 -0.00000 0.00000 -0.00000 0.00000 0.00000 -0.00000 -5.4079e-02 4.8755e-01 3.7151e-02 -3.9274e-05 7.5445e-02 7.0221e-06 1.77665 0.18669 1.78872 0.19568 -0.13440 0.01704 1.83928e-02 2.06383e-03 -4.6378350311e-01 -4.4332686946e-01
238.005 0.00000 -0.00000 0.00000 0.00000 0.00000 -0.00000 -5.0786e-02 4.8755e-01 4.1526e-02 -3.9274e-05 7.5445e-02 7.0221e-06 1.77979 0.18670 1.78557 0.18390 -0.15033 0.01663 1.83928e-02 2.06384e-03 -4.6378348803e-01 -4.4332686972e-01
240.005 0.00000 -0.00000 0.00000 0.00000 0.00000 -0.00000 -4.7136e-02 4.8755e-01 4.5610e-02 -3.9274e-05 7.5445e-02 7.0221e-06 1.78144 0.18669 1.78393 0.17055 -0.16522 0.01712 1.83927e-02 2.06387e-03 -4.6378346603e-01 -4.4332687002e-01
242.005 -0.00000 -0.00000 -0.00000 0.00000 0.00000 -0.00000 -4.3159e-02 4.8755e-01 4.9371e-02 -3.9274e-05 7.5445e-02 7.0221e-06 1.78499 0.18665 1.78041 0.15610 -0.17868 0.01806 1.83927e-02 2.06385e-03 -4.6378343488e-01 -4.4332687030e-01
244.005 0.00000 -0.00000 0.00000 0.00000 0.00000 -0.00000 -3.8883e-02 4.8756e-01 5.2789e-02 -3.9274e-05 7.5445e-02 7.0221e-06 1.78861 0.18665 1.77680 0.14078 -0.19105 0.01642 1.83927e-02 2.06383e-03 -4.6378343384e-01 -4.4332687056e-01
246.005 -0.00000 -0.00000 0.00000 0.00000 0.00000 -0.00000 -3.4333e-02 4.8756e-01 5.5838e-02 -3.9274e-05 7.5445e-02 7.0221e-06 1.79008 0.18665 1.77533 0.12426 -0.20225 0.01500 1.83928e-02 2.06378e-03 -4.6378343563e-01 -4.4332687087e-01
248.005 -0.00000 -0.00000 0.00000 0.00000 0.00000 -0.00000 -2.9543e-02 4.8756e-01 5.8493e-02 -3.9274e-05 7.5445e-02 7.0221e-06 1.79275 0.18661 1.77269 0.10678 -0.21176 0.01471 1.83928e-02 2.06380e-03 -4.6378346755e-01 -4.4332687114e-01
250.005 -0.00000 0.00000 0.00000 0.00000 0.00000 -0.00000 -2.4552e-02 4.8757e-01 6.0738e-02 -3.9274e-05 7.5445e-02 7.0221e-06 1.79603 0.18659 1.76944 0.08885 -0.21980 0.01214 1.83928e-02 2.06384e-03 -4.6378348744e-01 -4.4332687140e-01
252.005 0.00000 -0.00000 -0.00000 0.00000 0.00000 -0.00000 -1.9388e-02 4.8757e-01 6.2560e-02 -3.9274e-05 7.5445e-02 7.0221e-06 1.79684 0.18660 1.76862 0.07020 -0.22656 0.00913 1.83927e-02 2.06390e-03 -4.6378350883e-01 -4.4332687170e-01
254.005 -0.00000 -0.00000 -0.00000 0.00000 0.00000 -0.00000 -1.4088e-02 4.8757e-01 6.3942e-02 -3.9274e-05 7.5445e-02 7.0221e-06 1.79799 0.18657 1.76750 0.05084 -0.23156 0.00783 1.83927e-02 2.06390e-03 -4.6378348485e-01 -4.4332687197e-01
256.005 0.00000 -0.00000 -0.00000 0.00000 0.00000 -0.00000 -8.6934e-03 4.8757e-01 6.4873e-02 -3.9274e-05 7.5445e-02 7.0221e-06 1.80025 0.18653 1.76528 0.03137 -0.23478 0.00488 1.83927e-02 2.06384e-03 -4.6378345006e-01 -4.4332687223e-01
258.005 -0.00000 0.00000 -0.00000 0.00000 0.00000 -0.00000 -3.2407e-03 4.8758e-01 6.5354e-02 -3.9274e-05 7.5445e-02 7.0221e-06 1.80009 0.18653 1.76545 0.01176 -0.23662 0.00095 1.83928e-02 2.06377e-03 -4.6378341191e-01 -4.4332687250e-01
260.005 0.00000 -0.00000 0.00000 0.00000 0.00000 -0.00000 2.2363e-03 4.8758e-01 6.5376e-02 -3.9274e-05 7.5445e-02 7.0221e-06 1.79940 0.18652 1.76614 -0.00821 -0.23679 -0.00092 1.83928e-02 2.06375e-03 -4.6378341563e-01 -4.4332687277e-01
262.005 -0.00000 0.00000 0.00000 0.00000 0.00000 -0.00000 7.6949e-03 4.8758e-01 6.4936e-02 -3.9274e-05 7.5445e-02 7.0221e-06 1.80021 0.18648 1.76537 -0.02802 -0.23504 -0.00353 1.83928e-02 2.06382e-03 -4.6378345607e-01 -4.4332687303e-01
264.005 -0.00000 0.00000 0.00000 0.00000 0.00000 -0.00000 1.3095e-02 4.8758e-01 6.4043e-02 -3.9274e-05 7.5445e-02 7.0221e-06 1.79906 0.18645 1.76655 -0.04741 -0.23182 -0.00753 1.83927e-02 2.06389e-03 -4.6378350751e-01 -4.4332687328e-01
266.005 -0.00000 0.00000 0.00000 0.00000 0.00000 -0.00000 1.8404e-02 4.8759e-01 6.2704e-02 -3.9274e-05 7.5445e-02 7.0221e-06 1.79663 0.18646 1.76897 -0.06669 -0.22712 -0.00938 1.83927e-02 2.06394e-03 -4.6378353088e-01 -4.4332687354e-01
268.005 -0.00000 -0.00000 -0.00000 0.00000 0.00000 -0.00000 2.3583e-02 4.8759e-01 6.0922e-02 -3.9274e-05 7.5445e-02 7.0221e-06 1.79592 0.18643 1.76971 -0.08557 -0.22057 -0.01098 1.83927e-02 2.06387e-03 -4.6378349235e-01 -4.4332687379e-01
270.005 -0.00000 0.00000 0.00000 0.00000 0.00000 -0.00000 2.8592e-02 4.8759e-01 5.8712e-02 -3.9274e-05 7.5445e-02 7.0221e-06 1.79404 0.18639 1.77163 -0.10357 -0.21248 -0.01419 1.83928e-02 2.06379e-03 -4.6378343113e-01 -4.4332687402e-01
272.005 0.00000 0.00000 -0.00000 0.00000 0.00000 -0.00000 3.3400e-02 4.8760e-01 5.6095e-02 -3.9274e-05 7.5445e-02 7.0221e-06 1.79038 0.18638 1.77530 -0.12094 -0.20316 -0.01551 1.83928e-02 2.06373e-03 -4.6378338738e-01 -4.4332687427e-01
274.005 0.00000 -0.00000 -0.00000 0.00000 0.00000 -0.00000 3.7974e-02 4.8760e-01 5.3082e-02 -3.9274e-05 7.5445e-02 7.0221e-06 1.78844 0.18638 1.77724 -0.13766 -0.19225 -0.01563 1.83928e-02 2.06378e-03 -4.6378341113e-01 -4.4332687451e-01
276.005 0.00000 0.00000 0.00000 0.00000 0.00000 -0.00000 4.2277e-02 4.8760e-01 4.9695e-02 -3.9274e-05 7.5445e-02 7.0221e-06 1.78632 0.18634 1.77941 -0.15319 -0.17983 -0.01739 1.83927e-02 2.06386e-03 -4.6378347339e-01 -4.4332687474e-01
278.005 0.00000 0.00000 0.00000 0.00000 0.00000 -0.00000 4.6281e-02 4.8760e-01 4.5963e-02 -3.9274e-05 7.5445e-02 7.0221e-06 1.78218 0.18632 1.78356 -0.16756 -0.16642 -0.01780 1.83927e-02 2.06393e-03 -4.6378353327e-01 -4.4332687498e-01
280.005 -0.00000 -0.00000 -0.00000 0.00000 0.00000 -0.00000 4.9962e-02 4.8761e-01 4.1910e-02 -3.9274e-05 7.5445e-02 7.0221e-06 1.77959 0.18632 1.78614 -0.18102 -0.15183 -0.01630 1.83928e-02 2.06390e-03 -4.6378353320e-01 -4.4332687521e-01
282.005 0.00000 0.00000 -0.00000 0.00000 0.00000 -0.00000 5.3289e-02 4.8761e-01 3.7559e-02 -3.9274e-05 7.5445e-02 7.0221e-06 1.77782 0.18630 1.78794 -0.19312 -0.13592 -0.01630 1.83928e-02 2.06382e-03 -4.6378347446e-01 -4.4332687543e-01
284.005 0.00000 -0.00000 -0.00000 0.00000 0.00000 -0.00000 5.6239e-02 4.8761e-01 3.2947e-02 -3.9274e-05 7.5445e-02 7.0221e-06 1.77412 0.18627 1.79168 -0.20364 -0.11923 -0.01574 1.83928e-02 2.06376e-03 -4.6378340638e-01 -4.4332687567e-01
286.005 0.00000 -0.00000 -0.00000 0.00000 0.00000 -0.00000 5.8794e-02 4.8761e-01 2.8106e-02 -3.9274e-05 7.5445e-02 7.0221e-06 1.77155 0.18627 1.79424 -0.21295 -0.10186 -0.01286 1.83927e-02 2.06376e-03 -4.6378338384e-01 -4.4332687589e-01
288.005 -0.00000 0.00000 0.00000 0.00000 0.00000 -0.00000 6.0937e-02 4.8761e-01 2.3065e-02 -3.9274e-05 7.5445e-02 7.0221e-06 1.77068 0.18627 1.79511 -0.22083 -0.08350 -0.01118 1.83927e-02 2.06383e-03 -4.6378343110e-01 -4.4332687611e-01
290.005 0.00000 -0.00000 0.00000 0.00000 0.00000 -0.00000 6.2647e-02 4.8761e-01 1.7863e-02 -3.9274e-05 7.5445e-02 7.0221e-06 1.76820 0.18624 1.79762 -0.22689 -0.06457 -0.00985 1.83927e-02 2.06388e-03 -4.6378349522e-01 -4.4332687635e-01
292.005 0.00000 0.00000 -0.00000 0.00000 0.00000 -0.00000 6.3917e-02 4.8762e-01 1.2539e-02 -3.9274e-05 7.5445e-02 7.0221e-06 1.76627 0.18623 1.79956 -0.23145 -0.04545 -0.00617 1.83928e-02 2.06390e-03 -4.6378353792e-01 -4.4332687657e-01
294.005 0.00000 0.00000 0.00000 0.00000 0.00000 -0.00000 6.4739e-02 4.8762e-01 7.1256e-03 -3.9274e-05 7.5445e-02 7.0221e-06 1.76666 0.18624 1.79916 -0.23459 -0.02584 -0.00326 1.83928e-02 2.06385e-03 -4.6378351198e-01 -4.4332687679e-01
296.005 -0.00000 0.00000 -0.00000 0.00000 0.00000 -0.00000 6.5103e-02 4.8762e-01 1.6604e-03 -3.9274e-05 7.5445e-02 7.0221e-06 1.76592 0.18623 1.79991 -0.23585 -0.00590 -0.00160 1.83928e-02 2.06380e-03 -4.6378345469e-01 -4.4332687702e-01
298.005 -0.00000 -0.00000 -0.00000 0.00000 0.00000 -0.00000 6.5008e-02 4.8762e-01 -3.8129e-03 -3.9274e-05 7.5445e-02 7.0221e-06 1.76505 0.18621 1.80080 -0.23538 0.01382 0.00209 1.83927e-02 2.06378e-03 -4.6378340111e-01 -4.4332687725e-01
300.005 0.00000 -0.00000 0.00000 0.00000 0.00000 -0.00000 6.4457e-02 4.8762e-01 -9.2594e-03 -3.9274e-05 7.5445e-02 7.0221e-06 1.76674 0.18622 1.79910 -0.23352 0.03345 0.00552 1.83927e-02 2.06381e-03 -4.6378340578e-01 -4.4332687748e-01
302.005 0.00000 0.00000 -0.00000 0.00000 0.00000 -0.00000 6.3452e-02 4.8762e-01 -1.4644e-02 -3.9274e-05 7.5445e-02 7.0221e-06 1.76789 0.18624 1.79793 -0.22992 0.05310 0.00696 1.83927e-02 2.06384e-03 -4.6378344915e-01 -4.4332687771e-01
304.005 -0.00000 0.00000 -0.00000 0.00000 0.00000 -0.00000 6.1998e-02 4.8762e-01 -1.9923e-02 -3.9274e-05 7.5445e-02 7.0221e-06 1.76818 0.18621 1.79767 -0.22449 0.07221 0.00983 1.83928e-02 2.06386e-03 -4.6378349984e-01 -4.4332687795e-01
306.005 0.00000 -0.00000 0.00000 0.00000 0.00000 -0.00000 6.0110e-02 4.8762e-01 -2.5060e-02 -3.9274e-05 7.5445e-02 7.0221e-06 1.77088 0.18622 1.79496 -0.21771 0.09066 0.01300 1.83928e-02 2.06385e-03 -4.6378351724e-01 -4.4332687818e-01
308.005 -0.00000 -0.00000 -0.00000 0.00000 0.00000 -0.00000 5.7799e-02 4.8762e-01 -3.0025e-02 -3.9274e-05 7.5445e-02 7.0221e-06 1.77365 0.18625 1.79217 -0.20947 0.10874 0.01373 1.83928e-02 2.06384e-03 -4.6378349409e-01 -4.4332687840e-01
310.005 -0.00000 -0.00000 0.00000 0.00000 0.00000 -0.00000 5.5077e-02 4.8761e-01 -3.4778e-02 -3.9274e-05 7.5445e-02 7.0221e-06 1.77489 0.18624 1.79093 -0.19948 0.12604 0.01511 1.83927e-02 2.06384e-03 -4.6378345285e-01 -4.4332687866e-01
312.005 0.00000 0.00000 0.00000 0.00000 0.00000 -0.00000 5.1969e-02 4.8761e-01 -3.9284e-02 -3.9274e-05 7.5445e-02 7.0221e-06 1.77801 0.18623 1.78781 -0.18818 0.14220 0.01733 1.83927e-02 2.06383e-03 -4.6378341950e-01 -4.4332687889e-01
314.005 -0.00000 0.00000 -0.00000 0.00000 0.00000 -0.00000 4.8496e-02 4.8761e-01 -4.3516e-02 -3.9274e-05 7.5445e-02 7.0221e-06 1.78178 0.18626 1.78402 -0.17577 0.15753 0.01704 1.83927e-02 2.06383e-03 -4.6378342432e-01 -4.4332687912e-01
316.005 -0.00000 -0.00000 -0.00000 0.00000 0.00000 -0.00000 4.4680e-02 4.8761e-01 -4.7444e-02 -3.9274e-05 7.5445e-02 7.0221e-06 1.78352 0.18628 1.78225 -0.16189 0.17191 0.01658 1.83928e-02 2.06381e-03 -4.6378344837e-01 -4.4332687938e-01
318.005 -0.00000 -0.00000 -0.00000 0.00000 0.00000 -0.00000 4.0547e-02 4.8761e-01 -5.1036e-02 -3.9274e-05 7.5445e-02 7.0221e-06 1.78634 0.18627 1.77944 -0.14680 0.18481 0.01744 1.83928e-02 2.06382e-03 -4.6378348299e-01 -4.4332687962e-01
320.005 -0.00000 0.00000 0.00000 0.00000 0.00000 -0.00000 3.6131e-02 4.8761e-01 -5.4270e-02 -3.9274e-05 7.5445e-02 7.0221e-06 1.79028 0.18629 1.77549 -0.13094 0.19643 0.01611 1.83928e-02 2.06384e-03 -4.6378349943e-01 -4.4332687985e-01
322.005 -0.00000 0.00000 -0.00000 0.00000 0.00000 -0.00000 3.1459e-02 4.8760e-01 -5.7126e-02 -3.9274e-05 7.5445e-02 7.0221e-06 1.79197 0.18633 1.77376 -0.11407 0.20693 0.01386 1.83927e-02 2.06387e-03 -4.6378349725e-01 -4.4332688010e-01
324.005 0.00000 -0.00000 -0.00000 -0.00000 0.00000 -0.00000 2.6561e-02 4.8760e-01 -5.9579e-02 -3.9274e-05 7.5445e-02 7.0221e-06 1.79377 0.18633 1.77195 -0.09617 0.21580 0.01328 1.83927e-02 2.06387e-03 -4.6378346876e-01 -4.4332688034e-01
326.005 -0.00000 -0.00000 -0.00000 -0.00000 0.00000 -0.00000 2.1479e-02 4.8760e-01 -6.1612e-02 -3.9274e-05 7.5445e-02 7.0221e-06 1.79703 0.18633 1.76869 -0.07783 0.22301 0.01120 1.83927e-02 2.06384e-03 -4.6378343640e-01 -4.4332688058e-01
328.005 0.00000 0.00000 0.00000 -0.00000 0.00000 -0.00000 1.6245e-02 4.8760e-01 -6.3216e-02 -3.9274e-05 7.5445e-02 7.0221e-06 1.79816 0.18637 1.76753 -0.05900 0.22892 0.00761 1.83927e-02 2.06379e-03 -4.6378341996e-01 -4.4332688081e-01
330.005 -0.00000 0.00000 -0.00000 -0.00000 0.00000 -0.00000 1.0892e-02 4.8760e-01 -6.4376e-02 -3.9274e-05 7.5445e-02 7.0221e-06 1.79844 0.18640 1.76722 -0.03948 0.23321 0.00585 1.83928e-02 2.06377e-03 -4.6378343150e-01 -4.4332688106e-01
332.005 -0.00000 -0.00000 0.00000 -0.00000 0.00000 -0.00000 5.4615e-03 4.8759e-01 -6.5081e-02 -3.9274e-05 7.5445e-02 7.0221e-06 1.80034 0.18640 1.76532 -0.01977 0.23560 0.00353 1.83928e-02 2.06382e-03 -4.6378346857e-01 -4.4332688130e-01
334.005 -0.00000 -0.00000 0.00000 -0.00000 0.00000 -0.00000 -6.2618e-06 4.8759e-01 -6.5330e-02 -3.9274e-05 7.5445e-02 7.0221e-06 1.80058 0.18642 1.76506 -0.00014 0.23651 -0.00063 1.83927e-02 2.06387e-03 -4.6378350380e-01 -4.4332688152e-01
336.005 -0.00000 0.00000 0.00000 -0.00000 0.00000 -0.00000 -5.4784e-03 4.8759e-01 -6.5124e-02 -3.9274e-05 7.5445e-02 7.0221e-06 1.79916 0.18646 1.76644 0.01973 0.23591 -0.00303 1.83927e-02 2.06391e-03 -4.6378351568e-01 -4.4332688176e-01
338.005 -0.00000 0.00000 0.00000 -0.00000 0.00000 -0.00000 -1.0915e-02 4.8758e-01 -6.4457e-02 -3.9274e-05 7.5445e-02 7.0221e-06 1.79935 0.18647 1.76623 0.03954 0.23339 -0.00496 1.83927e-02 2.06387e-03 -4.6378348067e-01 -4.4332688199e-01
340.005 0.00000 -0.00000 0.00000 -0.00000 0.00000 -0.00000 -1.6273e-02 4.8758e-01 -6.3337e-02 -3.9274e-05 7.5445e-02 7.0221e-06 1.79864 0.18648 1.76695 0.05881 0.22925 -0.00880 1.83927e-02 2.06380e-03 -4.6378343176e-01 -4.4332688221e-01
342.005 0.00000 0.00000 0.00000 -0.00000 0.00000 -0.00000 -2.1520e-02 4.8758e-01 -6.1777e-02 -3.9274e-05 7.5445e-02 7.0221e-06 1.79576 0.18652 1.76979 0.07776 0.22375 -0.01119 1.83928e-02 2.06375e-03 -4.6378340020e-01 -4.4332688244e-01
344.005 0.00000 0.00000 0.00000 -0.00000 0.00000 -0.00000 -2.6621e-02 4.8758e-01 -5.9780e-02 -3.9274e-05 7.5445e-02 7.0221e-06 1.79428 0.18654 1.77123 0.09639 0.21652 -0.01217 1.83928e-02 2.06378e-03 -4.6378342064e-01 -4.4332688267e-01
346.005 -0.00000 -0.00000 0.00000 -0.00000 0.00000 -0.00000 -3.1534e-02 4.8757e-01 -5.7362e-02 -3.9274e-05 7.5445e-02 7.0221e-06 1.79283 0.18654 1.77269 0.11412 0.20761 -0.01487 1.83927e-02 2.06385e-03 -4.6378347383e-01 -4.4332688288e-01
348.005 -0.00000 -0.00000 0.00000 -0.00000 0.00000 -0.00000 -3.6226e-02 4.8757e-01 -5.4544e-02 -3.9274e-05 7.5445e-02 7.0221e-06 1.78906 0.18656 1.77644 0.13098 0.19751 -0.01665 1.83927e-02 2.06391e-03 -4.6378352390e-01 -4.4332688310e-01
350.005 0.00000 0.00000 -0.00000 -0.00000 0.00000 -0.00000 -4.0670e-02 4.8757e-01 -5.1344e-02 -3.9274e-05 7.5445e-02 7.0221e-06 1.78634 0.18660 1.77912 0.14721 0.18601 -0.01630 1.83927e-02 2.06391e-03 -4.6378352580e-01 -4.4332688332e-01
352.005 0.00000 -0.00000 0.00000 -0.00000 0.00000 -0.00000 -4.4829e-02 4.8756e-01 -4.7780e-02 -3.9274e-05 7.5445e-02 7.0221e-06 1.78460 0.18661 1.78085 0.16231 0.17294 -0.01729 1.83928e-02 2.06384e-03 -4.6378347406e-01 -4.4332688353e-01
354.005 -0.00000 -0.00000 -0.00000 -0.00000 0.00000 -0.00000 -4.8672e-02 4.8756e-01 -4.3882e-02 -3.9274e-05 7.5445e-02 7.0221e-06 1.78074 0.18661 1.78471 0.17606 0.15884 -0.01808 1.83928e-02 2.06377e-03 -4.6378341189e-01 -4.4332688374e-01
356.005 -0.00000 -0.00000 0.00000 -0.00000 0.00000 -0.00000 -5.2179e-02 4.8756e-01 -3.9679e-02 -3.9274e-05 7.5445e-02 7.0221e-06 1.77745 0.18665 1.78796 0.18881 0.14377 -0.01635 1.83928e-02 2.06375e-03 -4.6378338917e-01 -4.4332688395e-01
358.005 0.00000 -0.00000 -0.00000 -0.00000 0.00000 -0.00000 -5.5323e-02 4.8756e-01 -3.5193e-02 -3.9274e-05 7.5445e-02 7.0221e-06 1.77597 0.18667 1.78942 0.20032 0.12743 -0.01544 1.83927e-02 2.06381e-03 -4.6378342884e-01 -4.4332688416e-01
360.005 0.00000 -0.00000 -0.00000 -0.00000 0.00000 -0.00000 -5.8076e-02 4.8756e-01 -3.0460e-02 -3.9274e-05 7.5445e-02 7.0221e-06 1.77286 0.18666 1.79254 0.21015 0.11020 -0.01512 1.83927e-02 2.06388e-03 -4.6378349230e-01 -4.4332688436e-01
362.005 0.00000 -0.00000 0.00000 -0.00000 0.00000 -0.00000 -6.0426e-02 4.8755e-01 -2.5517e-02 -3.9274e-05 7.5445e-02 7.0221e-06 1.76979 0.18667 1.79560 0.21862 0.09246 -0.01231 1.83927e-02 2.06391e-03 -4.6378353554e-01 -4.4332688457e-01
364.005 0.00000 0.00000 -0.00000 -0.00000 0.00000 -0.00000 -6.2356e-02 4.8755e-01 -2.0392e-02 -3.9274e-05 7.5445e-02 7.0221e-06 1.76906 0.18671 1.79629 0.22577 0.07390 -0.00974 1.83928e-02 2.06387e-03 -4.6378351645e-01 -4.4332688477e-01
366.005 0.00000 0.00000 -0.00000 -0.00000 0.00000 -0.00000 -6.3847e-02 4.8755e-01 -1.5122e-02 -3.9274e-05 7.5445e-02 7.0221e-06 1.76742 0.18670 1.79794 0.23111 0.05466 -0.00851 1.83928e-02 2.06381e-03 -4.6378345616e-01 -4.4332688498e-01
368.005 0.00000 0.00000 -0.00000 -0.00000 0.00000 -0.00000 -6.4892e-02 4.8755e-01 -9.7482e-03 -3.9274e-05 7.5445e-02 7.0221e-06 1.76522 0.18669 1.80015 0.23476 0.03531 -0.00521 1.83927e-02 2.06377e-03 -4.6378340023e-01 -4.4332688519e-01
370.005 0.00000 -0.00000 -0.00000 -0.00000 0.00000 -0.00000 -6.5487e-02 4.8755e-01 -4.3060e-03 -3.9274e-05 7.5445e-02 7.0221e-06 1.76557 0.18672 1.79977 0.23705 0.01570 -0.00157 1.83927e-02 2.06379e-03 -4.6378339863e-01 -4.4332688539e-01
372.005 0.00000 -0.00000 -0.00000 -0.00000 0.00000 -0.00000 -6.5622e-02 4.8755e-01 1.1698e-03 -3.9274e-05 7.5445e-02 7.0221e-06 1.76577 0.18673 1.79956 0.23758 -0.00429 0.00013 1.83927e-02 2.06384e-03 -4.6378344629e-01 -4.4332688559e-01
374.005 0.00000 -0.00000 -0.00000 -0.00000 0.00000 -0.00000 -6.5297e-02 4.8755e-01 6.6355e-03 -3.9274e-05 7.5445e-02 7.0221e-06 1.76487 0.18671 1.80048 0.23624 -0.02406 0.00318 1.83927e-02 2.06387e-03 -4.6378350312e-01 -4.4332688581e-01
376.005 0.00000 0.00000 0.00000 0.00000 0.00000 -0.00000 -6.4518e-02 4.8755e-01 1.2053e-02 -3.9274e-05 7.5445e-02 7.0221e-06 1.76631 0.18672 1.79903 0.23348 -0.04353 0.00707 1.83928e-02 2.06387e-03 -4.6378352668e-01 -4.4332688601e-01
378.005 0.00000 0.00000 -0.00000 0.00000 0.00000 -0.00000 -6.3290e-02 4.8755e-01 1.7390e-02 -3.9274e-05 7.5445e-02 7.0221e-06 1.76835 0.18674 1.79698 0.22916 -0.06295 0.00869 1.83928e-02 2.06384e-03 -4.6378349914e-01 -4.4332688622e-01
380.005 -0.00000 -0.00000 -0.00000 0.00000 0.00000 -0.00000 -6.1615e-02 4.8755e-01 2.2605e-02 -3.9274e-05 7.5445e-02 7.0221e-06 1.76883 0.18672 1.79652 0.22296 -0.08192 0.01075 1.83927e-02 2.06382e-03 -4.6378344692e-01 -4.4332688644e-01
382.005 -0.00000 -0.00000 0.00000 0.00000 0.00000 -0.00000 -5.9512e-02 4.8755e-01 2.7659e-02 -3.9274e-05 7.5445e-02 7.0221e-06 1.77109 0.18670 1.79427 0.21531 -0.10006 0.01405 1.83927e-02 2.06380e-03 -4.6378340813e-01 -4.4332688664e-01
384.005 -0.00000 -0.00000 0.00000 0.00000 0.00000 -0.00000 -5.6996e-02 4.8755e-01 3.2521e-02 -3.9274e-05 7.5445e-02 7.0221e-06 1.77454 0.18672 1.79080 0.20636 -0.11767 0.01508 1.83927e-02 2.06382e-03 -4.6378341612e-01 -4.4332688685e-01
386.005 -0.00000 -0.00000 -0.00000 0.00000 0.00000 -0.00000 -5.4078e-02 4.8755e-01 3.7157e-02 -3.9274e-05 7.5445e-02 7.0221e-06 1.77615 0.18671 1.78920 0.19574 -0.13461 0.01561 1.83927e-02 2.06383e-03 -4.6378345388e-01 -4.4332688707e-01
388.005 -0.00000 -0.00000 -0.00000 0.00000 0.00000 -0.00000 -5.0783e-02 4.8755e-01 4.1529e-02 -3.9274e-05 7.5445e-02 7.0221e-06 1.77868 0.18668 1.78671 0.18368 -0.15034 0.01765 1.83928e-02 2.06384e-03 -4.6378349571e-01 -4.4332688729e-01
390.005 0.00000 -0.00000 0.00000 0.00000 0.00000 -0.00000 -4.7136e-02 4.8755e-01 4.5611e-02 -3.9274e-05 7.5445e-02 7.0221e-06 1.78282 0.18667 1.78257 0.17062 -0.16503 0.01776 1.83928e-02 2.06385e-03 -4.6378351015e-01 -4.4332688750e-01
392.005 -0.00000 0.00000 0.00000 0.00000 0.00000 -0.00000 -4.3159e-02 4.8756e-01 4.9376e-02 -3.9274e-05 7.5445e-02 7.0221e-06 1.78504 0.18668 1.78033 0.15626 -0.17882 0.01654 1.83928e-02 2.06385e-03 -4.6378349295e-01 -4.4332688772e-01
394.005 0.00000 0.00000 0.00000 0.00000 0.00000 -0.00000 -3.8879e-02 4.8756e-01 5.2793e-02 -3.9274e-05 7.5445e-02 7.0221e-06 1.78719 0.18665 1.77822 0.14060 -0.19118 0.01695 1.83927e-02 2.06385e-03 -4.6378345462e-01 -4.4332688794e-01
396.005 -0.00000 -0.00000 0.00000 0.00000 0.00000 -0.00000 -3.4330e-02 4.8756e-01 5.5838e-02 -3.9274e-05 7.5445e-02 7.0221e-06 1.79113 0.18662 1.77430 0.12419 -0.20206 0.01610 1.83927e-02 2.06383e-03 -4.6378342363e-01 -4.4332688816e-01
398.005 -0.00000 -0.00000 -0.00000 0.00000 0.00000 -0.00000 -2.9544e-02 4.8756e-01 5.8495e-02 -3.9274e-05 7.5445e-02 7.0221e-06 1.79336 0.18663 1.77207 0.10699 -0.21178 0.01333 1.83927e-02 2.06380e-03 -4.6378342150e-01 -4.4332688837e-01
400.000 -0.00000 0.00000 -0.00000 0.00000 0.00000 -0.00000 -2.4561e-02 4.8756e-01 6.0737e-02 -3.9274e-05 7.5445e-02 7.0221e-06 1.79450 0.18662 1.77094 0.08881 -0.21999 0.01211 1.83928e-02 2.06380e-03 -4.6378344512e-01 -4.4332688860e-01
