# t x y z vx vy vz omx omy omz llx lly llz Ixx Iyy Izz Ixy Iyz Ixz KErot PEspr PEgrav Etot
0.000 -0.00000 -0.00000 0.00000 0.00000 0.00000 -0.00000 1.4269e-02 5.3244e-02 -7.7020e-02 -3.7238e-05 7.2131e-02 -2.0613e-07 1.81307 1.81007 0.26537 -0.05683 0.30424 0.29710 1.92000e-03 2.66691e-29 -4.5809540771e-01 -4.5617541047e-01
2.005 -0.00000 -0.00000 0.00000 -0.00000 -0.00000 0.00000 8.1275e-03 5.3862e-02 -7.8215e-02 -3.7238e-05 7.2131e-02 -2.0613e-07 1.82354 1.78412 0.22617 -0.03197 0.30308 0.16795 2.04974e-03 8.52481e-04 -4.6057046943e-01 -4.5766824947e-01
4.005 0.00000 0.00000 -0.00000 -0.00000 -0.00000 0.00000 1.8946e-03 5.4149e-02 -7.8349e-02 -3.7238e-05 7.2131e-02 -2.0613e-07 1.82403 1.76892 0.20947 -0.00774 0.30172 0.03923 2.06384e-03 1.54684e-03 -4.6159005090e-01 -4.5797937092e-01
6.000 0.00000 -0.00000 0.00000 -0.00000 0.00000 0.00000 -4.2990e-03 5.4289e-02 -7.8132e-02 -3.7238e-05 7.2131e-02 -2.0613e-07 1.81232 1.76161 0.21326 0.01611 0.29995 -0.08805 2.01037e-03 2.00303e-03 -4.6208921188e-01 -4.5807581191e-01
8.000 0.00000 0.00000 -0.00000 -0.00000 0.00000 0.00000 -1.0474e-02 5.4331e-02 -7.7510e-02 -3.7238e-05 7.2131e-02 -2.0613e-07 1.78586 1.75934 0.23712 0.03986 0.29723 -0.21291 1.97443e-03 2.16489e-03 -4.6224925440e-01 -4.5810992542e-01
10.000 -0.00000 0.00000 -0.00000 -0.00000 0.00000 -0.00000 -1.6587e-02 5.4328e-02 -7.6439e-02 -3.7238e-05 7.2131e-02 -2.0613e-07 1.74243 1.75940 0.28046 0.06340 0.29307 -0.33256 1.96193e-03 2.16567e-03 -4.6224995943e-01 -4.5812235961e-01
12.005 0.00000 -0.00000 -0.00000 -0.00000 0.00000 -0.00000 -2.2617e-02 5.4310e-02 -7.4897e-02 -3.7238e-05 7.2131e-02 -2.0613e-07 1.68125 1.76022 0.34242 0.08665 0.28716 -0.44436 1.95929e-03 2.11181e-03 -4.6219772537e-01 -4.5812662309e-01
14.005 0.00000 0.00000 0.00000 -0.00000 0.00000 -0.00000 -2.8490e-02 5.4293e-02 -7.2881e-02 -3.7238e-05 7.2131e-02 -2.0613e-07 1.60332 1.76097 0.42113 0.10929 0.27941 -0.54483 1.95878e-03 2.06066e-03 -4.6214739054e-01 -4.5812794450e-01
16.005 0.00000 0.00000 0.00000 -0.00000 0.00000 -0.00000 -3.4182e-02 5.4280e-02 -7.0398e-02 -3.7238e-05 7.2131e-02 -2.0613e-07 1.51027 1.76144 0.51475 0.13121 0.26983 -0.63163 1.95836e-03 2.02615e-03 -4.6211285575e-01 -4.5812834519e-01
18.005 0.00000 -0.00000 -0.00000 -0.00000 0.00000 -0.00000 -3.9658e-02 5.4272e-02 -6.7467e-02 -3.7238e-05 7.2131e-02 -2.0613e-07 1.40448 1.76166 0.62090 0.15224 0.25849 -0.70254 1.95820e-03 2.00745e-03 -4.6209412970e-01 -4.5812847621e-01
20.000 0.00000 0.00000 0.00000 -0.00000 0.00000 -0.00000 -4.4868e-02 5.4267e-02 -6.4117e-02 -3.7238e-05 7.2131e-02 -2.0613e-07 1.28896 1.76168 0.73662 0.17221 0.24555 -0.75566 1.95807e-03 2.00018e-03 -4.6208677119e-01 -4.5812852226e-01
22.000 0.00000 -0.00000 0.00000 -0.00000 0.00000 -0.00000 -4.9805e-02 5.4264e-02 -6.0353e-02 -3.7238e-05 7.2131e-02 -2.0613e-07 1.16612 1.76159 0.85958 0.19108 0.23103 -0.78990 1.95800e-03 1.99905e-03 -4.6208559199e-01 -4.5812855077e-01
24.000 0.00000 -0.00000 -0.00000 -0.00000 0.00000 -0.00000 -5.4428e-02 5.4262e-02 -5.6210e-02 -3.7238e-05 7.2131e-02 -2.0613e-07 1.03936 1.76148 0.98643 0.20871 0.21510 -0.80428 1.95805e-03 2.00015e-03 -4.6208676621e-01 -4.5812856385e-01
26.000 -0.00000 -0.00000 0.00000 -0.00000 0.00000 -0.00000 -5.8708e-02 5.4260e-02 -5.1715e-02 -3.7238e-05 7.2131e-02 -2.0613e-07 0.91189 1.76136 1.11396 0.22499 0.19786 -0.79841 1.95803e-03 2.00177e-03 -4.6208837081e-01 -4.5812857128e-01
28.000 -0.00000 -0.00000 -0.00000 -0.00000 0.00000 0.00000 -6.2619e-02 5.4259e-02 -4.6897e-02 -3.7238e-05 7.2131e-02 -2.0613e-07 0.78692 1.76128 1.23898 0.23985 0.17943 -0.77243 1.95804e-03 2.00267e-03 -4.6208929351e-01 -4.5812858131e-01
30.000 0.00000 -0.00000 -0.00000 -0.00000 0.00000 0.00000 -6.6137e-02 5.4257e-02 -4.1786e-02 -3.7238e-05 7.2131e-02 -2.0613e-07 0.66761 1.76124 1.35831 0.25321 0.15991 -0.72700 1.95807e-03 2.00339e-03 -4.6209003878e-01 -4.5812858512e-01
32.000 0.00000 0.00000 0.00000 -0.00000 0.00000 0.00000 -6.9240e-02 5.4255e-02 -3.6413e-02 -3.7238e-05 7.2131e-02 -2.0613e-07 0.55698 1.76123 1.46894 0.26500 0.13943 -0.66324 1.95803e-03 2.00374e-03 -4.6209036396e-01 -4.5812858632e-01
34.000 0.00000 -0.00000 -0.00000 -0.00000 0.00000 0.00000 -7.1911e-02 5.4254e-02 -3.0812e-02 -3.7238e-05 7.2131e-02 -2.0613e-07 0.45782 1.76127 1.56806 0.27515 0.11809 -0.58278 1.95806e-03 2.00361e-03 -4.6209026494e-01 -4.5812858766e-01
36.000 0.00000 -0.00000 0.00000 -0.00000 0.00000 0.00000 -7.4131e-02 5.4253e-02 -2.5018e-02 -3.7238e-05 7.2131e-02 -2.0613e-07 0.37264 1.76134 1.65317 0.28362 0.09601 -0.48765 1.95806e-03 2.00367e-03 -4.6209031639e-01 -4.5812858822e-01
38.000 -0.00000 -0.00000 0.00000 -0.00000 0.00000 0.00000 -7.5887e-02 5.4252e-02 -1.9065e-02 -3.7238e-05 7.2131e-02 -2.0613e-07 0.30359 1.76143 1.72211 0.29034 0.07331 -0.38025 1.95804e-03 2.00407e-03 -4.6209069797e-01 -4.5812858957e-01
40.005 -0.00000 -0.00000 -0.00000 -0.00000 0.00000 0.00000 -7.7170e-02 5.4251e-02 -1.2977e-02 -3.7238e-05 7.2131e-02 -2.0613e-07 0.25229 1.76156 1.77330 0.29528 0.05005 -0.26301 1.95807e-03 2.00371e-03 -4.6209036703e-01 -4.5812859047e-01
42.005 0.00000 -0.00000 0.00000 -0.00000 0.00000 0.00000 -7.7965e-02 5.4251e-02 -6.8201e-03 -3.7238e-05 7.2131e-02 -2.0613e-07 0.22029 1.76169 1.80518 0.29836 0.02650 -0.13947 1.95804e-03 2.00339e-03 -4.6209001913e-01 -4.5812859116e-01
44.005 0.00000 -0.00000 0.00000 -0.00000 0.00000 0.00000 -7.8267e-02 5.4251e-02 -6.1837e-04 -3.7238e-05 7.2131e-02 -2.0613e-07 0.20822 1.76180 1.81713 0.29957 0.00273 -0.01246 1.95805e-03 2.00359e-03 -4.6209022794e-01 -4.5812859247e-01
46.005 0.00000 -0.00000 -0.00000 -0.00000 0.00000 0.00000 -7.8077e-02 5.4251e-02 5.5887e-03 -3.7238e-05 7.2131e-02 -2.0613e-07 0.21638 1.76191 1.80888 0.29889 -0.02111 0.11481 1.95806e-03 2.00336e-03 -4.6209000960e-01 -4.5812859302e-01
48.005 -0.00000 0.00000 0.00000 -0.00000 0.00000 0.00000 -7.7393e-02 5.4251e-02 1.1762e-02 -3.7238e-05 7.2131e-02 -2.0613e-07 0.24453 1.76199 1.78065 0.29630 -0.04484 0.23918 1.95803e-03 2.00302e-03 -4.6208964133e-01 -4.5812859397e-01
50.005 0.00000 0.00000 0.00000 -0.00000 0.00000 0.00000 -7.6219e-02 5.4252e-02 1.7861e-02 -3.7238e-05 7.2131e-02 -2.0613e-07 0.29198 1.76202 1.73316 0.29182 -0.06832 0.35752 1.95805e-03 2.00316e-03 -4.6208980511e-01 -4.5812859502e-01
52.005 0.00000 -0.00000 -0.00000 -0.00000 0.00000 0.00000 -7.4562e-02 5.4253e-02 2.3848e-02 -3.7238e-05 7.2131e-02 -2.0613e-07 0.35753 1.76202 1.66761 0.28546 -0.09137 0.46688 1.95805e-03 2.00322e-03 -4.6208986574e-01 -4.5812859548e-01
54.005 0.00000 0.00000 -0.00000 -0.00000 0.00000 0.00000 -7.2435e-02 5.4254e-02 2.9684e-02 -3.7238e-05 7.2131e-02 -2.0613e-07 0.43954 1.76198 1.58564 0.27728 -0.11383 0.56453 1.95803e-03 2.00308e-03 -4.6208971147e-01 -4.5812859657e-01
56.005 0.00000 0.00000 0.00000 -0.00000 0.00000 0.00000 -6.9848e-02 5.4255e-02 3.5330e-02 -3.7238e-05 7.2131e-02 -2.0613e-07 0.53596 1.76190 1.48930 0.26733 -0.13556 0.64802 1.95806e-03 2.00314e-03 -4.6208979149e-01 -4.5812859731e-01
58.005 -0.00000 -0.00000 0.00000 -0.00000 0.00000 0.00000 -6.6821e-02 5.4257e-02 4.0753e-02 -3.7238e-05 7.2131e-02 -2.0613e-07 0.64439 1.76179 1.38098 0.25569 -0.15639 0.71525 1.95804e-03 2.00329e-03 -4.6208993024e-01 -4.5812859785e-01
60.005 0.00000 -0.00000 0.00000 -0.00000 0.00000 0.00000 -6.3373e-02 5.4259e-02 4.5917e-02 -3.7238e-05 7.2131e-02 -2.0613e-07 0.76211 1.76167 1.26339 0.24244 -0.17619 0.76454 1.95804e-03 2.00332e-03 -4.6208995974e-01 -4.5812859892e-01
62.005 -0.00000 0.00000 -0.00000 -0.00000 0.00000 0.00000 -5.9527e-02 5.4261e-02 5.0790e-02 -3.7238e-05 7.2131e-02 -2.0613e-07 0.88617 1.76153 1.13946 0.22770 -0.19486 0.79461 1.95806e-03 2.00325e-03 -4.6208990472e-01 -4.5812859942e-01
64.005 0.00000 0.00000 -0.00000 -0.00000 0.00000 0.00000 -5.5307e-02 5.4263e-02 5.5342e-02 -3.7238e-05 7.2131e-02 -2.0613e-07 1.01345 1.76140 1.01231 0.21155 -0.21226 0.80471 1.95803e-03 2.00325e-03 -4.6208988254e-01 -4.5812860009e-01
66.005 0.00000 -0.00000 0.00000 -0.00000 0.00000 0.00000 -5.0741e-02 5.4265e-02 5.9545e-02 -3.7238e-05 7.2131e-02 -2.0613e-07 1.14075 1.76128 0.88513 0.19411 -0.22832 0.79454 1.95805e-03 2.00336e-03 -4.6209000947e-01 -4.5812860101e-01
68.005 -0.00000 0.00000 -0.00000 -0.00000 0.00000 0.00000 -4.5857e-02 5.4268e-02 6.3374e-02 -3.7238e-05 7.2131e-02 -2.0613e-07 1.26484 1.76119 0.76113 0.17549 -0.24295 0.76437 1.95805e-03 2.00328e-03 -4.6208993229e-01 -4.5812860138e-01
70.005 0.00000 -0.00000 0.00000 -0.00000 0.00000 0.00000 -4.0688e-02 5.4270e-02 6.6806e-02 -3.7238e-05 7.2131e-02 -2.0613e-07 1.38259 1.76113 0.64344 0.15580 -0.25607 0.71494 1.95803e-03 2.00308e-03 -4.6208971857e-01 -4.5812860219e-01
72.005 0.00000 0.00000 0.00000 -0.00000 0.00000 0.00000 -3.5264e-02 5.4273e-02 6.9819e-02 -3.7238e-05 7.2131e-02 -2.0613e-07 1.49101 1.76110 0.53505 0.13515 -0.26761 0.64748 1.95805e-03 2.00323e-03 -4.6208988703e-01 -4.5812860286e-01
74.005 -0.00000 0.00000 0.00000 -0.00000 0.00000 0.00000 -2.9619e-02 5.4276e-02 7.2395e-02 -3.7238e-05 7.2131e-02 -2.0613e-07 1.58736 1.76112 0.43868 0.11365 -0.27750 0.56372 1.95804e-03 2.00331e-03 -4.6208995158e-01 -4.5812860325e-01
76.005 -0.00000 0.00000 -0.00000 -0.00000 0.00000 0.00000 -2.3788e-02 5.4279e-02 7.4518e-02 -3.7238e-05 7.2131e-02 -2.0613e-07 1.66921 1.76117 0.35678 0.09141 -0.28570 0.46577 1.95804e-03 2.00302e-03 -4.6208966434e-01 -4.5812860410e-01
78.005 0.00000 -0.00000 -0.00000 -0.00000 0.00000 0.00000 -1.7807e-02 5.4282e-02 7.6173e-02 -3.7238e-05 7.2131e-02 -2.0613e-07 1.73450 1.76124 0.29142 0.06857 -0.29213 0.35611 1.95805e-03 2.00315e-03 -4.6208980290e-01 -4.5812860452e-01
80.005 0.00000 -0.00000 -0.00000 -0.00000 0.00000 0.00000 -1.1712e-02 5.4285e-02 7.7350e-02 -3.7238e-05 7.2131e-02 -2.0613e-07 1.78160 1.76133 0.24423 0.04524 -0.29675 0.23753 1.95803e-03 2.00340e-03 -4.6209003371e-01 -4.5812860505e-01
82.005 -0.00000 -0.00000 -0.00000 -0.00000 0.00000 0.00000 -5.5426e-03 5.4289e-02 7.8042e-02 -3.7238e-05 7.2131e-02 -2.0613e-07 1.80935 1.76143 0.21638 0.02158 -0.29952 0.11301 1.95804e-03 2.00314e-03 -4.6208979433e-01 -4.5812860579e-01
84.005 0.00000 -0.00000 -0.00000 -0.00000 0.00000 0.00000 6.6348e-04 5.4292e-02 7.8241e-02 -3.7238e-05 7.2131e-02 -2.0613e-07 1.81707 1.76152 0.20857 -0.00228 -0.30040 -0.01430 1.95805e-03 2.00318e-03 -4.6208983023e-01 -4.5812860607e-01
86.005 -0.00000 0.00000 -0.00000 -0.00000 0.00000 0.00000 6.8666e-03 5.4295e-02 7.7945e-02 -3.7238e-05 7.2131e-02 -2.0613e-07 1.80459 1.76159 0.22098 -0.02618 -0.29937 -0.14122 1.95803e-03 2.00346e-03 -4.6209010255e-01 -4.5812860675e-01
88.005 -0.00000 -0.00000 0.00000 -0.00000 0.00000 0.00000 1.3028e-02 5.4298e-02 7.7158e-02 -3.7238e-05 7.2131e-02 -2.0613e-07 1.77225 1.76164 0.25327 -0.04996 -0.29643 -0.26456 1.95805e-03 2.00332e-03 -4.6208997615e-01 -4.5812860727e-01
90.005 -0.00000 0.00000 0.00000 0.00000 0.00000 0.00000 1.9107e-02 5.4301e-02 7.5882e-02 -3.7238e-05 7.2131e-02 -2.0613e-07 1.72087 1.76165 0.30465 -0.07345 -0.29158 -0.38124 1.95804e-03 2.00327e-03 -4.6208991390e-01 -4.5812860760e-01
92.005 -0.00000 0.00000 -0.00000 0.00000 0.00000 0.00000 2.5064e-02 5.4304e-02 7.4124e-02 -3.7238e-05 7.2131e-02 -2.0613e-07 1.65173 1.76162 0.37381 -0.09648 -0.28485 -0.48834 1.95804e-03 2.00344e-03 -4.6209008554e-01 -4.5812860829e-01
94.005 -0.00000 0.00000 -0.00000 0.00000 0.00000 0.00000 3.0863e-02 5.4307e-02 7.1898e-02 -3.7238e-05 7.2131e-02 -2.0613e-07 1.56657 1.76155 0.45903 -0.11889 -0.27629 -0.58319 1.95805e-03 2.00342e-03 -4.6209007550e-01 -4.5812860864e-01
96.005 -0.00000 -0.00000 -0.00000 0.00000 0.00000 0.00000 3.6466e-02 5.4310e-02 6.9218e-02 -3.7238e-05 7.2131e-02 -2.0613e-07 1.46751 1.76146 0.55819 -0.14053 -0.26597 -0.66341 1.95804e-03 2.00337e-03 -4.6209001039e-01 -4.5812860906e-01
98.005 0.00000 -0.00000 0.00000 0.00000 0.00000 0.00000 4.1836e-02 5.4313e-02 6.6100e-02 -3.7238e-05 7.2131e-02 -2.0613e-07 1.35703 1.76133 0.66880 -0.16124 -0.25396 -0.72698 1.95804e-03 2.00337e-03 -4.6209002505e-01 -4.5812860968e-01
100.005 -0.00000 0.00000 0.00000 0.00000 0.00000 0.00000 4.6941e-02 5.4316e-02 6.2565e-02 -3.7238e-05 7.2131e-02 -2.0613e-07 1.23787 1.76119 0.78809 -0.18090 -0.24036 -0.77229 1.95804e-03 2.00342e-03 -4.6209007292e-01 -4.5812860994e-01
102.005 0.00000 0.00000 -0.00000 -0.00000 0.00000 0.00000 5.1749e-02 5.4318e-02 5.8638e-02 -3.7238e-05 7.2131e-02 -2.0613e-07 1.11302 1.76105 0.91308 -0.19938 -0.22526 -0.79820 1.95803e-03 2.00346e-03 -4.6209010771e-01 -4.5812861044e-01
104.005 0.00000 -0.00000 -0.00000 0.00000 0.00000 0.00000 5.6230e-02 5.4320e-02 5.4343e-02 -3.7238e-05 7.2131e-02 -2.0613e-07 0.98561 1.76093 1.04062 -0.21658 -0.20877 -0.80403 1.95804e-03 2.00335e-03 -4.6209000564e-01 -4.5812861092e-01
106.005 -0.00000 -0.00000 0.00000 0.00000 0.00000 0.00000 6.0357e-02 5.4322e-02 4.9708e-02 -3.7238e-05 7.2131e-02 -2.0613e-07 0.85885 1.76082 1.16749 -0.23240 -0.19100 -0.78961 1.95804e-03 2.00337e-03 -4.6209001674e-01 -4.5812861115e-01
108.005 0.00000 -0.00000 0.00000 0.00000 0.00000 0.00000 6.4104e-02 5.4324e-02 4.4762e-02 -3.7238e-05 7.2131e-02 -2.0613e-07 0.73594 1.76073 1.29048 -0.24676 -0.17206 -0.75530 1.95803e-03 2.00353e-03 -4.6209017471e-01 -4.5812861170e-01
110.005 0.00000 -0.00000 -0.00000 0.00000 0.00000 0.00000 6.7449e-02 5.4326e-02 3.9536e-02 -3.7238e-05 7.2131e-02 -2.0613e-07 0.61998 1.76069 1.40649 -0.25958 -0.15207 -0.70195 1.95805e-03 2.00339e-03 -4.6209004911e-01 -4.5812861202e-01
112.005 -0.00000 -0.00000 0.00000 0.00000 -0.00000 0.00000 7.0372e-02 5.4328e-02 3.4063e-02 -3.7238e-05 7.2131e-02 -2.0613e-07 0.51391 1.76069 1.51256 -0.27080 -0.13114 -0.63090 1.95803e-03 2.00331e-03 -4.6208995364e-01 -4.5812861232e-01
114.005 0.00000 0.00000 0.00000 0.00000 -0.00000 0.00000 7.2853e-02 5.4329e-02 2.8375e-02 -3.7238e-05 7.2131e-02 -2.0613e-07 0.42042 1.76073 1.60601 -0.28034 -0.10938 -0.54396 1.95804e-03 2.00352e-03 -4.6209016851e-01 -4.5812861283e-01
116.005 0.00000 -0.00000 -0.00000 0.00000 -0.00000 0.00000 7.4878e-02 5.4330e-02 2.2510e-02 -3.7238e-05 7.2131e-02 -2.0613e-07 0.34186 1.76080 1.68450 -0.28816 -0.08691 -0.44333 1.95804e-03 2.00345e-03 -4.6209010752e-01 -4.5812861304e-01
118.005 0.00000 -0.00000 -0.00000 0.00000 0.00000 0.00000 7.6434e-02 5.4331e-02 1.6502e-02 -3.7238e-05 7.2131e-02 -2.0613e-07 0.28021 1.76090 1.74605 -0.29419 -0.06387 -0.33157 1.95803e-03 2.00327e-03 -4.6208991194e-01 -4.5812861344e-01
120.005 -0.00000 0.00000 -0.00000 0.00000 0.00000 0.00000 7.7509e-02 5.4331e-02 1.0388e-02 -3.7238e-05 7.2131e-02 -2.0613e-07 0.23702 1.76101 1.78912 -0.29839 -0.04037 -0.21149 1.95804e-03 2.00343e-03 -4.6209008548e-01 -4.5812861382e-01
122.005 0.00000 0.00000 -0.00000 0.00000 -0.00000 0.00000 7.8097e-02 5.4331e-02 4.2074e-03 -3.7238e-05 7.2131e-02 -2.0613e-07 0.21336 1.76113 1.81266 -0.30071 -0.01657 -0.08613 1.95804e-03 2.00347e-03 -4.6209012110e-01 -4.5812861401e-01
124.005 -0.00000 0.00000 -0.00000 0.00000 -0.00000 0.00000 7.8192e-02 5.4332e-02 -2.0014e-03 -3.7238e-05 7.2131e-02 -2.0613e-07 0.20982 1.76124 1.81610 -0.30112 0.00738 0.04136 1.95803e-03 2.00325e-03 -4.6208990290e-01 -4.5812861446e-01
126.005 0.00000 -0.00000 0.00000 0.00000 -0.00000 0.00000 7.7793e-02 5.4331e-02 -8.1990e-03 -3.7238e-05 7.2131e-02 -2.0613e-07 0.22646 1.76133 1.79937 -0.29962 0.03132 0.16777 1.95804e-03 2.00332e-03 -4.6208997259e-01 -4.5812861471e-01
128.005 0.00000 -0.00000 -0.00000 0.00000 -0.00000 0.00000 7.6901e-02 5.4331e-02 -1.4346e-02 -3.7238e-05 7.2131e-02 -2.0613e-07 0.26286 1.76140 1.76290 -0.29618 0.05510 0.28994 1.95803e-03 2.00341e-03 -4.6209006336e-01 -4.5812861496e-01
130.005 -0.00000 0.00000 0.00000 0.00000 -0.00000 0.00000 7.5523e-02 5.4330e-02 -2.0403e-02 -3.7238e-05 7.2131e-02 -2.0613e-07 0.31810 1.76143 1.70763 -0.29085 0.07853 0.40482 1.95804e-03 2.00326e-03 -4.6208991382e-01 -4.5812861538e-01
132.005 -0.00000 -0.00000 0.00000 0.00000 -0.00000 0.00000 7.3666e-02 5.4329e-02 -2.6330e-02 -3.7238e-05 7.2131e-02 -2.0613e-07 0.39080 1.76142 1.63494 -0.28364 0.10146 0.50954 1.95804e-03 2.00323e-03 -4.6208988787e-01 -4.5812861555e-01
134.005 0.00000 0.00000 -0.00000 0.00000 -0.00000 0.00000 7.1342e-02 5.4328e-02 -3.2090e-02 -3.7238e-05 7.2131e-02 -2.0613e-07 0.47914 1.76138 1.54664 -0.27461 0.12372 0.60147 1.95803e-03 2.00330e-03 -4.6208995142e-01 -4.5812861587e-01
136.005 0.00000 -0.00000 -0.00000 0.00000 -0.00000 0.00000 6.8568e-02 5.4326e-02 -3.7647e-02 -3.7238e-05 7.2131e-02 -2.0613e-07 0.58092 1.76131 1.44493 -0.26383 0.14516 0.67832 1.95804e-03 2.00326e-03 -4.6208991363e-01 -4.5812861620e-01
138.005 -0.00000 -0.00000 -0.00000 0.00000 -0.00000 0.00000 6.5360e-02 5.4325e-02 -4.2964e-02 -3.7238e-05 7.2131e-02 -2.0613e-07 0.69359 1.76122 1.33236 -0.25138 0.16563 0.73815 1.95804e-03 2.00321e-03 -4.6208986108e-01 -4.5812861636e-01
140.005 -0.00000 0.00000 -0.00000 0.00000 -0.00000 0.00000 6.1741e-02 5.4323e-02 -4.8009e-02 -3.7238e-05 7.2131e-02 -2.0613e-07 0.81433 1.76111 1.21172 -0.23737 0.18501 0.77944 1.95803e-03 2.00319e-03 -4.6208983434e-01 -4.5812861670e-01
142.005 -0.00000 -0.00000 -0.00000 0.00000 -0.00000 0.00000 5.7734e-02 5.4321e-02 -5.2750e-02 -3.7238e-05 7.2131e-02 -2.0613e-07 0.94011 1.76101 1.08605 -0.22190 0.20317 0.80113 1.95804e-03 2.00323e-03 -4.6208988108e-01 -4.5812861694e-01
144.005 0.00000 -0.00000 0.00000 0.00000 -0.00000 0.00000 5.3365e-02 5.4318e-02 -5.7159e-02 -3.7238e-05 7.2131e-02 -2.0613e-07 1.06776 1.76091 0.95849 -0.20506 0.22002 0.80267 1.95803e-03 2.00324e-03 -4.6208988571e-01 -4.5812861713e-01
146.005 0.00000 0.00000 -0.00000 0.00000 -0.00000 0.00000 4.8662e-02 5.4316e-02 -6.1207e-02 -3.7238e-05 7.2131e-02 -2.0613e-07 1.19406 1.76085 0.83226 -0.18699 0.23547 0.78399 1.95803e-03 2.00312e-03 -4.6208976797e-01 -4.5812861746e-01
148.005 -0.00000 -0.00000 0.00000 0.00000 -0.00000 0.00000 4.3654e-02 5.4313e-02 -6.4871e-02 -3.7238e-05 7.2131e-02 -2.0613e-07 1.31581 1.76081 0.71054 -0.16778 0.24943 0.74555 1.95804e-03 2.00317e-03 -4.6208982828e-01 -4.5812861762e-01
150.005 0.00000 0.00000 0.00000 0.00000 -0.00000 0.00000 3.8373e-02 5.4311e-02 -6.8129e-02 -3.7238e-05 7.2131e-02 -2.0613e-07 1.42993 1.76081 0.59642 -0.14755 0.26183 0.68832 1.95803e-03 2.00329e-03 -4.6208993355e-01 -4.5812861785e-01
152.005 0.00000 0.00000 -0.00000 0.00000 -0.00000 0.00000 3.2852e-02 5.4308e-02 -7.0960e-02 -3.7238e-05 7.2131e-02 -2.0613e-07 1.53353 1.76085 0.49278 -0.12642 0.27261 0.61375 1.95804e-03 2.00313e-03 -4.6208978363e-01 -4.5812861814e-01
154.005 -0.00000 -0.00000 0.00000 0.00000 -0.00000 0.00000 2.7125e-02 5.4305e-02 -7.3347e-02 -3.7238e-05 7.2131e-02 -2.0613e-07 1.62399 1.76093 0.40224 -0.10450 0.28170 0.52371 1.95804e-03 2.00314e-03 -4.6208979337e-01 -4.5812861826e-01
156.005 -0.00000 0.00000 -0.00000 0.00000 -0.00000 0.00000 2.1226e-02 5.4302e-02 -7.5274e-02 -3.7238e-05 7.2131e-02 -2.0613e-07 1.69903 1.76104 0.32709 -0.08192 0.28905 0.42049 1.95803e-03 2.00333e-03 -4.6208997502e-01 -4.5812861854e-01
158.005 -0.00000 0.00000 -0.00000 0.00000 -0.00000 0.00000 1.5192e-02 5.4299e-02 -7.6729e-02 -3.7238e-05 7.2131e-02 -2.0613e-07 1.75677 1.76117 0.26922 -0.05879 0.29461 0.30671 1.95804e-03 2.00321e-03 -4.6208986842e-01 -4.5812861873e-01
160.005 0.00000 -0.00000 -0.00000 0.00000 -0.00000 0.00000 9.0613e-03 5.4296e-02 -7.7703e-02 -3.7238e-05 7.2131e-02 -2.0613e-07 1.79577 1.76132 0.23007 -0.03526 0.29834 0.18525 1.95803e-03 2.00316e-03 -4.6208981021e-01 -4.5812861887e-01
162.005 -0.00000 -0.00000 0.00000 0.00000 -0.00000 0.00000 2.8714e-03 5.4292e-02 -7.8186e-02 -3.7238e-05 7.2131e-02 -2.0613e-07 1.81507 1.76146 0.21062 -0.01147 0.30018 0.05917 1.95803e-03 2.00334e-03 -4.6208999568e-01 -4.5812861915e-01
164.005 -0.00000 -0.00000 0.00000 0.00000 -0.00000 0.00000 -3.3384e-03 5.4289e-02 -7.8177e-02 -3.7238e-05 7.2131e-02 -2.0613e-07 1.81422 1.76159 0.21134 0.01243 0.30013 -0.06837 1.95804e-03 2.00332e-03 -4.6208997341e-01 -4.5812861928e-01
166.005 0.00000 0.00000 0.00000 0.00000 -0.00000 0.00000 -9.5287e-03 5.4286e-02 -7.7674e-02 -3.7238e-05 7.2131e-02 -2.0613e-07 1.79326 1.76170 0.23220 0.03628 0.29816 -0.19416 1.95803e-03 2.00323e-03 -4.6208988328e-01 -4.5812861947e-01
168.005 -0.00000 -0.00000 0.00000 0.00000 -0.00000 0.00000 -1.5660e-02 5.4283e-02 -7.6679e-02 -3.7238e-05 7.2131e-02 -2.0613e-07 1.75271 1.76178 0.27267 0.05991 0.29428 -0.31505 1.95804e-03 2.00335e-03 -4.6209000211e-01 -4.5812861970e-01
170.005 0.00000 0.00000 0.00000 0.00000 -0.00000 0.00000 -2.1692e-02 5.4280e-02 -7.5198e-02 -3.7238e-05 7.2131e-02 -2.0613e-07 1.69361 1.76181 0.33173 0.08317 0.28852 -0.42803 1.95804e-03 2.00339e-03 -4.6209004606e-01 -4.5812861980e-01
172.005 -0.00000 -0.00000 -0.00000 0.00000 -0.00000 0.00000 -2.7588e-02 5.4277e-02 -7.3242e-02 -3.7238e-05 7.2131e-02 -2.0613e-07 1.61744 1.76181 0.40790 0.10587 0.28090 -0.53027 1.95803e-03 2.00333e-03 -4.6208998515e-01 -4.5812862003e-01
174.005 0.00000 0.00000 -0.00000 0.00000 -0.00000 0.00000 -3.3308e-02 5.4274e-02 -7.0822e-02 -3.7238e-05 7.2131e-02 -2.0613e-07 1.52610 1.76178 0.49928 0.12788 0.27150 -0.61921 1.95804e-03 2.00336e-03 -4.6209001344e-01 -4.5812862019e-01
176.005 0.00000 -0.00000 0.00000 0.00000 -0.00000 0.00000 -3.8817e-02 5.4271e-02 -6.7954e-02 -3.7238e-05 7.2131e-02 -2.0613e-07 1.42186 1.76171 0.60359 0.14903 0.26038 -0.69262 1.95803e-03 2.00341e-03 -4.6209006257e-01 -4.5812862031e-01
178.005 0.00000 0.00000 0.00000 0.00000 -0.00000 0.00000 -4.4079e-02 5.4268e-02 -6.4658e-02 -3.7238e-05 7.2131e-02 -2.0613e-07 1.30732 1.76162 0.71822 0.16919 0.24763 -0.74866 1.95803e-03 2.00342e-03 -4.6209007344e-01 -4.5812862053e-01
180.005 -0.00000 -0.00000 -0.00000 0.00000 -0.00000 0.00000 -4.9063e-02 5.4266e-02 -6.0956e-02 -3.7238e-05 7.2131e-02 -2.0613e-07 1.18535 1.76152 0.84029 0.18824 0.23334 -0.78589 1.95804e-03 2.00339e-03 -4.6209004401e-01 -4.5812862065e-01
182.005 -0.00000 0.00000 0.00000 0.00000 -0.00000 0.00000 -5.3736e-02 5.4263e-02 -5.6870e-02 -3.7238e-05 7.2131e-02 -2.0613e-07 1.05899 1.76142 0.96675 0.20606 0.21763 -0.80336 1.95803e-03 2.00338e-03 -4.6209003680e-01 -4.5812862079e-01
184.005 -0.00000 0.00000 -0.00000 0.00000 -0.00000 0.00000 -5.8071e-02 5.4261e-02 -5.2428e-02 -3.7238e-05 7.2131e-02 -2.0613e-07 0.93142 1.76133 1.09440 0.22255 0.20060 -0.80062 1.95803e-03 2.00346e-03 -4.6209011407e-01 -4.5812862099e-01
186.005 0.00000 -0.00000 -0.00000 0.00000 -0.00000 0.00000 -6.2040e-02 5.4259e-02 -4.7658e-02 -3.7238e-05 7.2131e-02 -2.0613e-07 0.80587 1.76126 1.22003 0.23764 0.18235 -0.77772 1.95804e-03 2.00343e-03 -4.6209008908e-01 -4.5812862108e-01
188.005 -0.00000 0.00000 -0.00000 0.00000 -0.00000 0.00000 -6.5621e-02 5.4257e-02 -4.2591e-02 -3.7238e-05 7.2131e-02 -2.0613e-07 0.68549 1.76123 1.34044 0.25124 0.16300 -0.73522 1.95803e-03 2.00335e-03 -4.6209000222e-01 -4.5812862125e-01
190.005 -0.00000 -0.00000 0.00000 0.00000 -0.00000 0.00000 -6.8790e-02 5.4256e-02 -3.7256e-02 -3.7238e-05 7.2131e-02 -2.0613e-07 0.57333 1.76123 1.45259 0.26327 0.14267 -0.67419 1.95804e-03 2.00344e-03 -4.6209009760e-01 -4.5812862140e-01
192.005 0.00000 0.00000 -0.00000 0.00000 -0.00000 0.00000 -7.1529e-02 5.4254e-02 -3.1689e-02 -3.7238e-05 7.2131e-02 -2.0613e-07 0.47223 1.76127 1.55365 0.27369 0.12145 -0.59617 1.95803e-03 2.00347e-03 -4.6209012418e-01 -4.5812862148e-01
194.005 -0.00000 0.00000 -0.00000 0.00000 -0.00000 0.00000 -7.3820e-02 5.4253e-02 -2.5922e-02 -3.7238e-05 7.2131e-02 -2.0613e-07 0.38475 1.76135 1.64106 0.28243 0.09948 -0.50315 1.95803e-03 2.00333e-03 -4.6208998405e-01 -4.5812862167e-01
196.005 -0.00000 0.00000 -0.00000 0.00000 -0.00000 0.00000 -7.5649e-02 5.4252e-02 -1.9992e-02 -3.7238e-05 7.2131e-02 -2.0613e-07 0.31310 1.76145 1.71261 0.28943 0.07685 -0.39747 1.95804e-03 2.00338e-03 -4.6209004037e-01 -4.5812862176e-01
198.005 -0.00000 0.00000 0.00000 0.00000 -0.00000 0.00000 -7.7003e-02 5.4251e-02 -1.3934e-02 -3.7238e-05 7.2131e-02 -2.0613e-07 0.25906 1.76157 1.76653 0.29464 0.05372 -0.28182 1.95803e-03 2.00347e-03 -4.6209011987e-01 -4.5812862187e-01
200.005 -0.00000 -0.00000 -0.00000 0.00000 -0.00000 0.00000 -7.7874e-02 5.4251e-02 -7.7877e-03 -3.7238e-05 7.2131e-02 -2.0613e-07 0.22400 1.76169 1.80147 0.29801 0.03020 -0.15911 1.95803e-03 2.00333e-03 -4.6208998220e-01 -4.5812862204e-01
202.005 0.00000 -0.00000 0.00000 0.00000 -0.00000 0.00000 -7.8254e-02 5.4251e-02 -1.5903e-03 -3.7238e-05 7.2131e-02 -2.0613e-07 0.20878 1.76181 1.81657 0.29952 0.00644 -0.03245 1.95803e-03 2.00331e-03 -4.6208997168e-01 -4.5812862210e-01
204.005 -0.00000 0.00000 0.00000 0.00000 -0.00000 0.00000 -7.8140e-02 5.4251e-02 4.6187e-03 -3.7238e-05 7.2131e-02 -2.0613e-07 0.21377 1.76191 1.81148 0.29913 -0.01740 0.09500 1.95803e-03 2.00341e-03 -4.6209006279e-01 -4.5812862224e-01
206.005 0.00000 -0.00000 0.00000 0.00000 -0.00000 0.00000 -7.7533e-02 5.4251e-02 1.0800e-02 -3.7238e-05 7.2131e-02 -2.0613e-07 0.23883 1.76199 1.78635 0.29683 -0.04117 0.22002 1.95804e-03 2.00332e-03 -4.6208997562e-01 -4.5812862237e-01
208.005 -0.00000 -0.00000 -0.00000 0.00000 -0.00000 0.00000 -7.6435e-02 5.4252e-02 1.6913e-02 -3.7238e-05 7.2131e-02 -2.0613e-07 0.28332 1.76202 1.74182 0.29264 -0.06470 0.33951 1.95803e-03 2.00326e-03 -4.6208991695e-01 -4.5812862244e-01
210.005 -0.00000 0.00000 0.00000 0.00000 -0.00000 0.00000 -7.4853e-02 5.4253e-02 2.2920e-02 -3.7238e-05 7.2131e-02 -2.0613e-07 0.34613 1.76202 1.67901 0.28657 -0.08782 0.45046 1.95803e-03 2.00331e-03 -4.6208996807e-01 -4.5812862259e-01
212.005 0.00000 0.00000 -0.00000 0.00000 -0.00000 0.00000 -7.2797e-02 5.4254e-02 2.8782e-02 -3.7238e-05 7.2131e-02 -2.0613e-07 0.42569 1.76198 1.59949 0.27866 -0.11039 0.55012 1.95803e-03 2.00329e-03 -4.6208994283e-01 -4.5812862267e-01
214.005 0.00000 -0.00000 -0.00000 0.00000 -0.00000 0.00000 -7.0282e-02 5.4255e-02 3.4460e-02 -3.7238e-05 7.2131e-02 -2.0613e-07 0.52001 1.76190 1.50525 0.26898 -0.13223 0.63598 1.95803e-03 2.00323e-03 -4.6208988742e-01 -4.5812862276e-01
216.005 0.00000 0.00000 0.00000 0.00000 -0.00000 0.00000 -6.7322e-02 5.4256e-02 3.9920e-02 -3.7238e-05 7.2131e-02 -2.0613e-07 0.62673 1.76179 1.39864 0.25760 -0.15320 0.70589 1.95803e-03 2.00322e-03 -4.6208987359e-01 -4.5812862290e-01
218.005 -0.00000 -0.00000 0.00000 0.00000 -0.00000 0.00000 -6.3938e-02 5.4258e-02 4.5126e-02 -3.7238e-05 7.2131e-02 -2.0613e-07 0.74319 1.76166 1.28231 0.24461 -0.17316 0.75808 1.95803e-03 2.00323e-03 -4.6208988277e-01 -4.5812862296e-01
220.005 -0.00000 -0.00000 -0.00000 0.00000 -0.00000 0.00000 -6.0152e-02 5.4260e-02 5.0047e-02 -3.7238e-05 7.2131e-02 -2.0613e-07 0.86647 1.76153 1.15917 0.23010 -0.19201 0.79122 1.95803e-03 2.00323e-03 -4.6208988029e-01 -4.5812862307e-01
222.005 0.00000 -0.00000 -0.00000 0.00000 -0.00000 0.00000 -5.5990e-02 5.4262e-02 5.4651e-02 -3.7238e-05 7.2131e-02 -2.0613e-07 0.99347 1.76140 1.03230 0.21417 -0.20961 0.80448 1.95803e-03 2.00316e-03 -4.6208981935e-01 -4.5812862317e-01
224.005 -0.00000 0.00000 -0.00000 0.00000 -0.00000 0.00000 -5.1476e-02 5.4265e-02 5.8911e-02 -3.7238e-05 7.2131e-02 -2.0613e-07 1.12098 1.76128 0.90491 0.19693 -0.22589 0.79748 1.95803e-03 2.00316e-03 -4.6208981974e-01 -4.5812862323e-01
226.005 -0.00000 -0.00000 0.00000 0.00000 -0.00000 0.00000 -4.6641e-02 5.4267e-02 6.2800e-02 -3.7238e-05 7.2131e-02 -2.0613e-07 1.24578 1.76119 0.78020 0.17850 -0.24074 0.77039 1.95803e-03 2.00323e-03 -4.6208988623e-01 -4.5812862335e-01
228.005 -0.00000 0.00000 -0.00000 0.00000 -0.00000 0.00000 -4.1515e-02 5.4270e-02 6.6296e-02 -3.7238e-05 7.2131e-02 -2.0613e-07 1.36472 1.76113 0.66131 0.15897 -0.25410 0.72390 1.95803e-03 2.00317e-03 -4.6208982539e-01 -4.5812862343e-01
230.005 0.00000 -0.00000 -0.00000 0.00000 -0.00000 0.00000 -3.6129e-02 5.4273e-02 6.9376e-02 -3.7238e-05 7.2131e-02 -2.0613e-07 1.47478 1.76111 0.55127 0.13846 -0.26590 0.65916 1.95803e-03 2.00313e-03 -4.6208978864e-01 -4.5812862349e-01
232.005 0.00000 -0.00000 0.00000 0.00000 -0.00000 0.00000 -3.0516e-02 5.4276e-02 7.2022e-02 -3.7238e-05 7.2131e-02 -2.0613e-07 1.57318 1.76113 0.45286 0.11709 -0.27606 0.57781 1.95803e-03 2.00324e-03 -4.6208989833e-01 -4.5812862361e-01
234.005 0.00000 0.00000 -0.00000 0.00000 -0.00000 0.00000 -2.4712e-02 5.4279e-02 7.4217e-02 -3.7238e-05 7.2131e-02 -2.0613e-07 1.65743 1.76118 0.36855 0.09496 -0.28453 0.48193 1.95803e-03 2.00323e-03 -4.6208988164e-01 -4.5812862366e-01
236.005 0.00000 -0.00000 -0.00000 0.00000 -0.00000 0.00000 -1.8752e-02 5.4282e-02 7.5947e-02 -3.7238e-05 7.2131e-02 -2.0613e-07 1.72542 1.76125 0.30049 0.07219 -0.29125 0.37393 1.95803e-03 2.00316e-03 -4.6208981170e-01 -4.5812862374e-01
238.005 -0.00000 0.00000 -0.00000 0.00000 -0.00000 0.00000 -1.2672e-02 5.4285e-02 7.7199e-02 -3.7238e-05 7.2131e-02 -2.0613e-07 1.77545 1.76134 0.25036 0.04893 -0.29616 0.25655 1.95803e-03 2.00326e-03 -4.6208991656e-01 -4.5812862383e-01
240.005 0.00000 0.00000 -0.00000 0.00000 -0.00000 0.00000 -6.5117e-03 5.4288e-02 7.7967e-02 -3.7238e-05 7.2131e-02 -2.0613e-07 1.80629 1.76144 0.21943 0.02530 -0.29922 0.13277 1.95803e-03 2.00330e-03 -4.6208995594e-01 -4.5812862388e-01
242.005 0.00000 -0.00000 -0.00000 0.00000 -0.00000 0.00000 -3.0856e-04 5.4291e-02 7.8243e-02 -3.7238e-05 7.2131e-02 -2.0613e-07 1.81717 1.76153 0.20846 0.00145 -0.30040 0.00569 1.95803e-03 2.00323e-03 -4.6208988359e-01 -4.5812862398e-01
244.005 -0.00000 -0.00000 -0.00000 0.00000 -0.00000 0.00000 5.8979e-03 5.4294e-02 7.8025e-02 -3.7238e-05 7.2131e-02 -2.0613e-07 1.80785 1.76160 0.21771 -0.02246 -0.29967 -0.12150 1.95803e-03 2.00329e-03 -4.6208994552e-01 -4.5812862404e-01
246.005 -0.00000 0.00000 0.00000 0.00000 -0.00000 0.00000 1.2068e-02 5.4298e-02 7.7314e-02 -3.7238e-05 7.2131e-02 -2.0613e-07 1.77858 1.76164 0.24693 -0.04628 -0.29702 -0.24560 1.95803e-03 2.00336e-03 -4.6209001465e-01 -4.5812862410e-01
248.005 0.00000 0.00000 0.00000 0.00000 -0.00000 0.00000 1.8162e-02 5.4301e-02 7.6113e-02 -3.7238e-05 7.2131e-02 -2.0613e-07 1.73012 1.76165 0.29539 -0.06982 -0.29246 -0.36352 1.95803e-03 2.00332e-03 -4.6208997450e-01 -4.5812862419e-01
250.005 0.00000 0.00000 0.00000 0.00000 -0.00000 0.00000 2.4142e-02 5.4304e-02 7.4430e-02 -3.7238e-05 7.2131e-02 -2.0613e-07 1.66367 1.76162 0.36187 -0.09293 -0.28602 -0.47231 1.95803e-03 2.00333e-03 -4.6208998799e-01 -4.5812862423e-01
252.005 -0.00000 -0.00000 -0.00000 0.00000 -0.00000 0.00000 2.9967e-02 5.4307e-02 7.2276e-02 -3.7238e-05 7.2131e-02 -2.0613e-07 1.58089 1.76155 0.44471 -0.11545 -0.27774 -0.56925 1.95803e-03 2.00339e-03 -4.6209004170e-01 -4.5812862430e-01
254.005 -0.00000 0.00000 -0.00000 0.00000 -0.00000 0.00000 3.5603e-02 5.4310e-02 6.9665e-02 -3.7238e-05 7.2131e-02 -2.0613e-07 1.48386 1.76145 0.54184 -0.13721 -0.26769 -0.65191 1.95803e-03 2.00339e-03 -4.6209004788e-01 -4.5812862438e-01
256.005 0.00000 0.00000 0.00000 -0.00000 -0.00000 0.00000 4.1012e-02 5.4313e-02 6.6614e-02 -3.7238e-05 7.2131e-02 -2.0613e-07 1.37499 1.76133 0.65084 -0.15807 -0.25593 -0.71821 1.95803e-03 2.00338e-03 -4.6209003949e-01 -4.5812862442e-01
258.005 -0.00000 -0.00000 -0.00000 -0.00000 -0.00000 0.00000 4.6160e-02 5.4315e-02 6.3144e-02 -3.7238e-05 7.2131e-02 -2.0613e-07 1.25699 1.76119 0.76897 -0.17789 -0.24258 -0.76647 1.95803e-03 2.00339e-03 -4.6209004361e-01 -4.5812862450e-01
260.005 0.00000 -0.00000 0.00000 0.00000 -0.00000 0.00000 5.1016e-02 5.4318e-02 5.9277e-02 -3.7238e-05 7.2131e-02 -2.0613e-07 1.13282 1.76105 0.89328 -0.19656 -0.22771 -0.79548 1.95803e-03 2.00342e-03 -4.6209008030e-01 -4.5812862455e-01
262.005 0.00000 -0.00000 0.00000 0.00000 -0.00000 0.00000 5.5550e-02 5.4320e-02 5.5038e-02 -3.7238e-05 7.2131e-02 -2.0613e-07 1.00559 1.76092 1.02064 -0.21396 -0.21144 -0.80447 1.95803e-03 2.00343e-03 -4.6209008706e-01 -4.5812862460e-01
264.005 -0.00000 -0.00000 0.00000 0.00000 -0.00000 0.00000 5.9734e-02 5.4322e-02 5.0454e-02 -3.7238e-05 7.2131e-02 -2.0613e-07 0.87851 1.76081 1.14783 -0.23000 -0.19387 -0.79321 1.95803e-03 2.00338e-03 -4.6209003830e-01 -4.5812862468e-01
266.005 0.00000 0.00000 0.00000 0.00000 -0.00000 0.00000 6.3543e-02 5.4324e-02 4.5555e-02 -3.7238e-05 7.2131e-02 -2.0613e-07 0.75479 1.76074 1.27164 -0.24459 -0.17512 -0.76196 1.95803e-03 2.00341e-03 -4.6209007073e-01 -4.5812862472e-01
268.005 0.00000 -0.00000 0.00000 0.00000 -0.00000 0.00000 6.6952e-02 5.4326e-02 4.0371e-02 -3.7238e-05 7.2131e-02 -2.0613e-07 0.63754 1.76069 1.38892 -0.25766 -0.15529 -0.71150 1.95803e-03 2.00346e-03 -4.6209011303e-01 -4.5812862477e-01
270.005 0.00000 0.00000 0.00000 0.00000 -0.00000 0.00000 6.9943e-02 5.4327e-02 3.4935e-02 -3.7238e-05 7.2131e-02 -2.0613e-07 0.52974 1.76069 1.49673 -0.26914 -0.13450 -0.64311 1.95803e-03 2.00338e-03 -4.6209003760e-01 -4.5812862484e-01
272.005 0.00000 0.00000 0.00000 0.00000 -0.00000 0.00000 7.2495e-02 5.4329e-02 2.9279e-02 -3.7238e-05 7.2131e-02 -2.0613e-07 0.43411 1.76073 1.59231 -0.27896 -0.11286 -0.55852 1.95803e-03 2.00338e-03 -4.6209003501e-01 -4.5812862487e-01
274.005 -0.00000 -0.00000 -0.00000 0.00000 -0.00000 0.00000 7.4593e-02 5.4330e-02 2.3439e-02 -3.7238e-05 7.2131e-02 -2.0613e-07 0.35308 1.76080 1.67327 -0.28705 -0.09049 -0.45987 1.95803e-03 2.00345e-03 -4.6209010300e-01 -4.5812862493e-01
276.005 -0.00000 -0.00000 0.00000 0.00000 -0.00000 0.00000 7.6223e-02 5.4331e-02 1.7450e-02 -3.7238e-05 7.2131e-02 -2.0613e-07 0.28867 1.76090 1.73758 -0.29337 -0.06752 -0.34967 1.95803e-03 2.00338e-03 -4.6209003695e-01 -4.5812862498e-01
278.005 0.00000 0.00000 -0.00000 0.00000 -0.00000 0.00000 7.7375e-02 5.4331e-02 1.1351e-02 -3.7238e-05 7.2131e-02 -2.0613e-07 0.24252 1.76102 1.78362 -0.29786 -0.04408 -0.23070 1.95803e-03 2.00334e-03 -4.6208999206e-01 -4.5812862501e-01
280.005 -0.00000 0.00000 -0.00000 0.00000 -0.00000 0.00000 7.8039e-02 5.4331e-02 5.1777e-03 -3.7238e-05 7.2131e-02 -2.0613e-07 0.21575 1.76114 1.81027 -0.30048 -0.02031 -0.10597 1.95803e-03 2.00340e-03 -4.6209005424e-01 -4.5812862508e-01
282.005 0.00000 0.00000 0.00000 0.00000 -0.00000 0.00000 7.8211e-02 5.4332e-02 -1.0295e-03 -3.7238e-05 7.2131e-02 -2.0613e-07 0.20904 1.76125 1.81687 -0.30119 0.00364 0.02139 1.95803e-03 2.00336e-03 -4.6209001989e-01 -4.5812862511e-01
284.005 -0.00000 -0.00000 0.00000 0.00000 -0.00000 0.00000 7.7889e-02 5.4331e-02 -7.2317e-03 -3.7238e-05 7.2131e-02 -2.0613e-07 0.22253 1.76134 1.80329 -0.29998 0.02760 0.14817 1.95803e-03 2.00330e-03 -4.6208995286e-01 -4.5812862516e-01
286.005 -0.00000 -0.00000 0.00000 0.00000 -0.00000 0.00000 7.7074e-02 5.4331e-02 -1.3389e-02 -3.7238e-05 7.2131e-02 -2.0613e-07 0.25589 1.76140 1.76987 -0.29685 0.05142 0.27121 1.95803e-03 2.00332e-03 -4.6208997969e-01 -4.5812862521e-01
288.005 -0.00000 0.00000 0.00000 0.00000 -0.00000 0.00000 7.5770e-02 5.4330e-02 -1.9462e-02 -3.7238e-05 7.2131e-02 -2.0613e-07 0.30826 1.76143 1.71748 -0.29180 0.07492 0.38743 1.95803e-03 2.00332e-03 -4.6208997380e-01 -4.5812862524e-01
290.005 0.00000 0.00000 0.00000 0.00000 -0.00000 0.00000 7.3987e-02 5.4329e-02 -2.5412e-02 -3.7238e-05 7.2131e-02 -2.0613e-07 0.37833 1.76142 1.64741 -0.28487 0.09794 0.49392 1.95803e-03 2.00326e-03 -4.6208991892e-01 -4.5812862529e-01
292.005 -0.00000 -0.00000 0.00000 0.00000 -0.00000 0.00000 7.1735e-02 5.4328e-02 -3.1201e-02 -3.7238e-05 7.2131e-02 -2.0613e-07 0.46436 1.76138 1.56142 -0.27612 0.12031 0.58802 1.95803e-03 2.00325e-03 -4.6208990407e-01 -4.5812862533e-01
294.005 -0.00000 -0.00000 0.00000 0.00000 -0.00000 0.00000 6.9030e-02 5.4327e-02 -3.6792e-02 -3.7238e-05 7.2131e-02 -2.0613e-07 0.56420 1.76130 1.46166 -0.26561 0.14188 0.66738 1.95803e-03 2.00325e-03 -4.6208990443e-01 -4.5812862536e-01
296.005 0.00000 0.00000 -0.00000 0.00000 -0.00000 0.00000 6.5889e-02 5.4325e-02 -4.2148e-02 -3.7238e-05 7.2131e-02 -2.0613e-07 0.67535 1.76121 1.35061 -0.25342 0.16250 0.72999 1.95803e-03 2.00323e-03 -4.6208988856e-01 -4.5812862542e-01
298.005 0.00000 0.00000 -0.00000 0.00000 -0.00000 0.00000 6.2333e-02 5.4323e-02 -4.7238e-02 -3.7238e-05 7.2131e-02 -2.0613e-07 0.79503 1.76110 1.23103 -0.23966 0.18205 0.77426 1.95803e-03 2.00320e-03 -4.6208985336e-01 -4.5812862545e-01
300.005 -0.00000 0.00000 -0.00000 0.00000 -0.00000 0.00000 5.8385e-02 5.4321e-02 -5.2028e-02 -3.7238e-05 7.2131e-02 -2.0613e-07 0.92023 1.76100 1.10594 -0.22441 0.20040 0.79907 1.95803e-03 2.00318e-03 -4.6208983710e-01 -4.5812862548e-01
302.005 0.00000 0.00000 0.00000 0.00000 -0.00000 0.00000 5.4071e-02 5.4319e-02 -5.6491e-02 -3.7238e-05 7.2131e-02 -2.0613e-07 1.04780 1.76091 0.97845 -0.20779 0.21746 0.80378 1.95803e-03 2.00321e-03 -4.6208986399e-01 -4.5812862553e-01
304.005 -0.00000 0.00000 0.00000 0.00000 -0.00000 0.00000 4.9418e-02 5.4316e-02 -6.0597e-02 -3.7238e-05 7.2131e-02 -2.0613e-07 1.17453 1.76084 0.85180 -0.18991 0.23313 0.78824 1.95803e-03 2.00319e-03 -4.6208984293e-01 -4.5812862556e-01
306.005 0.00000 -0.00000 -0.00000 0.00000 -0.00000 0.00000 4.4457e-02 5.4314e-02 -6.4324e-02 -3.7238e-05 7.2131e-02 -2.0613e-07 1.29720 1.76081 0.72916 -0.17087 0.24733 0.75284 1.95803e-03 2.00315e-03 -4.6208980297e-01 -4.5812862560e-01
308.005 0.00000 0.00000 -0.00000 0.00000 -0.00000 0.00000 3.9217e-02 5.4311e-02 -6.7647e-02 -3.7238e-05 7.2131e-02 -2.0613e-07 1.41270 1.76081 0.61365 -0.15080 0.25998 0.69846 1.95803e-03 2.00320e-03 -4.6208985323e-01 -4.5812862564e-01
310.005 0.00000 0.00000 0.00000 0.00000 -0.00000 0.00000 3.3731e-02 5.4308e-02 -7.0546e-02 -3.7238e-05 7.2131e-02 -2.0613e-07 1.51812 1.76085 0.50819 -0.12981 0.27102 0.62648 1.95803e-03 2.00322e-03 -4.6208987091e-01 -4.5812862566e-01
312.005 -0.00000 -0.00000 -0.00000 0.00000 -0.00000 0.00000 2.8034e-02 5.4305e-02 -7.3004e-02 -3.7238e-05 7.2131e-02 -2.0613e-07 1.61079 1.76093 0.41545 -0.10800 0.28039 0.53872 1.95803e-03 2.00316e-03 -4.6208981991e-01 -4.5812862570e-01
314.005 0.00000 -0.00000 0.00000 0.00000 -0.00000 -0.00000 2.2159e-02 5.4302e-02 -7.5005e-02 -3.7238e-05 7.2131e-02 -2.0613e-07 1.68837 1.76104 0.33775 -0.08551 0.28802 0.43740 1.95803e-03 2.00321e-03 -4.6208986544e-01 -4.5812862573e-01
316.005 0.00000 0.00000 -0.00000 0.00000 -0.00000 0.00000 1.6144e-02 5.4299e-02 -7.6535e-02 -3.7238e-05 7.2131e-02 -2.0613e-07 1.74891 1.76118 0.27707 -0.06245 0.29387 0.32510 1.95803e-03 2.00327e-03 -4.6208992092e-01 -4.5812862576e-01
318.005 -0.00000 0.00000 0.00000 0.00000 -0.00000 0.00000 1.0026e-02 5.4296e-02 -7.7584e-02 -3.7238e-05 7.2131e-02 -2.0613e-07 1.79092 1.76132 0.23492 -0.03897 0.29789 0.20464 1.95803e-03 2.00322e-03 -4.6208988141e-01 -4.5812862580e-01
320.005 -0.00000 -0.00000 -0.00000 0.00000 -0.00000 0.00000 3.8425e-03 5.4293e-02 -7.8145e-02 -3.7238e-05 7.2131e-02 -2.0613e-07 1.81335 1.76146 0.21234 -0.01520 0.30003 0.07908 1.95803e-03 2.00325e-03 -4.6208990380e-01 -4.5812862582e-01
322.005 -0.00000 -0.00000 0.00000 0.00000 -0.00000 0.00000 -2.3670e-03 5.4290e-02 -7.8213e-02 -3.7238e-05 7.2131e-02 -2.0613e-07 1.81567 1.76159 0.20990 0.00870 0.30027 -0.04843 1.95803e-03 2.00332e-03 -4.6208997246e-01 -4.5812862586e-01
324.005 -0.00000 0.00000 -0.00000 0.00000 -0.00000 0.00000 -8.5630e-03 5.4286e-02 -7.7786e-02 -3.7238e-05 7.2131e-02 -2.0613e-07 1.79783 1.76170 0.22762 0.03258 0.29860 -0.17470 1.95803e-03 2.00330e-03 -4.6208996071e-01 -4.5812862589e-01
326.005 -0.00000 0.00000 0.00000 0.00000 -0.00000 0.00000 -1.4706e-02 5.4283e-02 -7.6868e-02 -3.7238e-05 7.2131e-02 -2.0613e-07 1.76031 1.76177 0.26508 0.05626 0.29501 -0.29656 1.95803e-03 2.00330e-03 -4.6208996143e-01 -4.5812862591e-01
328.005 0.00000 -0.00000 -0.00000 0.00000 -0.00000 0.00000 -2.0756e-02 5.4280e-02 -7.5462e-02 -3.7238e-05 7.2131e-02 -2.0613e-07 1.70404 1.76181 0.32131 0.07958 0.28953 -0.41097 1.95803e-03 2.00335e-03 -4.6209001195e-01 -4.5812862595e-01
330.005 -0.00000 -0.00000 0.00000 0.00000 -0.00000 0.00000 -2.6676e-02 5.4277e-02 -7.3579e-02 -3.7238e-05 7.2131e-02 -2.0613e-07 1.63043 1.76181 0.39491 0.10238 0.28220 -0.51508 1.95803e-03 2.00337e-03 -4.6209002674e-01 -4.5812862597e-01
332.005 0.00000 0.00000 0.00000 0.00000 -0.00000 0.00000 -3.2425e-02 5.4274e-02 -7.1230e-02 -3.7238e-05 7.2131e-02 -2.0613e-07 1.54133 1.76177 0.48406 0.12450 0.27307 -0.60626 1.95803e-03 2.00337e-03 -4.6209002330e-01 -4.5812862600e-01
334.005 0.00000 0.00000 -0.00000 0.00000 -0.00000 0.00000 -3.7969e-02 5.4271e-02 -6.8431e-02 -3.7238e-05 7.2131e-02 -2.0613e-07 1.43895 1.76170 0.58651 0.14579 0.26221 -0.68224 1.95803e-03 2.00338e-03 -4.6209003737e-01 -4.5812862603e-01
336.005 -0.00000 0.00000 -0.00000 0.00000 -0.00000 0.00000 -4.3272e-02 5.4269e-02 -6.5200e-02 -3.7238e-05 7.2131e-02 -2.0613e-07 1.32584 1.76161 0.69971 0.16611 0.24971 -0.74111 1.95803e-03 2.00340e-03 -4.6209006079e-01 -4.5812862605e-01
338.005 0.00000 -0.00000 0.00000 0.00000 -0.00000 0.00000 -4.8301e-02 5.4266e-02 -6.1560e-02 -3.7238e-05 7.2131e-02 -2.0613e-07 1.20482 1.76151 0.82083 0.18533 0.23567 -0.78136 1.95803e-03 2.00341e-03 -4.6209007231e-01 -4.5812862608e-01
340.005 0.00000 -0.00000 0.00000 0.00000 -0.00000 0.00000 -5.3025e-02 5.4264e-02 -5.7533e-02 -3.7238e-05 7.2131e-02 -2.0613e-07 1.07894 1.76141 0.94681 0.20334 0.22018 -0.80197 1.95803e-03 2.00340e-03 -4.6209005400e-01 -4.5812862611e-01
342.005 -0.00000 -0.00000 -0.00000 0.00000 -0.00000 -0.00000 -5.7415e-02 5.4261e-02 -5.3145e-02 -3.7238e-05 7.2131e-02 -2.0613e-07 0.95134 1.76132 1.07450 0.22004 0.20335 -0.80240 1.95803e-03 2.00341e-03 -4.6209006288e-01 -4.5812862613e-01
344.005 0.00000 0.00000 -0.00000 0.00000 -0.00000 -0.00000 -6.1443e-02 5.4259e-02 -4.8425e-02 -3.7238e-05 7.2131e-02 -2.0613e-07 0.82525 1.76126 1.20065 0.23535 0.18530 -0.78263 1.95803e-03 2.00344e-03 -4.6209009545e-01 -4.5812862616e-01
346.005 -0.00000 -0.00000 0.00000 0.00000 -0.00000 -0.00000 -6.5086e-02 5.4257e-02 -4.3402e-02 -3.7238e-05 7.2131e-02 -2.0613e-07 0.70385 1.76123 1.32208 0.24919 0.16612 -0.74313 1.95803e-03 2.00341e-03 -4.6209006527e-01 -4.5812862618e-01
348.005 0.00000 0.00000 -0.00000 0.00000 -0.00000 -0.00000 -6.8322e-02 5.4256e-02 -3.8108e-02 -3.7238e-05 7.2131e-02 -2.0613e-07 0.59021 1.76123 1.43571 0.26148 0.14593 -0.68490 1.95803e-03 2.00339e-03 -4.6209004526e-01 -4.5812862620e-01
350.005 -0.00000 -0.00000 -0.00000 -0.00000 -0.00000 -0.00000 -7.1130e-02 5.4254e-02 -3.2575e-02 -3.7238e-05 7.2131e-02 -2.0613e-07 0.48721 1.76127 1.53867 0.27217 0.12485 -0.60942 1.95803e-03 2.00343e-03 -4.6209008722e-01 -4.5812862623e-01
352.005 -0.00000 0.00000 0.00000 0.00000 -0.00000 -0.00000 -7.3493e-02 5.4253e-02 -2.6837e-02 -3.7238e-05 7.2131e-02 -2.0613e-07 0.39745 1.76135 1.62836 0.28118 0.10298 -0.51860 1.95803e-03 2.00341e-03 -4.6209006638e-01 -4.5812862625e-01
354.005 -0.00000 -0.00000 -0.00000 -0.00000 -0.00000 -0.00000 -7.5395e-02 5.4252e-02 -2.0930e-02 -3.7238e-05 7.2131e-02 -2.0613e-07 0.32319 1.76145 1.70252 0.28846 0.08045 -0.41473 1.95803e-03 2.00336e-03 -4.6209001992e-01 -4.5812862627e-01
356.005 -0.00000 0.00000 -0.00000 -0.00000 -0.00000 -0.00000 -7.6825e-02 5.4251e-02 -1.4890e-02 -3.7238e-05 7.2131e-02 -2.0613e-07 0.26630 1.76157 1.75929 0.29395 0.05738 -0.30045 1.95803e-03 2.00339e-03 -4.6209005014e-01 -4.5812862630e-01
358.005 0.00000 0.00000 -0.00000 -0.00000 -0.00000 -0.00000 -7.7771e-02 5.4251e-02 -8.7543e-03 -3.7238e-05 7.2131e-02 -2.0613e-07 0.22820 1.76170 1.79726 0.29762 0.03390 -0.17866 1.95803e-03 2.00339e-03 -4.6209004659e-01 -4.5812862631e-01
360.005 -0.00000 -0.00000 0.00000 -0.00000 -0.00000 -0.00000 -7.8229e-02 5.4251e-02 -2.5620e-03 -3.7238e-05 7.2131e-02 -2.0613e-07 0.20984 1.76182 1.81551 0.29942 0.01016 -0.05241 1.95803e-03 2.00333e-03 -4.6208999048e-01 -4.5812862634e-01
362.005 0.00000 -0.00000 0.00000 -0.00000 -0.00000 -0.00000 -7.8192e-02 5.4251e-02 3.6480e-03 -3.7238e-05 7.2131e-02 -2.0613e-07 0.21166 1.76192 1.81359 0.29932 -0.01368 0.07512 1.95803e-03 2.00334e-03 -4.6208999365e-01 -4.5812862636e-01
364.005 -0.00000 -0.00000 -0.00000 -0.00000 -0.00000 -0.00000 -7.7661e-02 5.4251e-02 9.8361e-03 -3.7238e-05 7.2131e-02 -2.0613e-07 0.23360 1.76199 1.79157 0.29732 -0.03748 0.20073 1.95803e-03 2.00334e-03 -4.6208999904e-01 -4.5812862638e-01
366.005 -0.00000 0.00000 0.00000 -0.00000 -0.00000 -0.00000 -7.6639e-02 5.4252e-02 1.5963e-02 -3.7238e-05 7.2131e-02 -2.0613e-07 0.27511 1.76203 1.75003 0.29342 -0.06106 0.32128 1.95803e-03 2.00330e-03 -4.6208995399e-01 -4.5812862640e-01
368.005 0.00000 0.00000 0.00000 -0.00000 -0.00000 -0.00000 -7.5132e-02 5.4252e-02 2.1989e-02 -3.7238e-05 7.2131e-02 -2.0613e-07 0.33514 1.76202 1.69000 0.28763 -0.08426 0.43377 1.95803e-03 2.00327e-03 -4.6208993195e-01 -4.5812862642e-01
370.005 -0.00000 -0.00000 0.00000 -0.00000 -0.00000 -0.00000 -7.3149e-02 5.4253e-02 2.7875e-02 -3.7238e-05 7.2131e-02 -2.0613e-07 0.41220 1.76198 1.61298 0.28001 -0.10692 0.53537 1.95803e-03 2.00327e-03 -4.6208993058e-01 -4.5812862644e-01
372.005 0.00000 -0.00000 0.00000 -0.00000 -0.00000 -0.00000 -7.0704e-02 5.4255e-02 3.3585e-02 -3.7238e-05 7.2131e-02 -2.0613e-07 0.50436 1.76190 1.52091 0.27060 -0.12888 0.62355 1.95803e-03 2.00325e-03 -4.6208990947e-01 -4.5812862646e-01
374.005 -0.00000 -0.00000 -0.00000 -0.00000 -0.00000 -0.00000 -6.7812e-02 5.4256e-02 3.9081e-02 -3.7238e-05 7.2131e-02 -2.0613e-07 0.60931 1.76179 1.41606 0.25948 -0.14998 0.69608 1.95803e-03 2.00322e-03 -4.6208988087e-01 -4.5812862648e-01
376.005 0.00000 0.00000 -0.00000 -0.00000 -0.00000 -0.00000 -6.4493e-02 5.4258e-02 4.4328e-02 -3.7238e-05 7.2131e-02 -2.0613e-07 0.72444 1.76166 1.30106 0.24673 -0.17011 0.75115 1.95803e-03 2.00321e-03 -4.6208986290e-01 -4.5812862650e-01
378.005 -0.00000 -0.00000 0.00000 -0.00000 -0.00000 -0.00000 -6.0769e-02 5.4260e-02 4.9295e-02 -3.7238e-05 7.2131e-02 -2.0613e-07 0.84686 1.76152 1.17878 0.23246 -0.18913 0.78735 1.95803e-03 2.00321e-03 -4.6208986491e-01 -4.5812862652e-01
380.005 0.00000 -0.00000 -0.00000 -0.00000 0.00000 -0.00000 -5.6664e-02 5.4262e-02 5.3951e-02 -3.7238e-05 7.2131e-02 -2.0613e-07 0.97349 1.76139 1.05228 0.21675 -0.20693 0.80375 1.95803e-03 2.00320e-03 -4.6208985350e-01 -4.5812862653e-01
382.005 -0.00000 -0.00000 0.00000 -0.00000 -0.00000 -0.00000 -5.2204e-02 5.4264e-02 5.8267e-02 -3.7238e-05 7.2131e-02 -2.0613e-07 1.10113 1.76128 0.92475 0.19972 -0.22341 0.79992 1.95803e-03 2.00317e-03 -4.6208982265e-01 -4.5812862655e-01
384.005 -0.00000 0.00000 0.00000 -0.00000 0.00000 -0.00000 -4.7418e-02 5.4267e-02 6.2216e-02 -3.7238e-05 7.2131e-02 -2.0613e-07 1.22657 1.76119 0.79940 0.18147 -0.23849 0.77594 1.95803e-03 2.00318e-03 -4.6208983615e-01 -4.5812862657e-01
386.005 -0.00000 -0.00000 -0.00000 -0.00000 0.00000 -0.00000 -4.2335e-02 5.4269e-02 6.5775e-02 -3.7238e-05 7.2131e-02 -2.0613e-07 1.34663 1.76113 0.67940 0.16212 -0.25210 0.73241 1.95803e-03 2.00320e-03 -4.6208985570e-01 -4.5812862659e-01
388.005 0.00000 -0.00000 -0.00000 -0.00000 0.00000 -0.00000 -3.6988e-02 5.4272e-02 6.8922e-02 -3.7238e-05 7.2131e-02 -2.0613e-07 1.45826 1.76111 0.56779 0.14176 -0.26414 0.67043 1.95803e-03 2.00317e-03 -4.6208982670e-01 -4.5812862661e-01
390.005 -0.00000 0.00000 0.00000 -0.00000 0.00000 -0.00000 -3.1409e-02 5.4275e-02 7.1638e-02 -3.7238e-05 7.2131e-02 -2.0613e-07 1.55865 1.76113 0.46738 0.12051 -0.27457 0.59155 1.95803e-03 2.00318e-03 -4.6208983815e-01 -4.5812862662e-01
392.005 0.00000 -0.00000 -0.00000 -0.00000 0.00000 -0.00000 -2.5632e-02 5.4278e-02 7.3904e-02 -3.7238e-05 7.2131e-02 -2.0613e-07 1.64526 1.76118 0.38072 0.09849 -0.28332 0.49779 1.95803e-03 2.00323e-03 -4.6208988421e-01 -4.5812862664e-01
394.005 0.00000 0.00000 0.00000 -0.00000 0.00000 -0.00000 -1.9694e-02 5.4281e-02 7.5708e-02 -3.7238e-05 7.2131e-02 -2.0613e-07 1.71591 1.76126 0.30999 0.07581 -0.29032 0.39151 1.95803e-03 2.00322e-03 -4.6208987243e-01 -4.5812862666e-01
396.005 -0.00000 -0.00000 0.00000 -0.00000 0.00000 -0.00000 -1.3631e-02 5.4284e-02 7.7037e-02 -3.7238e-05 7.2131e-02 -2.0613e-07 1.76884 1.76135 0.25697 0.05260 -0.29552 0.27542 1.95803e-03 2.00322e-03 -4.6208987510e-01 -4.5812862667e-01
398.005 0.00000 0.00000 -0.00000 -0.00000 0.00000 -0.00000 -7.4799e-03 5.4287e-02 7.7881e-02 -3.7238e-05 7.2131e-02 -2.0613e-07 1.80274 1.76145 0.22297 0.02901 -0.29888 0.15244 1.95803e-03 2.00327e-03 -4.6208992877e-01 -4.5812862669e-01
400.000 -0.00000 -0.00000 0.00000 -0.00000 0.00000 -0.00000 -1.2961e-03 5.4291e-02 7.8234e-02 -3.7238e-05 7.2131e-02 -2.0613e-07 1.81676 1.76154 0.20886 0.00524 -0.30035 0.02599 1.95803e-03 2.00328e-03 -4.6208993964e-01 -4.5812862670e-01
