# t x y z vx vy vz omx omy omz llx lly llz Ixx Iyy Izz Ixy Iyz Ixz KErot PEspr PEgrav Etot
0.000 -0.00000 -0.00000 0.00000 0.00000 0.00000 -0.00000 3.6447e-02 2.1876e-01 -2.8556e-02 -6.4312e-05 1.0727e-01 3.3038e-06 0.51362 0.51613 0.48394 -0.09551 0.07550 -0.07388 1.17322e-02 7.68667e-30 -5.5285287027e-01 -5.4112066359e-01
2.005 0.00000 -0.00000 0.00000 0.00000 -0.00000 0.00000 1.7702e-02 2.2260e-01 -4.3089e-02 -6.4312e-05 1.0727e-01 3.3038e-06 0.43376 0.50659 0.54475 -0.04431 0.10938 -0.04923 1.19394e-02 2.28195e-03 -5.5766539856e-01 -5.4344407734e-01
4.005 0.00000 0.00000 -0.00000 0.00000 0.00000 -0.00000 -5.8591e-03 2.2272e-01 -4.6095e-02 -6.4312e-05 1.0727e-01 3.3038e-06 0.41810 0.50616 0.56007 0.01547 0.11653 0.02302 1.19461e-02 2.37551e-03 -5.5776829387e-01 -5.4344671101e-01
6.000 0.00000 -0.00000 -0.00000 0.00000 0.00000 -0.00000 -2.7698e-02 2.2271e-01 -3.7109e-02 -6.4312e-05 1.0727e-01 3.3038e-06 0.47250 0.50603 0.50579 0.07070 0.09342 0.07339 1.19459e-02 2.37728e-03 -5.5776991636e-01 -5.4344674458e-01
8.000 0.00000 -0.00000 0.00000 0.00000 0.00000 -0.00000 -4.2236e-02 2.2270e-01 -1.8537e-02 -6.4312e-05 1.0727e-01 3.3038e-06 0.54427 0.50588 0.43417 0.10728 0.04606 0.05225 1.19459e-02 2.37765e-03 -5.5777031536e-01 -5.4344675200e-01
10.000 -0.00000 0.00000 0.00000 0.00000 0.00000 0.00000 -4.5676e-02 2.2269e-01 4.7147e-03 -6.4312e-05 1.0727e-01 3.3038e-06 0.56301 0.50569 0.41561 0.11563 -0.01301 -0.02062 1.19459e-02 2.37801e-03 -5.5777070218e-01 -5.4344675803e-01
12.005 -0.00000 0.00000 -0.00000 0.00000 -0.00000 -0.00000 -3.7156e-02 2.2270e-01 2.6597e-02 -6.4312e-05 1.0727e-01 3.3038e-06 0.50965 0.50549 0.46918 0.09363 -0.06844 -0.07443 1.19459e-02 2.37850e-03 -5.5777116827e-01 -5.4344676391e-01
14.005 0.00000 -0.00000 -0.00000 0.00000 -0.00000 -0.00000 -1.9014e-02 2.2271e-01 4.1304e-02 -6.4312e-05 1.0727e-01 3.3038e-06 0.43589 0.50528 0.54315 0.04734 -0.10551 -0.05615 1.19459e-02 2.37886e-03 -5.5777156083e-01 -5.4344676939e-01
16.005 0.00000 0.00000 -0.00000 0.00000 -0.00000 -0.00000 3.9735e-03 2.2272e-01 4.5093e-02 -6.4312e-05 1.0727e-01 3.3038e-06 0.41340 0.50509 0.56583 -0.01108 -0.11485 0.01687 1.19459e-02 2.37919e-03 -5.5777190846e-01 -5.4344677457e-01
18.005 0.00000 -0.00000 0.00000 0.00000 0.00000 0.00000 2.5782e-02 2.2274e-01 3.7018e-02 -6.4312e-05 1.0727e-01 3.3038e-06 0.46445 0.50494 0.51493 -0.06638 -0.09415 0.07417 1.19459e-02 2.37944e-03 -5.5777215303e-01 -5.4344677972e-01
20.000 -0.00000 -0.00000 -0.00000 0.00000 0.00000 0.00000 4.0690e-02 2.2275e-01 1.9276e-02 -6.4312e-05 1.0727e-01 3.3038e-06 0.53990 0.50486 0.43956 -0.10414 -0.04905 0.06035 1.19459e-02 2.37956e-03 -5.5777228928e-01 -5.4344678467e-01
22.000 -0.00000 -0.00000 -0.00000 0.00000 0.00000 0.00000 4.4879e-02 2.2275e-01 -3.5697e-03 -6.4312e-05 1.0727e-01 3.3038e-06 0.56735 0.50485 0.41212 -0.11478 0.00893 -0.01146 1.19459e-02 2.37960e-03 -5.5777230943e-01 -5.4344678958e-01
24.000 0.00000 -0.00000 -0.00000 0.00000 -0.00000 0.00000 3.7201e-02 2.2275e-01 -2.5505e-02 -6.4312e-05 1.0727e-01 3.3038e-06 0.52017 0.50493 0.45922 -0.09542 0.06464 -0.07209 1.19459e-02 2.37950e-03 -5.5777221124e-01 -5.4344679445e-01
26.000 0.00000 0.00000 0.00000 0.00000 0.00000 0.00000 1.9644e-02 2.2273e-01 -4.0782e-02 -6.4312e-05 1.0727e-01 3.3038e-06 0.44401 0.50508 0.53523 -0.05102 0.10359 -0.06319 1.19459e-02 2.37929e-03 -5.5777199689e-01 -5.4344679926e-01
28.000 0.00000 -0.00000 0.00000 0.00000 0.00000 0.00000 -3.2223e-03 2.2272e-01 -4.5374e-02 -6.4312e-05 1.0727e-01 3.3038e-06 0.41231 0.50529 0.56672 0.00695 0.11556 0.00627 1.19459e-02 2.37899e-03 -5.5777168541e-01 -5.4344680407e-01
30.000 -0.00000 0.00000 0.00000 0.00000 0.00000 0.00000 -2.5425e-02 2.2271e-01 -3.8026e-02 -6.4312e-05 1.0727e-01 3.3038e-06 0.45518 0.50552 0.52361 0.06343 0.09728 0.06885 1.19459e-02 2.37860e-03 -5.5777128509e-01 -5.4344680888e-01
32.000 0.00000 -0.00000 -0.00000 0.00000 0.00000 0.00000 -4.1134e-02 2.2270e-01 -2.0600e-02 -6.4312e-05 1.0727e-01 3.3038e-06 0.53040 0.50577 0.44815 0.10362 0.05333 0.06421 1.19459e-02 2.37815e-03 -5.5777082648e-01 -5.4344681370e-01
34.000 0.00000 0.00000 -0.00000 0.00000 -0.00000 0.00000 -4.6184e-02 2.2269e-01 2.3949e-03 -6.4312e-05 1.0727e-01 3.3038e-06 0.56470 0.50599 0.41363 0.11685 -0.00494 -0.00243 1.19459e-02 2.37765e-03 -5.5777032935e-01 -5.4344681854e-01
36.000 0.00000 -0.00000 0.00000 0.00000 0.00000 0.00000 -3.9179e-02 2.2270e-01 2.4959e-02 -6.4312e-05 1.0727e-01 3.3038e-06 0.52518 0.50618 0.45296 0.09946 -0.06230 -0.06564 1.19459e-02 2.37715e-03 -5.5776982596e-01 -5.4344682341e-01
38.000 -0.00000 -0.00000 -0.00000 0.00000 -0.00000 0.00000 -2.1877e-02 2.2271e-01 4.1168e-02 -6.4312e-05 1.0727e-01 3.3038e-06 0.45111 0.50632 0.52689 0.05584 -0.10366 -0.06391 1.19459e-02 2.37667e-03 -5.5776934405e-01 -5.4344682832e-01
40.005 -0.00000 -0.00000 -0.00000 0.00000 -0.00000 0.00000 1.3072e-03 2.2272e-01 4.6726e-02 -6.4312e-05 1.0727e-01 3.3038e-06 0.41520 0.50643 0.56270 -0.00284 -0.11804 0.00054 1.19458e-02 2.37623e-03 -5.5776891184e-01 -5.4344683326e-01
42.005 -0.00000 -0.00000 0.00000 0.00000 -0.00000 0.00000 2.4212e-02 2.2273e-01 4.0089e-02 -6.4312e-05 1.0727e-01 3.3038e-06 0.45241 0.50650 0.52542 -0.06091 -0.10146 0.06358 1.19458e-02 2.37588e-03 -5.5776855796e-01 -5.4344683823e-01
44.005 -0.00000 -0.00000 -0.00000 0.00000 -0.00000 0.00000 4.0885e-02 2.2274e-01 2.2969e-02 -6.4312e-05 1.0727e-01 3.3038e-06 0.52531 0.50655 0.45247 -0.10323 -0.05825 0.06326 1.19458e-02 2.37563e-03 -5.5776830306e-01 -5.4344684322e-01
46.005 0.00000 0.00000 -0.00000 0.00000 -0.00000 0.00000 4.6938e-02 2.2275e-01 -1.8313e-04 -6.4312e-05 1.0727e-01 3.3038e-06 0.56168 0.50658 0.41606 -0.11865 0.00030 0.00028 1.19458e-02 2.37550e-03 -5.5776816370e-01 -5.4344684822e-01
48.005 0.00000 -0.00000 -0.00000 0.00000 -0.00000 0.00000 4.0765e-02 2.2275e-01 -2.3318e-02 -6.4312e-05 1.0727e-01 3.3038e-06 0.52561 0.50661 0.45210 -0.10306 0.05884 -0.06280 1.19458e-02 2.37550e-03 -5.5776814936e-01 -5.4344685322e-01
50.005 -0.00000 0.00000 -0.00000 0.00000 0.00000 0.00000 2.3979e-02 2.2274e-01 -4.0383e-02 -6.4312e-05 1.0727e-01 3.3038e-06 0.45293 0.50662 0.52477 -0.06055 0.10198 -0.06341 1.19458e-02 2.37562e-03 -5.5776826209e-01 -5.4344685821e-01
52.005 0.00000 -0.00000 -0.00000 0.00000 0.00000 0.00000 9.7879e-04 2.2272e-01 -4.6927e-02 -6.4312e-05 1.0727e-01 3.3038e-06 0.41574 0.50660 0.56198 -0.00229 0.11843 -0.00081 1.19458e-02 2.37586e-03 -5.5776849639e-01 -5.4344686318e-01
54.005 0.00000 -0.00000 -0.00000 0.00000 -0.00000 0.00000 -2.2210e-02 2.2271e-01 -4.1268e-02 -6.4312e-05 1.0727e-01 3.3038e-06 0.45117 0.50655 0.52661 0.05640 0.10389 0.06311 1.19458e-02 2.37621e-03 -5.5776883943e-01 -5.4344686813e-01
56.005 -0.00000 -0.00000 0.00000 0.00000 -0.00000 0.00000 -3.9535e-02 2.2270e-01 -2.4933e-02 -6.4312e-05 1.0727e-01 3.3038e-06 0.52461 0.50644 0.45327 0.10011 0.06228 0.06487 1.19458e-02 2.37665e-03 -5.5776927223e-01 -5.4344687304e-01
58.005 0.00000 0.00000 0.00000 0.00000 -0.00000 0.00000 -4.6506e-02 2.2269e-01 -2.2400e-03 -6.4312e-05 1.0727e-01 3.3038e-06 0.56363 0.50628 0.41441 0.11744 0.00463 0.00216 1.19458e-02 2.37714e-03 -5.5776977074e-01 -5.4344687793e-01
60.005 -0.00000 0.00000 -0.00000 0.00000 -0.00000 0.00000 -4.1368e-02 2.2269e-01 2.0856e-02 -6.4312e-05 1.0727e-01 3.3038e-06 0.52932 0.50607 0.44894 0.10400 -0.05386 -0.06369 1.19458e-02 2.37767e-03 -5.5777030748e-01 -5.4344688280e-01
62.005 0.00000 -0.00000 -0.00000 0.00000 -0.00000 0.00000 -2.5539e-02 2.2270e-01 3.8330e-02 -6.4312e-05 1.0727e-01 3.3038e-06 0.45475 0.50581 0.52375 0.06352 -0.09789 -0.06771 1.19458e-02 2.37820e-03 -5.5777085327e-01 -5.4344688764e-01
64.005 0.00000 0.00000 0.00000 0.00000 -0.00000 0.00000 -3.2184e-03 2.2272e-01 4.5663e-02 -6.4312e-05 1.0727e-01 3.3038e-06 0.41289 0.50555 0.56587 0.00675 -0.11608 -0.00521 1.19458e-02 2.37871e-03 -5.5777137877e-01 -5.4344689246e-01
66.005 0.00000 -0.00000 -0.00000 0.00000 -0.00000 0.00000 1.9731e-02 2.2273e-01 4.1009e-02 -6.4312e-05 1.0727e-01 3.3038e-06 0.44526 0.50530 0.53375 -0.05140 -0.10387 0.06335 1.19458e-02 2.37917e-03 -5.5777185614e-01 -5.4344689726e-01
68.005 -0.00000 0.00000 -0.00000 0.00000 -0.00000 0.00000 3.7318e-02 2.2274e-01 2.5653e-02 -6.4312e-05 1.0727e-01 3.3038e-06 0.52115 0.50509 0.45807 -0.09579 -0.06465 0.07110 1.19458e-02 2.37956e-03 -5.5777226028e-01 -5.4344690204e-01
70.005 -0.00000 0.00000 0.00000 0.00000 -0.00000 0.00000 4.4979e-02 2.2275e-01 3.6577e-03 -6.4312e-05 1.0727e-01 3.3038e-06 0.56721 0.50495 0.41216 -0.11499 -0.00876 0.00996 1.19458e-02 2.37986e-03 -5.5777257006e-01 -5.4344690681e-01
72.005 0.00000 0.00000 -0.00000 0.00000 -0.00000 0.00000 4.0753e-02 2.2274e-01 -1.9207e-02 -6.4312e-05 1.0727e-01 3.3038e-06 0.53864 0.50489 0.44078 -0.10412 0.04923 -0.06125 1.19458e-02 2.38006e-03 -5.5777276913e-01 -5.4344691157e-01
74.005 -0.00000 0.00000 0.00000 0.00000 -0.00000 0.00000 2.5773e-02 2.2274e-01 -3.6961e-02 -6.4312e-05 1.0727e-01 3.3038e-06 0.46280 0.50490 0.51661 -0.06607 0.09427 -0.07371 1.19458e-02 2.38015e-03 -5.5777284665e-01 -5.4344691632e-01
76.005 0.00000 -0.00000 0.00000 0.00000 -0.00000 -0.00000 3.9691e-03 2.2272e-01 -4.4967e-02 -6.4312e-05 1.0727e-01 3.3038e-06 0.41279 0.50498 0.56654 -0.01074 0.11467 -0.01532 1.19458e-02 2.38011e-03 -5.5777279763e-01 -5.4344692106e-01
78.005 0.00000 -0.00000 -0.00000 0.00000 -0.00000 -0.00000 -1.8954e-02 2.2271e-01 -4.1121e-02 -6.4312e-05 1.0727e-01 3.3038e-06 0.43675 0.50511 0.54245 0.04751 0.10507 0.05757 1.19457e-02 2.37995e-03 -5.5777262327e-01 -5.4344692580e-01
80.005 -0.00000 0.00000 0.00000 0.00000 -0.00000 -0.00000 -3.6993e-02 2.2270e-01 -2.6408e-02 -6.4312e-05 1.0727e-01 3.3038e-06 0.51125 0.50528 0.46778 0.09350 0.06790 0.07470 1.19457e-02 2.37968e-03 -5.5777233088e-01 -5.4344693054e-01
82.005 0.00000 -0.00000 -0.00000 0.00000 -0.00000 -0.00000 -4.5402e-02 2.2269e-01 -4.6465e-03 -6.4312e-05 1.0727e-01 3.3038e-06 0.56416 0.50545 0.41471 0.11515 0.01273 0.01990 1.19457e-02 2.37930e-03 -5.5777193372e-01 -5.4344693529e-01
84.005 0.00000 -0.00000 0.00000 0.00000 -0.00000 -0.00000 -4.1928e-02 2.2269e-01 1.8490e-02 -6.4312e-05 1.0727e-01 3.3038e-06 0.54453 0.50561 0.43417 0.10667 -0.04608 -0.05339 1.19457e-02 2.37883e-03 -5.5777145054e-01 -5.4344694005e-01
86.005 -0.00000 0.00000 0.00000 0.00000 -0.00000 -0.00000 -2.7416e-02 2.2270e-01 3.6936e-02 -6.4312e-05 1.0727e-01 3.3038e-06 0.47197 0.50577 0.50658 0.07012 -0.09314 -0.07419 1.19457e-02 2.37829e-03 -5.5777090484e-01 -5.4344694484e-01
88.005 0.00000 0.00000 0.00000 0.00000 -0.00000 -0.00000 -5.6028e-03 2.2271e-01 4.5821e-02 -6.4312e-05 1.0727e-01 3.3038e-06 0.41722 0.50591 0.56119 0.01492 -0.11602 -0.02292 1.19457e-02 2.37770e-03 -5.5777032389e-01 -5.4344694966e-01
90.005 0.00000 -0.00000 -0.00000 0.00000 -0.00000 -0.00000 1.7833e-02 2.2273e-01 4.2749e-02 -6.4312e-05 1.0727e-01 3.3038e-06 0.43318 0.50604 0.54510 -0.04453 -0.10860 0.04981 1.19457e-02 2.37711e-03 -5.5776973744e-01 -5.4344695451e-01
92.005 0.00000 0.00000 -0.00000 0.00000 -0.00000 -0.00000 3.6753e-02 2.2274e-01 2.8445e-02 -6.4312e-05 1.0727e-01 3.3038e-06 0.50343 0.50617 0.47472 -0.09267 -0.07264 0.07291 1.19457e-02 2.37654e-03 -5.5776917615e-01 -5.4344695940e-01
94.005 -0.00000 0.00000 -0.00000 0.00000 -0.00000 -0.00000 4.6162e-02 2.2275e-01 6.5927e-03 -6.4312e-05 1.0727e-01 3.3038e-06 0.55863 0.50631 0.41938 -0.11678 -0.01744 0.02435 1.19457e-02 2.37602e-03 -5.5776866991e-01 -5.4344696433e-01
96.005 0.00000 -0.00000 -0.00000 0.00000 -0.00000 -0.00000 4.3542e-02 2.2274e-01 -1.7117e-02 -6.4312e-05 1.0727e-01 3.3038e-06 0.54474 0.50645 0.43314 -0.11043 0.04259 -0.04753 1.19457e-02 2.37559e-03 -5.5776824597e-01 -5.4344696929e-01
98.005 -0.00000 -0.00000 0.00000 0.00000 -0.00000 -0.00000 2.9525e-02 2.2274e-01 -3.6478e-02 -6.4312e-05 1.0727e-01 3.3038e-06 0.47592 0.50659 0.50182 -0.07513 0.09171 -0.07179 1.19457e-02 2.37526e-03 -5.5776792725e-01 -5.4344697428e-01
100.000 -0.00000 -0.00000 0.00000 0.00000 -0.00000 -0.00000 7.8081e-03 2.2272e-01 -4.6395e-02 -6.4312e-05 1.0727e-01 3.3038e-06 0.42049 0.50671 0.55714 -0.02023 0.11694 -0.02494 1.19457e-02 2.37506e-03 -5.5776773112e-01 -5.4344697927e-01
