# t x y z vx vy vz omx omy omz llx lly llz Ixx Iyy Izz Ixy Iyz Ixz KErot PEspr PEgrav Etot
0.000 0.00000 -0.00000 -0.00000 -0.00000 0.00000 0.00000 1.3377e-03 1.0268e-01 -8.9177e-03 -3.9651e-05 6.7605e-02 -3.1994e-07 0.42426 0.66166 0.42348 -0.00607 0.03680 -0.00179 3.47090e-03 9.55357e-30 -5.5330379457e-01 -5.4983289281e-01
2.005 0.00000 0.00000 -0.00000 -0.00000 -0.00000 0.00000 -1.5972e-03 1.0479e-01 -9.0076e-03 -3.9651e-05 6.7605e-02 -3.1994e-07 0.41639 0.64833 0.41691 0.00588 0.03582 -0.00104 3.54216e-03 2.28564e-03 -5.5799889593e-01 -5.5217109564e-01
4.005 0.00000 0.00000 0.00000 -0.00000 -0.00000 -0.00000 -4.3918e-03 1.0486e-01 -8.0528e-03 -3.9651e-05 6.7605e-02 -3.1994e-07 0.41634 0.64790 0.41661 0.01703 0.03197 -0.00045 3.54453e-03 2.38426e-03 -5.5810233256e-01 -5.5217355109e-01
6.000 0.00000 0.00000 -0.00000 -0.00000 -0.00000 -0.00000 -6.7269e-03 1.0486e-01 -6.2580e-03 -3.9651e-05 6.7605e-02 -3.1994e-07 0.41682 0.64790 0.41611 0.02634 0.02481 -0.00032 3.54462e-03 2.38817e-03 -5.5810635368e-01 -5.5217356471e-01
8.000 -0.00000 -0.00000 -0.00000 0.00000 -0.00000 0.00000 -8.3691e-03 1.0486e-01 -3.8044e-03 -3.9651e-05 6.7605e-02 -3.1994e-07 0.41720 0.64790 0.41572 0.03289 0.01502 -0.00081 3.54462e-03 2.38827e-03 -5.5810646016e-01 -5.5217356602e-01
10.000 0.00000 0.00000 0.00000 0.00000 -0.00000 0.00000 -9.1383e-03 1.0486e-01 -9.5491e-04 -3.9651e-05 6.7605e-02 -3.1994e-07 0.41702 0.64790 0.41590 0.03595 0.00364 -0.00168 3.54463e-03 2.38848e-03 -5.5810667643e-01 -5.5217356691e-01
12.005 -0.00000 0.00000 0.00000 0.00000 -0.00000 0.00000 -8.9521e-03 1.0486e-01 1.9970e-03 -3.9651e-05 6.7605e-02 -3.1994e-07 0.41607 0.64789 0.41686 0.03519 -0.00815 -0.00239 3.54463e-03 2.38849e-03 -5.5810668945e-01 -5.5217356753e-01
14.005 0.00000 -0.00000 0.00000 0.00000 -0.00000 0.00000 -7.8317e-03 1.0486e-01 4.7248e-03 -3.9651e-05 6.7605e-02 -3.1994e-07 0.41459 0.64788 0.41835 0.03069 -0.01903 -0.00239 3.54463e-03 2.38857e-03 -5.5810676470e-01 -5.5217356797e-01
16.005 -0.00000 -0.00000 -0.00000 0.00000 -0.00000 0.00000 -5.8968e-03 1.0486e-01 6.9477e-03 -3.9651e-05 6.7605e-02 -3.1994e-07 0.41314 0.64786 0.41983 0.02295 -0.02790 -0.00137 3.54463e-03 2.38856e-03 -5.5810676031e-01 -5.5217356828e-01
18.005 -0.00000 -0.00000 0.00000 0.00000 -0.00000 0.00000 -3.3528e-03 1.0486e-01 8.4315e-03 -3.9651e-05 6.7605e-02 -3.1994e-07 0.41238 0.64784 0.42060 0.01276 -0.03380 0.00054 3.54463e-03 2.38858e-03 -5.5810678020e-01 -5.5217356850e-01
20.000 0.00000 -0.00000 0.00000 -0.00000 -0.00000 0.00000 -4.7652e-04 1.0486e-01 9.0194e-03 -3.9651e-05 6.7605e-02 -3.1994e-07 0.41283 0.64781 0.42018 0.00126 -0.03613 0.00280 3.54463e-03 2.38858e-03 -5.5810678077e-01 -5.5217356865e-01
22.000 0.00000 -0.00000 -0.00000 -0.00000 -0.00000 0.00000 2.4416e-03 1.0486e-01 8.6531e-03 -3.9651e-05 6.7605e-02 -3.1994e-07 0.41459 0.64779 0.41844 -0.01041 -0.03464 0.00464 3.54463e-03 2.38859e-03 -5.5810678506e-01 -5.5217356877e-01
24.000 -0.00000 0.00000 -0.00000 0.00000 -0.00000 0.00000 5.0857e-03 1.0487e-01 7.3695e-03 -3.9651e-05 6.7605e-02 -3.1994e-07 0.41723 0.64777 0.41582 -0.02099 -0.02948 0.00532 3.54463e-03 2.38859e-03 -5.5810679004e-01 -5.5217356885e-01
26.000 -0.00000 0.00000 0.00000 -0.00000 -0.00000 0.00000 7.1758e-03 1.0487e-01 5.3054e-03 -3.9651e-05 6.7605e-02 -3.1994e-07 0.41998 0.64775 0.41309 -0.02934 -0.02121 0.00444 3.54463e-03 2.38859e-03 -5.5810678924e-01 -5.5217356891e-01
28.000 -0.00000 0.00000 -0.00000 -0.00000 -0.00000 0.00000 8.4909e-03 1.0487e-01 2.6800e-03 -3.9651e-05 6.7605e-02 -3.1994e-07 0.42193 0.64774 0.41115 -0.03460 -0.01069 0.00217 3.54463e-03 2.38860e-03 -5.5810679432e-01 -5.5217356895e-01
30.000 -0.00000 -0.00000 0.00000 -0.00000 -0.00000 0.00000 8.8917e-03 1.0487e-01 -2.2800e-04 -3.9651e-05 6.7605e-02 -3.1994e-07 0.42239 0.64774 0.41069 -0.03619 0.00096 -0.00085 3.54463e-03 2.38859e-03 -5.5810679345e-01 -5.5217356899e-01
32.000 -0.00000 -0.00000 0.00000 -0.00000 -0.00000 0.00000 8.3362e-03 1.0487e-01 -3.1101e-03 -3.9651e-05 6.7605e-02 -3.1994e-07 0.42117 0.64774 0.41191 -0.03397 0.01251 -0.00370 3.54463e-03 2.38860e-03 -5.5810679706e-01 -5.5217356901e-01
34.000 0.00000 0.00000 0.00000 -0.00000 -0.00000 0.00000 6.8831e-03 1.0487e-01 -5.6605e-03 -3.9651e-05 6.7605e-02 -3.1994e-07 0.41865 0.64775 0.41442 -0.02815 0.02273 -0.00547 3.54463e-03 2.38860e-03 -5.5810679702e-01 -5.5217356903e-01
36.000 0.00000 -0.00000 -0.00000 -0.00000 -0.00000 0.00000 4.6867e-03 1.0487e-01 -7.6085e-03 -3.9651e-05 6.7605e-02 -3.1994e-07 0.41563 0.64776 0.41743 -0.01936 0.03054 -0.00564 3.54463e-03 2.38860e-03 -5.5810679970e-01 -5.5217356904e-01
38.000 -0.00000 0.00000 -0.00000 -0.00000 -0.00000 0.00000 1.9795e-03 1.0486e-01 -8.7473e-03 -3.9651e-05 6.7605e-02 -3.1994e-07 0.41304 0.64778 0.42000 -0.00853 0.03511 -0.00424 3.54463e-03 2.38860e-03 -5.5810680039e-01 -5.5217356906e-01
40.005 -0.00000 -0.00000 -0.00000 -0.00000 -0.00000 -0.00000 -9.5884e-04 1.0486e-01 -8.9550e-03 -3.9651e-05 6.7605e-02 -3.1994e-07 0.41165 0.64780 0.42137 0.00323 0.03596 -0.00181 3.54463e-03 2.38860e-03 -5.5810680239e-01 -5.5217356907e-01
42.005 -0.00000 0.00000 -0.00000 -0.00000 -0.00000 -0.00000 -3.8024e-03 1.0486e-01 -8.2077e-03 -3.9651e-05 6.7605e-02 -3.1994e-07 0.41176 0.64783 0.42123 0.01462 0.03300 0.00081 3.54463e-03 2.38860e-03 -5.5810680338e-01 -5.5217356907e-01
44.005 -0.00000 0.00000 0.00000 -0.00000 -0.00000 -0.00000 -6.2569e-03 1.0486e-01 -6.5855e-03 -3.9651e-05 6.7605e-02 -3.1994e-07 0.41314 0.64785 0.41984 0.02445 0.02653 0.00279 3.54463e-03 2.38861e-03 -5.5810680464e-01 -5.5217356908e-01
46.005 0.00000 0.00000 0.00000 -0.00000 -0.00000 -0.00000 -8.0620e-03 1.0486e-01 -4.2597e-03 -3.9651e-05 6.7605e-02 -3.1994e-07 0.41514 0.64787 0.41782 0.03169 0.01725 0.00361 3.54463e-03 2.38861e-03 -5.5810680517e-01 -5.5217356909e-01
48.005 0.00000 0.00000 -0.00000 -0.00000 -0.00000 -0.00000 -9.0259e-03 1.0486e-01 -1.4756e-03 -3.9651e-05 6.7605e-02 -3.1994e-07 0.41701 0.64788 0.41593 0.03556 0.00613 0.00325 3.54463e-03 2.38861e-03 -5.5810680528e-01 -5.5217356909e-01
50.005 -0.00000 0.00000 0.00000 -0.00000 -0.00000 -0.00000 -9.0459e-03 1.0486e-01 1.4724e-03 -3.9651e-05 6.7605e-02 -3.1994e-07 0.41815 0.64789 0.41479 0.03567 -0.00565 0.00210 3.54463e-03 2.38861e-03 -5.5810680455e-01 -5.5217356910e-01
52.005 0.00000 0.00000 -0.00000 -0.00000 -0.00000 0.00000 -8.1191e-03 1.0486e-01 4.2728e-03 -3.9651e-05 6.7605e-02 -3.1994e-07 0.41836 0.64789 0.41457 0.03198 -0.01683 0.00080 3.54463e-03 2.38860e-03 -5.5810680291e-01 -5.5217356910e-01
54.005 0.00000 0.00000 0.00000 -0.00000 -0.00000 -0.00000 -6.3428e-03 1.0486e-01 6.6294e-03 -3.9651e-05 6.7605e-02 -3.1994e-07 0.41786 0.64789 0.41507 0.02490 -0.02625 -0.00008 3.54463e-03 2.38860e-03 -5.5810680020e-01 -5.5217356911e-01
56.005 -0.00000 0.00000 -0.00000 -0.00000 -0.00000 0.00000 -3.9042e-03 1.0486e-01 8.2931e-03 -3.9651e-05 6.7605e-02 -3.1994e-07 0.41716 0.64788 0.41579 0.01518 -0.03290 -0.00028 3.54463e-03 2.38860e-03 -5.5810679627e-01 -5.5217356911e-01
58.005 -0.00000 0.00000 -0.00000 -0.00000 -0.00000 0.00000 -1.0607e-03 1.0486e-01 9.0878e-03 -3.9651e-05 6.7605e-02 -3.1994e-07 0.41677 0.64787 0.41619 0.00383 -0.03607 0.00009 3.54463e-03 2.38859e-03 -5.5810679110e-01 -5.5217356912e-01
60.005 0.00000 -0.00000 0.00000 -0.00000 -0.00000 0.00000 1.8876e-03 1.0486e-01 8.9297e-03 -3.9651e-05 6.7605e-02 -3.1994e-07 0.41699 0.64785 0.41598 -0.00794 -0.03544 0.00060 3.54463e-03 2.38859e-03 -5.5810678463e-01 -5.5217356912e-01
62.005 -0.00000 -0.00000 0.00000 -0.00000 -0.00000 0.00000 4.6293e-03 1.0487e-01 7.8355e-03 -3.9651e-05 6.7605e-02 -3.1994e-07 0.41775 0.64784 0.41524 -0.01887 -0.03106 0.00072 3.54463e-03 2.38858e-03 -5.5810677693e-01 -5.5217356913e-01
64.005 -0.00000 0.00000 -0.00000 -0.00000 -0.00000 0.00000 6.8751e-03 1.0487e-01 5.9210e-03 -3.9651e-05 6.7605e-02 -3.1994e-07 0.41860 0.64782 0.41440 -0.02783 -0.02341 0.00012 3.54463e-03 2.38857e-03 -5.5810676806e-01 -5.5217356913e-01
66.005 0.00000 -0.00000 0.00000 -0.00000 -0.00000 0.00000 8.3881e-03 1.0487e-01 3.3888e-03 -3.9651e-05 6.7605e-02 -3.1994e-07 0.41897 0.64781 0.41404 -0.03385 -0.01329 -0.00117 3.54463e-03 2.38856e-03 -5.5810675818e-01 -5.5217356913e-01
68.005 0.00000 0.00000 0.00000 -0.00000 -0.00000 0.00000 9.0089e-03 1.0487e-01 5.0686e-04 -3.9651e-05 6.7605e-02 -3.1994e-07 0.41843 0.64780 0.41459 -0.03631 -0.00177 -0.00272 3.54463e-03 2.38855e-03 -5.5810674749e-01 -5.5217356914e-01
70.005 -0.00000 -0.00000 -0.00000 -0.00000 -0.00000 0.00000 8.6727e-03 1.0487e-01 -2.4200e-03 -3.9651e-05 6.7605e-02 -3.1994e-07 0.41689 0.64779 0.41614 -0.03494 0.00992 -0.00386 3.54463e-03 2.38854e-03 -5.5810673623e-01 -5.5217356914e-01
72.005 0.00000 0.00000 -0.00000 -0.00000 -0.00000 0.00000 7.4159e-03 1.0487e-01 -5.0824e-03 -3.9651e-05 6.7605e-02 -3.1994e-07 0.41471 0.64778 0.41833 -0.02990 0.02055 -0.00398 3.54463e-03 2.38853e-03 -5.5810672469e-01 -5.5217356915e-01
74.005 0.00000 -0.00000 -0.00000 -0.00000 -0.00000 0.00000 5.3724e-03 1.0487e-01 -7.1989e-03 -3.9651e-05 6.7605e-02 -3.1994e-07 0.41261 0.64778 0.42043 -0.02171 0.02900 -0.00279 3.54463e-03 2.38852e-03 -5.5810671317e-01 -5.5217356915e-01
76.005 -0.00000 -0.00000 -0.00000 -0.00000 -0.00000 0.00000 2.7590e-03 1.0486e-01 -8.5460e-03 -3.9651e-05 6.7605e-02 -3.1994e-07 0.41137 0.64779 0.42167 -0.01124 0.03437 -0.00048 3.54463e-03 2.38850e-03 -5.5810670201e-01 -5.5217356915e-01
78.005 -0.00000 -0.00000 -0.00000 -0.00000 -0.00000 0.00000 -1.4687e-04 1.0486e-01 -8.9816e-03 -3.9651e-05 6.7605e-02 -3.1994e-07 0.41156 0.64779 0.42147 0.00040 0.03610 0.00231 3.54463e-03 2.38849e-03 -5.5810669151e-01 -5.5217356916e-01
80.005 0.00000 0.00000 -0.00000 -0.00000 -0.00000 0.00000 -3.0372e-03 1.0486e-01 -8.4603e-03 -3.9651e-05 6.7605e-02 -3.1994e-07 0.41327 0.64780 0.41975 0.01197 0.03400 0.00468 3.54463e-03 2.38848e-03 -5.5810668199e-01 -5.5217356916e-01
82.005 -0.00000 -0.00000 0.00000 -0.00000 -0.00000 0.00000 -5.6055e-03 1.0486e-01 -7.0380e-03 -3.9651e-05 6.7605e-02 -3.1994e-07 0.41606 0.64781 0.41695 0.02225 0.02829 0.00581 3.54463e-03 2.38848e-03 -5.5810667374e-01 -5.5217356917e-01
84.005 -0.00000 -0.00000 -0.00000 -0.00000 -0.00000 0.00000 -7.5795e-03 1.0486e-01 -4.8656e-03 -3.9651e-05 6.7605e-02 -3.1994e-07 0.41908 0.64782 0.41393 0.03016 0.01959 0.00530 3.54463e-03 2.38847e-03 -5.5810666698e-01 -5.5217356917e-01
86.005 0.00000 -0.00000 -0.00000 -0.00000 -0.00000 0.00000 -8.7500e-03 1.0486e-01 -2.1740e-03 -3.9651e-05 6.7605e-02 -3.1994e-07 0.42138 0.64782 0.41162 0.03485 0.00880 0.00326 3.54463e-03 2.38847e-03 -5.5810666192e-01 -5.5217356917e-01
88.005 -0.00000 0.00000 0.00000 -0.00000 -0.00000 0.00000 -8.9927e-03 1.0486e-01 7.5147e-04 -3.9651e-05 6.7605e-02 -3.1994e-07 0.42225 0.64783 0.41075 0.03583 -0.00292 0.00034 3.54463e-03 2.38846e-03 -5.5810665868e-01 -5.5217356918e-01
90.005 0.00000 0.00000 -0.00000 -0.00000 -0.00000 0.00000 -8.2815e-03 1.0486e-01 3.6004e-03 -3.9651e-05 6.7605e-02 -3.1994e-07 0.42147 0.64783 0.41152 0.03300 -0.01433 -0.00253 3.54463e-03 2.38846e-03 -5.5810665733e-01 -5.5217356918e-01
92.005 -0.00000 -0.00000 0.00000 -0.00000 -0.00000 0.00000 -6.6916e-03 1.0486e-01 6.0705e-03 -3.9651e-05 6.7605e-02 -3.1994e-07 0.41937 0.64783 0.41362 0.02664 -0.02423 -0.00447 3.54463e-03 2.38846e-03 -5.5810665788e-01 -5.5217356919e-01
94.005 0.00000 -0.00000 0.00000 -0.00000 -0.00000 0.00000 -4.3909e-03 1.0486e-01 7.8996e-03 -3.9651e-05 6.7605e-02 -3.1994e-07 0.41672 0.64782 0.41628 0.01745 -0.03157 -0.00498 3.54463e-03 2.38846e-03 -5.5810666027e-01 -5.5217356919e-01
96.005 -0.00000 0.00000 -0.00000 -0.00000 -0.00000 0.00000 -1.6228e-03 1.0486e-01 8.8933e-03 -3.9651e-05 6.7605e-02 -3.1994e-07 0.41437 0.64782 0.41863 0.00638 -0.03557 -0.00406 3.54463e-03 2.38847e-03 -5.5810666437e-01 -5.5217356919e-01
98.005 -0.00000 0.00000 0.00000 -0.00000 -0.00000 0.00000 1.3198e-03 1.0486e-01 8.9455e-03 -3.9651e-05 6.7605e-02 -3.1994e-07 0.41302 0.64782 0.41998 -0.00539 -0.03580 -0.00219 3.54463e-03 2.38847e-03 -5.5810667000e-01 -5.5217356920e-01
100.005 -0.00000 -0.00000 -0.00000 -0.00000 -0.00000 0.00000 4.1254e-03 1.0487e-01 8.0498e-03 -3.9651e-05 6.7605e-02 -3.1994e-07 0.41292 0.64781 0.42009 -0.01661 -0.03224 -0.00014 3.54463e-03 2.38848e-03 -5.5810667695e-01 -5.5217356920e-01
102.005 0.00000 -0.00000 -0.00000 -0.00000 -0.00000 0.00000 6.4970e-03 1.0487e-01 6.3001e-03 -3.9651e-05 6.7605e-02 -3.1994e-07 0.41383 0.64781 0.41919 -0.02610 -0.02527 0.00138 3.54463e-03 2.38849e-03 -5.5810668494e-01 -5.5217356921e-01
104.005 -0.00000 0.00000 0.00000 -0.00000 -0.00000 0.00000 8.1832e-03 1.0487e-01 3.8808e-03 -3.9651e-05 6.7605e-02 -3.1994e-07 0.41518 0.64781 0.41783 -0.03285 -0.01562 0.00200 3.54463e-03 2.38850e-03 -5.5810669371e-01 -5.5217356921e-01
106.005 0.00000 -0.00000 0.00000 -0.00000 -0.00000 0.00000 9.0052e-03 1.0487e-01 1.0472e-03 -3.9651e-05 6.7605e-02 -3.1994e-07 0.41633 0.64781 0.41668 -0.03615 -0.00431 0.00175 3.54463e-03 2.38850e-03 -5.5810670297e-01 -5.5217356921e-01
108.005 0.00000 -0.00000 0.00000 -0.00000 -0.00000 0.00000 8.8757e-03 1.0487e-01 -1.9016e-03 -3.9651e-05 6.7605e-02 -3.1994e-07 0.41686 0.64782 0.41614 -0.03564 0.00746 0.00104 3.54463e-03 2.38851e-03 -5.5810671243e-01 -5.5217356922e-01
110.005 -0.00000 -0.00000 0.00000 -0.00000 -0.00000 0.00000 7.8079e-03 1.0487e-01 -4.6540e-03 -3.9651e-05 6.7605e-02 -3.1994e-07 0.41671 0.64783 0.41628 -0.03139 0.01844 0.00042 3.54463e-03 2.38852e-03 -5.5810672182e-01 -5.5217356922e-01
112.005 -0.00000 -0.00000 0.00000 -0.00000 -0.00000 0.00000 5.9145e-03 1.0487e-01 -6.9195e-03 -3.9651e-05 6.7605e-02 -3.1994e-07 0.41620 0.64784 0.41679 -0.02383 0.02748 0.00032 3.54463e-03 2.38853e-03 -5.5810673091e-01 -5.5217356923e-01
114.005 0.00000 0.00000 -0.00000 -0.00000 -0.00000 0.00000 3.3952e-03 1.0486e-01 -8.4588e-03 -3.9651e-05 6.7605e-02 -3.1994e-07 0.41583 0.64785 0.41714 -0.01377 0.03362 0.00083 3.54463e-03 2.38854e-03 -5.5810673950e-01 -5.5217356923e-01
116.005 -0.00000 -0.00000 -0.00000 -0.00000 -0.00000 0.00000 5.1616e-04 1.0486e-01 -9.1096e-03 -3.9651e-05 6.7605e-02 -3.1994e-07 0.41607 0.64785 0.41690 -0.00228 0.03621 0.00167 3.54463e-03 2.38855e-03 -5.5810674743e-01 -5.5217356923e-01
118.005 0.00000 0.00000 -0.00000 -0.00000 -0.00000 0.00000 -2.4184e-03 1.0486e-01 -8.8034e-03 -3.9651e-05 6.7605e-02 -3.1994e-07 0.41705 0.64786 0.41591 0.00943 0.03497 0.00230 3.54463e-03 2.38856e-03 -5.5810675459e-01 -5.5217356924e-01
120.005 0.00000 -0.00000 -0.00000 -0.00000 -0.00000 0.00000 -5.0986e-03 1.0486e-01 -7.5734e-03 -3.9651e-05 6.7605e-02 -3.1994e-07 0.41851 0.64787 0.41445 0.02013 0.03004 0.00219 3.54463e-03 2.38856e-03 -5.5810676093e-01 -5.5217356924e-01
122.005 0.00000 -0.00000 -0.00000 -0.00000 -0.00000 0.00000 -7.2414e-03 1.0486e-01 -5.5500e-03 -3.9651e-05 6.7605e-02 -3.1994e-07 0.41988 0.64787 0.41308 0.02867 0.02193 0.00107 3.54463e-03 2.38857e-03 -5.5810676645e-01 -5.5217356925e-01
124.005 -0.00000 -0.00000 -0.00000 -0.00000 -0.00000 0.00000 -8.6209e-03 1.0486e-01 -2.9478e-03 -3.9651e-05 6.7605e-02 -3.1994e-07 0.42048 0.64786 0.41248 0.03417 0.01152 -0.00088 3.54463e-03 2.38857e-03 -5.5810677118e-01 -5.5217356925e-01
126.005 -0.00000 -0.00000 -0.00000 -0.00000 -0.00000 0.00000 -9.0918e-03 1.0486e-01 -4.2611e-05 -3.9651e-05 6.7605e-02 -3.1994e-07 0.41986 0.64786 0.41311 0.03602 -0.00010 -0.00308 3.54463e-03 2.38858e-03 -5.5810677519e-01 -5.5217356925e-01
128.005 0.00000 -0.00000 0.00000 -0.00000 -0.00000 0.00000 -8.6052e-03 1.0486e-01 2.8580e-03 -3.9651e-05 6.7605e-02 -3.1994e-07 0.41798 0.64784 0.41500 0.03405 -0.01170 -0.00475 3.54463e-03 2.38858e-03 -5.5810677859e-01 -5.5217356926e-01
130.005 -0.00000 -0.00000 0.00000 -0.00000 -0.00000 0.00000 -7.2135e-03 1.0486e-01 5.4468e-03 -3.9651e-05 6.7605e-02 -3.1994e-07 0.41532 0.64783 0.41767 0.02846 -0.02206 -0.00519 3.54463e-03 2.38858e-03 -5.5810678149e-01 -5.5217356926e-01
132.005 0.00000 -0.00000 0.00000 -0.00000 -0.00000 0.00000 -5.0647e-03 1.0486e-01 7.4500e-03 -3.9651e-05 6.7605e-02 -3.1994e-07 0.41269 0.64781 0.42032 0.01985 -0.03006 -0.00409 3.54463e-03 2.38859e-03 -5.5810678403e-01 -5.5217356927e-01
134.005 0.00000 -0.00000 0.00000 -0.00000 -0.00000 0.00000 -2.3873e-03 1.0486e-01 8.6555e-03 -3.9651e-05 6.7605e-02 -3.1994e-07 0.41098 0.64779 0.42205 0.00912 -0.03488 -0.00166 3.54463e-03 2.38859e-03 -5.5810678633e-01 -5.5217356927e-01
136.005 -0.00000 -0.00000 0.00000 -0.00000 -0.00000 0.00000 5.3483e-04 1.0486e-01 8.9359e-03 -3.9651e-05 6.7605e-02 -3.1994e-07 0.41080 0.64778 0.42225 -0.00259 -0.03599 0.00138 3.54463e-03 2.38859e-03 -5.5810678849e-01 -5.5217356927e-01
138.005 0.00000 -0.00000 -0.00000 -0.00000 -0.00000 0.00000 3.3915e-03 1.0486e-01 8.2618e-03 -3.9651e-05 6.7605e-02 -3.1994e-07 0.41227 0.64776 0.42079 -0.01403 -0.03329 0.00410 3.54463e-03 2.38859e-03 -5.5810679061e-01 -5.5217356928e-01
140.005 -0.00000 0.00000 -0.00000 -0.00000 -0.00000 0.00000 5.8797e-03 1.0487e-01 6.7047e-03 -3.9651e-05 6.7605e-02 -3.1994e-07 0.41494 0.64775 0.41813 -0.02400 -0.02705 0.00564 3.54463e-03 2.38859e-03 -5.5810679272e-01 -5.5217356928e-01
142.005 -0.00000 -0.00000 0.00000 -0.00000 -0.00000 0.00000 7.7354e-03 1.0487e-01 4.4297e-03 -3.9651e-05 6.7605e-02 -3.1994e-07 0.41796 0.64775 0.41511 -0.03144 -0.01795 0.00554 3.54463e-03 2.38860e-03 -5.5810679485e-01 -5.5217356929e-01
144.005 -0.00000 -0.00000 0.00000 -0.00000 0.00000 0.00000 8.7614e-03 1.0487e-01 1.6779e-03 -3.9651e-05 6.7605e-02 -3.1994e-07 0.42041 0.64775 0.41267 -0.03556 -0.00693 0.00391 3.54463e-03 2.38860e-03 -5.5810679696e-01 -5.5217356929e-01
146.005 -0.00000 -0.00000 0.00000 -0.00000 0.00000 0.00000 8.8484e-03 1.0487e-01 -1.2592e-03 -3.9651e-05 6.7605e-02 -3.1994e-07 0.42156 0.64776 0.41150 -0.03593 0.00482 0.00136 3.54463e-03 2.38860e-03 -5.5810679901e-01 -5.5217356929e-01
148.005 -0.00000 -0.00000 -0.00000 -0.00000 0.00000 0.00000 7.9866e-03 1.0487e-01 -4.0700e-03 -3.9651e-05 6.7605e-02 -3.1994e-07 0.42120 0.64777 0.41185 -0.03250 0.01608 -0.00125 3.54463e-03 2.38860e-03 -5.5810680088e-01 -5.5217356930e-01
150.005 0.00000 0.00000 0.00000 -0.00000 0.00000 0.00000 6.2665e-03 1.0487e-01 -6.4568e-03 -3.9651e-05 6.7605e-02 -3.1994e-07 0.41963 0.64779 0.41341 -0.02565 0.02564 -0.00312 3.54463e-03 2.38860e-03 -5.5810680244e-01 -5.5217356930e-01
152.005 -0.00000 -0.00000 0.00000 -0.00000 0.00000 0.00000 3.8695e-03 1.0487e-01 -8.1661e-03 -3.9651e-05 6.7605e-02 -3.1994e-07 0.41752 0.64781 0.41549 -0.01608 0.03249 -0.00377 3.54463e-03 2.38860e-03 -5.5810680353e-01 -5.5217356931e-01
154.005 -0.00000 0.00000 0.00000 -0.00000 0.00000 0.00000 1.0487e-03 1.0486e-01 -9.0164e-03 -3.9651e-05 6.7605e-02 -3.1994e-07 0.41565 0.64783 0.41734 -0.00481 0.03591 -0.00324 3.54463e-03 2.38860e-03 -5.5810680399e-01 -5.5217356931e-01
156.005 0.00000 -0.00000 0.00000 -0.00000 0.00000 0.00000 -1.8976e-03 1.0486e-01 -8.9169e-03 -3.9651e-05 6.7605e-02 -3.1994e-07 0.41458 0.64785 0.41839 0.00696 0.03554 -0.00199 3.54463e-03 2.38860e-03 -5.5810680365e-01 -5.5217356931e-01
158.005 0.00000 -0.00000 0.00000 -0.00000 0.00000 0.00000 -4.6580e-03 1.0486e-01 -7.8774e-03 -3.9651e-05 6.7605e-02 -3.1994e-07 0.41446 0.64788 0.41849 0.01798 0.03141 -0.00065 3.54463e-03 2.38860e-03 -5.5810680233e-01 -5.5217356932e-01
160.005 -0.00000 0.00000 0.00000 -0.00000 0.00000 0.00000 -6.9407e-03 1.0486e-01 -6.0070e-03 -3.9651e-05 6.7605e-02 -3.1994e-07 0.41503 0.64789 0.41791 0.02711 0.02395 0.00022 3.54463e-03 2.38860e-03 -5.5810679989e-01 -5.5217356932e-01
162.005 0.00000 0.00000 -0.00000 -0.00000 0.00000 0.00000 -8.5041e-03 1.0486e-01 -3.5030e-03 -3.9651e-05 6.7605e-02 -3.1994e-07 0.41576 0.64790 0.41717 0.03335 0.01396 0.00037 3.54463e-03 2.38860e-03 -5.5810679623e-01 -5.5217356933e-01
164.005 -0.00000 0.00000 -0.00000 -0.00000 0.00000 0.00000 -9.1829e-03 1.0486e-01 -6.2963e-04 -3.9651e-05 6.7605e-02 -3.1994e-07 0.41613 0.64791 0.41678 0.03606 0.00250 -0.00002 3.54463e-03 2.38859e-03 -5.5810679127e-01 -5.5217356933e-01
166.005 -0.00000 -0.00000 0.00000 -0.00000 0.00000 0.00000 -8.9054e-03 1.0486e-01 2.3098e-03 -3.9651e-05 6.7605e-02 -3.1994e-07 0.41590 0.64790 0.41702 0.03495 -0.00923 -0.00050 3.54463e-03 2.38859e-03 -5.5810678500e-01 -5.5217356933e-01
168.005 -0.00000 -0.00000 0.00000 -0.00000 0.00000 0.00000 -7.7009e-03 1.0486e-01 5.0050e-03 -3.9651e-05 6.7605e-02 -3.1994e-07 0.41517 0.64789 0.41775 0.03014 -0.01998 -0.00056 3.54463e-03 2.38858e-03 -5.5810677744e-01 -5.5217356934e-01
170.005 0.00000 0.00000 -0.00000 -0.00000 -0.00000 0.00000 -5.6969e-03 1.0486e-01 7.1713e-03 -3.9651e-05 6.7605e-02 -3.1994e-07 0.41441 0.64788 0.41853 0.02213 -0.02862 0.00010 3.54463e-03 2.38857e-03 -5.5810676870e-01 -5.5217356934e-01
172.005 -0.00000 0.00000 0.00000 -0.00000 0.00000 0.00000 -3.1054e-03 1.0486e-01 8.5805e-03 -3.9651e-05 6.7605e-02 -3.1994e-07 0.41417 0.64786 0.41880 0.01177 -0.03423 0.00139 3.54463e-03 2.38856e-03 -5.5810675890e-01 -5.5217356935e-01
174.005 -0.00000 -0.00000 0.00000 -0.00000 0.00000 0.00000 -2.0062e-04 1.0486e-01 9.0840e-03 -3.9651e-05 6.7605e-02 -3.1994e-07 0.41485 0.64784 0.41813 0.00017 -0.03622 0.00287 3.54463e-03 2.38855e-03 -5.5810674827e-01 -5.5217356935e-01
176.005 -0.00000 0.00000 -0.00000 -0.00000 0.00000 0.00000 2.7104e-03 1.0486e-01 8.6295e-03 -3.9651e-05 6.7605e-02 -3.1994e-07 0.41649 0.64782 0.41651 -0.01146 -0.03438 0.00386 3.54463e-03 2.38854e-03 -5.5810673704e-01 -5.5217356935e-01
178.005 0.00000 0.00000 0.00000 -0.00000 -0.00000 0.00000 5.3197e-03 1.0487e-01 7.2658e-03 -3.9651e-05 6.7605e-02 -3.1994e-07 0.41868 0.64779 0.41435 -0.02188 -0.02890 0.00379 3.54463e-03 2.38853e-03 -5.5810672550e-01 -5.5217356936e-01
180.005 -0.00000 0.00000 0.00000 -0.00000 0.00000 0.00000 7.3518e-03 1.0487e-01 5.1381e-03 -3.9651e-05 6.7605e-02 -3.1994e-07 0.42068 0.64777 0.41237 -0.02999 -0.02038 0.00242 3.54463e-03 2.38852e-03 -5.5810671396e-01 -5.5217356936e-01
182.005 0.00000 0.00000 -0.00000 -0.00000 -0.00000 0.00000 8.5919e-03 1.0487e-01 2.4723e-03 -3.9651e-05 6.7605e-02 -3.1994e-07 0.42171 0.64776 0.41135 -0.03493 -0.00970 0.00001 3.54463e-03 2.38851e-03 -5.5810670274e-01 -5.5217356937e-01
184.005 -0.00000 -0.00000 -0.00000 -0.00000 -0.00000 0.00000 8.9096e-03 1.0487e-01 -4.4890e-04 -3.9651e-05 6.7605e-02 -3.1994e-07 0.42128 0.64775 0.41179 -0.03618 0.00199 -0.00275 3.54463e-03 2.38849e-03 -5.5810669218e-01 -5.5217356937e-01
186.005 0.00000 -0.00000 -0.00000 -0.00000 0.00000 0.00000 8.2717e-03 1.0487e-01 -3.3158e-03 -3.9651e-05 6.7605e-02 -3.1994e-07 0.41937 0.64775 0.41371 -0.03361 0.01347 -0.00496 3.54463e-03 2.38849e-03 -5.5810668258e-01 -5.5217356937e-01
188.005 -0.00000 0.00000 0.00000 -0.00000 0.00000 0.00000 6.7465e-03 1.0487e-01 -5.8244e-03 -3.9651e-05 6.7605e-02 -3.1994e-07 0.41648 0.64775 0.41659 -0.02750 0.02351 -0.00585 3.54463e-03 2.38848e-03 -5.5810667423e-01 -5.5217356938e-01
190.005 -0.00000 0.00000 0.00000 -0.00000 0.00000 0.00000 4.4960e-03 1.0487e-01 -7.7089e-03 -3.9651e-05 6.7605e-02 -3.1994e-07 0.41350 0.64776 0.41957 -0.01848 0.03106 -0.00508 3.54463e-03 2.38847e-03 -5.5810666737e-01 -5.5217356938e-01
192.005 -0.00000 0.00000 -0.00000 -0.00000 0.00000 0.00000 1.7592e-03 1.0486e-01 -8.7695e-03 -3.9651e-05 6.7605e-02 -3.1994e-07 0.41136 0.64777 0.42169 -0.00752 0.03531 -0.00284 3.54463e-03 2.38847e-03 -5.5810666220e-01 -5.5217356939e-01
194.005 -0.00000 0.00000 -0.00000 -0.00000 0.00000 0.00000 -1.1736e-03 1.0486e-01 -8.8935e-03 -3.9651e-05 6.7605e-02 -3.1994e-07 0.41073 0.64779 0.42231 0.00423 0.03582 0.00015 3.54463e-03 2.38846e-03 -5.5810665885e-01 -5.5217356939e-01
196.005 0.00000 0.00000 0.00000 -0.00000 0.00000 0.00000 -3.9914e-03 1.0486e-01 -8.0677e-03 -3.9651e-05 6.7605e-02 -3.1994e-07 0.41174 0.64781 0.42128 0.01552 0.03252 0.00295 3.54463e-03 2.38846e-03 -5.5810665739e-01 -5.5217356939e-01
198.005 -0.00000 0.00000 0.00000 -0.00000 0.00000 0.00000 -6.3951e-03 1.0486e-01 -6.3791e-03 -3.9651e-05 6.7605e-02 -3.1994e-07 0.41399 0.64783 0.41901 0.02516 0.02578 0.00472 3.54463e-03 2.38846e-03 -5.5810665783e-01 -5.5217356940e-01
200.000 -0.00000 0.00000 -0.00000 -0.00000 0.00000 0.00000 -8.1261e-03 1.0486e-01 -4.0129e-03 -3.9651e-05 6.7605e-02 -3.1994e-07 0.41668 0.64784 0.41631 0.03210 0.01632 0.00501 3.54463e-03 2.38846e-03 -5.5810666012e-01 -5.5217356940e-01
