# t x y z vx vy vz omx omy omz llx lly llz Ixx Iyy Izz Ixy Iyz Ixz KErot PEspr PEgrav Etot
0.000 -0.00000 -0.00000 -0.00000 0.00000 -0.00000 0.00000 5.6030e-02 4.0842e-01 -1.0026e-01 -1.7270e-04 3.0274e-01 9.1837e-06 0.51371 0.78748 0.56187 -0.08052 0.14333 -0.03921 6.18173e-02 1.02601e-29 -5.1987588509e-01 -4.5805854569e-01
2.005 -0.00000 0.00000 -0.00000 -0.00000 -0.00000 0.00000 -7.7551e-02 4.1381e-01 -8.5496e-02 -1.7270e-04 3.0274e-01 9.1837e-06 0.52460 0.77635 0.53477 0.10748 0.11920 0.04639 6.26455e-02 1.33663e-03 -5.2333978705e-01 -4.5935762523e-01
4.005 0.00000 0.00000 0.00000 -0.00000 -0.00000 -0.00000 -1.0609e-01 4.1373e-01 4.5702e-02 -1.7270e-04 3.0274e-01 9.1837e-06 0.56187 0.77654 0.49738 0.14736 -0.06349 -0.03343 6.26354e-02 1.33250e-03 -5.2333199870e-01 -4.5936409878e-01
6.000 0.00000 0.00000 -0.00000 -0.00000 0.00000 -0.00000 8.4577e-03 4.1373e-01 1.1504e-01 -1.7270e-04 3.0274e-01 9.1837e-06 0.48394 0.77650 0.57545 -0.01217 -0.16012 0.00670 6.26264e-02 1.32262e-03 -5.2331712307e-01 -4.5936806114e-01
8.000 -0.00000 0.00000 -0.00000 -0.00000 0.00000 -0.00000 1.1149e-01 4.1378e-01 2.8943e-02 -1.7270e-04 3.0274e-01 9.1837e-06 0.57014 0.77640 0.48944 -0.15561 -0.04025 0.02239 6.26240e-02 1.31495e-03 -5.2330822477e-01 -4.5936932796e-01
10.000 0.00000 -0.00000 -0.00000 -0.00000 0.00000 -0.00000 6.3183e-02 4.1373e-01 -9.6346e-02 -1.7270e-04 3.0274e-01 9.1837e-06 0.51129 0.77647 0.54824 -0.08837 0.13417 -0.04240 6.26212e-02 1.31425e-03 -5.2330593897e-01 -4.5937052558e-01
12.005 -0.00000 0.00000 0.00000 -0.00000 0.00000 -0.00000 -7.1205e-02 4.1364e-01 -9.0786e-02 -1.7270e-04 3.0274e-01 9.1837e-06 0.51871 0.77665 0.54063 0.09878 0.12645 0.04515 6.26191e-02 1.31671e-03 -5.2330758464e-01 -4.5937176843e-01
14.005 -0.00000 0.00000 0.00000 -0.00000 0.00000 -0.00000 -1.0898e-01 4.1362e-01 3.7947e-02 -1.7270e-04 3.0274e-01 9.1837e-06 0.56607 0.77668 0.49322 0.15141 -0.05290 -0.02910 6.26191e-02 1.31894e-03 -5.2331104264e-01 -4.5937300868e-01
16.005 -0.00000 0.00000 0.00000 -0.00000 0.00000 -0.00000 7.0720e-04 4.1367e-01 1.1519e-01 -1.7270e-04 3.0274e-01 9.1837e-06 0.48306 0.77652 0.57637 -0.00141 -0.16047 0.00058 6.26187e-02 1.32039e-03 -5.2331335731e-01 -4.5937422437e-01
18.005 -0.00000 -0.00000 0.00000 -0.00000 0.00000 -0.00000 1.0919e-01 4.1373e-01 3.6228e-02 -1.7270e-04 3.0274e-01 9.1837e-06 0.56681 0.77639 0.49273 -0.15247 -0.05053 0.02807 6.26178e-02 1.31952e-03 -5.2331274598e-01 -4.5937543652e-01
20.000 0.00000 0.00000 0.00000 -0.00000 0.00000 -0.00000 6.9690e-02 4.1370e-01 -9.1731e-02 -1.7270e-04 3.0274e-01 9.1837e-06 0.51783 0.77651 0.54162 -0.09754 0.12763 -0.04460 6.26163e-02 1.31673e-03 -5.2330968408e-01 -4.5937665263e-01
22.000 0.00000 0.00000 -0.00000 -0.00000 0.00000 -0.00000 -6.4470e-02 4.1361e-01 -9.5809e-02 -1.7270e-04 3.0274e-01 9.1837e-06 0.51216 0.77675 0.54707 0.08927 0.13338 0.04257 6.26141e-02 1.31478e-03 -5.2330672552e-01 -4.5937787438e-01
24.000 0.00000 -0.00000 0.00000 -0.00000 0.00000 -0.00000 -1.1158e-01 4.1357e-01 2.9856e-02 -1.7270e-04 3.0274e-01 9.1837e-06 0.56940 0.77682 0.48978 0.15490 -0.04166 -0.02343 6.26123e-02 1.31480e-03 -5.2330616793e-01 -4.5937908791e-01
26.000 0.00000 -0.00000 -0.00000 -0.00000 0.00000 -0.00000 -7.8499e-03 4.1362e-01 1.1494e-01 -1.7270e-04 3.0274e-01 9.1837e-06 0.48349 0.77661 0.57587 0.01036 -0.16012 -0.00578 6.26119e-02 1.31606e-03 -5.2330829045e-01 -4.5938029895e-01
28.000 -0.00000 0.00000 0.00000 -0.00000 0.00000 0.00000 1.0610e-01 4.1369e-01 4.4182e-02 -1.7270e-04 3.0274e-01 9.1837e-06 0.56276 0.77640 0.49679 -0.14828 -0.06153 0.03313 6.26119e-02 1.31787e-03 -5.2331125999e-01 -4.5938151605e-01
30.000 0.00000 -0.00000 0.00000 -0.00000 0.00000 0.00000 7.5820e-02 4.1367e-01 -8.6485e-02 -1.7270e-04 3.0274e-01 9.1837e-06 0.52421 0.77647 0.53526 -0.10617 0.12041 -0.04627 6.26109e-02 1.31896e-03 -5.2331257116e-01 -4.5938273153e-01
32.000 -0.00000 0.00000 -0.00000 -0.00000 0.00000 0.00000 -5.7660e-02 4.1358e-01 -9.9936e-02 -1.7270e-04 3.0274e-01 9.1837e-06 0.50591 0.77675 0.55330 0.07969 0.13925 0.03965 6.26092e-02 1.31799e-03 -5.2331109467e-01 -4.5938394357e-01
34.000 -0.00000 0.00000 -0.00000 -0.00000 0.00000 0.00000 -1.1343e-01 4.1354e-01 2.2103e-02 -1.7270e-04 3.0274e-01 9.1837e-06 0.57214 0.77690 0.48693 0.15744 -0.03071 -0.01715 6.26071e-02 1.31587e-03 -5.2330815992e-01 -4.5938516020e-01
36.000 0.00000 0.00000 0.00000 -0.00000 0.00000 0.00000 -1.5893e-02 4.1357e-01 1.1425e-01 -1.7270e-04 3.0274e-01 9.1837e-06 0.48516 0.77676 0.57407 0.02156 -0.15902 -0.01208 6.26051e-02 1.31491e-03 -5.2330640310e-01 -4.5938637858e-01
38.000 -0.00000 0.00000 -0.00000 -0.00000 0.00000 0.00000 1.0275e-01 4.1364e-01 5.1643e-02 -1.7270e-04 3.0274e-01 9.1837e-06 0.55785 0.77654 0.50161 -0.14361 -0.07179 0.03696 6.26039e-02 1.31594e-03 -5.2330744880e-01 -4.5938759447e-01
40.005 -0.00000 -0.00000 0.00000 -0.00000 0.00000 0.00000 8.1495e-02 4.1363e-01 -8.1063e-02 -1.7270e-04 3.0274e-01 9.1837e-06 0.52999 0.77652 0.52947 -0.11398 0.11298 -0.04667 6.26035e-02 1.31827e-03 -5.2331059393e-01 -4.5938881556e-01
42.005 -0.00000 0.00000 -0.00000 -0.00000 0.00000 0.00000 -5.0709e-02 4.1355e-01 -1.0344e-01 -1.7270e-04 3.0274e-01 9.1837e-06 0.50072 0.77672 0.55850 0.07012 0.14420 0.03654 6.26030e-02 1.32031e-03 -5.2331333653e-01 -4.5939003271e-01
44.005 0.00000 -0.00000 -0.00000 -0.00000 0.00000 0.00000 -1.1450e-01 4.1350e-01 1.4515e-02 -1.7270e-04 3.0274e-01 9.1837e-06 0.57446 0.77688 0.48459 0.15904 -0.02007 -0.01114 6.26021e-02 1.32005e-03 -5.2331341163e-01 -4.5939124445e-01
46.005 -0.00000 -0.00000 0.00000 -0.00000 0.00000 0.00000 -2.3377e-02 4.1354e-01 1.1294e-01 -1.7270e-04 3.0274e-01 9.1837e-06 0.48734 0.77681 0.57181 0.03214 -0.15718 -0.01836 6.26008e-02 1.31745e-03 -5.2331072749e-01 -4.5939245950e-01
48.005 0.00000 0.00000 0.00000 -0.00000 0.00000 0.00000 9.9186e-02 4.1360e-01 5.8408e-02 -1.7270e-04 3.0274e-01 9.1837e-06 0.55215 0.77665 0.50718 -0.13850 -0.08124 0.04018 6.25987e-02 1.31508e-03 -5.2330749699e-01 -4.5939367892e-01
50.005 0.00000 0.00000 0.00000 -0.00000 0.00000 0.00000 8.7085e-02 4.1358e-01 -7.5184e-02 -1.7270e-04 3.0274e-01 9.1837e-06 0.53626 0.77665 0.52308 -0.12165 0.10474 -0.04574 6.25967e-02 1.31468e-03 -5.2330628469e-01 -4.5939489053e-01
52.005 -0.00000 0.00000 0.00000 -0.00000 0.00000 0.00000 -4.3240e-02 4.1351e-01 -1.0679e-01 -1.7270e-04 3.0274e-01 9.1837e-06 0.49630 0.77681 0.56288 0.05983 0.14877 0.03232 6.25961e-02 1.31574e-03 -5.2330790738e-01 -4.5939609726e-01
54.005 -0.00000 -0.00000 0.00000 -0.00000 0.00000 0.00000 -1.1514e-01 4.1346e-01 6.3574e-03 -1.7270e-04 3.0274e-01 9.1837e-06 0.57574 0.77690 0.48331 0.15999 -0.00884 -0.00515 6.25961e-02 1.31751e-03 -5.2331091608e-01 -4.5939731028e-01
56.005 -0.00000 -0.00000 0.00000 -0.00000 -0.00000 0.00000 -3.1195e-02 4.1350e-01 1.1087e-01 -1.7270e-04 3.0274e-01 9.1837e-06 0.48994 0.77679 0.56921 0.04305 -0.15443 -0.02428 6.25953e-02 1.31891e-03 -5.2331276686e-01 -4.5939852384e-01
58.005 -0.00000 -0.00000 -0.00000 -0.00000 0.00000 0.00000 9.4815e-02 4.1356e-01 6.5073e-02 -1.7270e-04 3.0274e-01 9.1837e-06 0.54604 0.77665 0.51325 -0.13242 -0.09066 0.04329 6.25937e-02 1.31841e-03 -5.2331187883e-01 -4.5939973274e-01
60.005 0.00000 -0.00000 -0.00000 -0.00000 0.00000 0.00000 9.2079e-02 4.1355e-01 -6.9001e-02 -1.7270e-04 3.0274e-01 9.1837e-06 0.54292 0.77670 0.51634 -0.12866 0.09599 -0.04408 6.25918e-02 1.31635e-03 -5.2330905798e-01 -4.5940094486e-01
62.005 -0.00000 -0.00000 0.00000 -0.00000 0.00000 0.00000 -3.5723e-02 4.1347e-01 -1.0964e-01 -1.7270e-04 3.0274e-01 9.1837e-06 0.49234 0.77693 0.56672 0.04927 0.15263 0.02698 6.25897e-02 1.31499e-03 -5.2330683416e-01 -4.5940216035e-01
64.005 -0.00000 -0.00000 0.00000 -0.00000 0.00000 0.00000 -1.1539e-01 4.1341e-01 -1.7863e-03 -1.7270e-04 3.0274e-01 9.1837e-06 0.57559 0.77703 0.48337 0.16024 0.00241 0.00108 6.25883e-02 1.31560e-03 -5.2330723136e-01 -4.5940337332e-01
66.005 0.00000 0.00000 0.00000 -0.00000 0.00000 0.00000 -3.8999e-02 4.1345e-01 1.0836e-01 -1.7270e-04 3.0274e-01 9.1837e-06 0.49343 0.77688 0.56566 0.05378 -0.15099 -0.02921 6.25878e-02 1.31774e-03 -5.2331007749e-01 -4.5940458749e-01
68.005 0.00000 -0.00000 -0.00000 -0.00000 0.00000 0.00000 8.9858e-02 4.1352e-01 7.1547e-02 -1.7270e-04 3.0274e-01 9.1837e-06 0.54017 0.77666 0.51912 -0.12566 -0.09967 0.04543 6.25873e-02 1.32003e-03 -5.2331314759e-01 -4.5940580241e-01
70.005 0.00000 0.00000 -0.00000 -0.00000 0.00000 0.00000 9.6526e-02 4.1352e-01 -6.2306e-02 -1.7270e-04 3.0274e-01 9.1837e-06 0.54927 0.77667 0.50999 -0.13497 0.08669 -0.04210 6.25865e-02 1.32039e-03 -5.2331392192e-01 -4.5940701178e-01
72.005 -0.00000 -0.00000 0.00000 -0.00000 0.00000 0.00000 -2.8063e-02 4.1344e-01 -1.1177e-01 -1.7270e-04 3.0274e-01 9.1837e-06 0.48861 0.77693 0.57041 0.03846 0.15566 0.02115 6.25854e-02 1.31815e-03 -5.2331172544e-01 -4.5940822210e-01
74.005 -0.00000 -0.00000 -0.00000 -0.00000 0.00000 0.00000 -1.1506e-01 4.1338e-01 -9.7568e-03 -1.7270e-04 3.0274e-01 9.1837e-06 0.57455 0.77712 0.48430 0.15969 0.01363 0.00782 6.25834e-02 1.31550e-03 -5.2330837162e-01 -4.5940943833e-01
76.005 0.00000 -0.00000 0.00000 -0.00000 0.00000 0.00000 -4.6549e-02 4.1340e-01 1.0548e-01 -1.7270e-04 3.0274e-01 9.1837e-06 0.49811 0.77703 0.56085 0.06424 -0.14687 -0.03360 6.25813e-02 1.31464e-03 -5.2330655867e-01 -4.5941064910e-01
78.005 0.00000 0.00000 -0.00000 -0.00000 0.00000 0.00000 8.4597e-02 4.1347e-01 7.7793e-02 -1.7270e-04 3.0274e-01 9.1837e-06 0.53403 0.77677 0.52517 -0.11837 -0.10823 0.04614 6.25803e-02 1.31546e-03 -5.2330760300e-01 -4.5941185250e-01
80.005 0.00000 0.00000 0.00000 -0.00000 0.00000 0.00000 1.0065e-01 4.1348e-01 -5.5237e-02 -1.7270e-04 3.0274e-01 9.1837e-06 0.55466 0.77670 0.50461 -0.14068 0.07700 -0.03929 6.25803e-02 1.31713e-03 -5.2331051005e-01 -4.5941306082e-01
82.005 0.00000 -0.00000 0.00000 -0.00000 0.00000 0.00000 -2.0101e-02 4.1341e-01 -1.1328e-01 -1.7270e-04 3.0274e-01 9.1837e-06 0.48572 0.77689 0.57333 0.02744 0.15788 0.01549 6.25798e-02 1.31875e-03 -5.2331281768e-01 -4.5941427205e-01
84.005 -0.00000 -0.00000 -0.00000 -0.00000 0.00000 0.00000 -1.1397e-01 4.1335e-01 -1.7664e-02 -1.7270e-04 3.0274e-01 9.1837e-06 0.57322 0.77710 0.48561 0.15825 0.02475 0.01444 6.25783e-02 1.31874e-03 -5.2331255806e-01 -4.5941547836e-01
86.005 0.00000 0.00000 0.00000 -0.00000 0.00000 0.00000 -5.3694e-02 4.1336e-01 1.0204e-01 -1.7270e-04 3.0274e-01 9.1837e-06 0.50350 0.77708 0.55538 0.07433 -0.14199 -0.03785 6.25764e-02 1.31686e-03 -5.2330998098e-01 -4.5941668602e-01
88.005 -0.00000 0.00000 -0.00000 -0.00000 0.00000 0.00000 7.9062e-02 4.1343e-01 8.3573e-02 -1.7270e-04 3.0274e-01 9.1837e-06 0.52729 0.77691 0.53179 -0.11053 -0.11625 0.04587 6.25743e-02 1.31517e-03 -5.2330739979e-01 -4.5941789825e-01
90.005 0.00000 -0.00000 -0.00000 -0.00000 0.00000 0.00000 1.0438e-01 4.1343e-01 -4.8032e-02 -1.7270e-04 3.0274e-01 9.1837e-06 0.55942 0.77683 0.49974 -0.14575 0.06697 -0.03522 6.25727e-02 1.31534e-03 -5.2330714566e-01 -4.5941910859e-01
92.005 -0.00000 -0.00000 -0.00000 -0.00000 0.00000 0.00000 -1.1995e-02 4.1337e-01 -1.1441e-01 -1.7270e-04 3.0274e-01 9.1837e-06 0.48416 0.77697 0.57485 0.01630 0.15941 0.00963 6.25720e-02 1.31722e-03 -5.2330958699e-01 -4.5942031889e-01
94.005 -0.00000 -0.00000 -0.00000 -0.00000 0.00000 0.00000 -1.1231e-01 4.1330e-01 -2.5655e-02 -1.7270e-04 3.0274e-01 9.1837e-06 0.57118 0.77711 0.48766 0.15605 0.03579 0.02024 6.25717e-02 1.31965e-03 -5.2331284540e-01 -4.5942153115e-01
96.005 -0.00000 0.00000 -0.00000 -0.00000 0.00000 0.00000 -6.0607e-02 4.1332e-01 9.7904e-02 -1.7270e-04 3.0274e-01 9.1837e-06 0.50891 0.77707 0.54996 0.08404 -0.13633 -0.04151 6.25709e-02 1.32059e-03 -5.2331427111e-01 -4.5942273853e-01
98.005 -0.00000 -0.00000 0.00000 -0.00000 0.00000 0.00000 7.3049e-02 4.1339e-01 8.8775e-02 -1.7270e-04 3.0274e-01 9.1837e-06 0.52042 0.77692 0.53860 -0.10209 -0.12363 0.04520 6.25699e-02 1.31882e-03 -5.2331264961e-01 -4.5942394450e-01
100.000 -0.00000 -0.00000 0.00000 -0.00000 0.00000 0.00000 1.0762e-01 4.1341e-01 -4.0379e-02 -1.7270e-04 3.0274e-01 9.1837e-06 0.56427 0.77691 0.49479 -0.15025 0.05616 -0.03001 6.25682e-02 1.31601e-03 -5.2330932342e-01 -4.5942515383e-01
