# t x y z vx vy vz omx omy omz llx lly llz Ixx Iyy Izz Ixy Iyz Ixz KErot PEspr PEgrav Etot
0.000 0.00000 -0.00000 0.00000 -0.00000 -0.00000 0.00000 5.5559e-02 4.0846e-01 -1.0038e-01 -1.7039e-04 3.0175e-01 -3.0197e-06 0.51357 0.78508 0.56278 -0.08049 0.14395 -0.04156 6.16220e-02 1.10337e-29 -5.2014916170e-01 -4.5852712746e-01
2.005 -0.00000 0.00000 0.00000 0.00000 0.00000 0.00000 -7.8295e-02 4.1247e-01 -8.5063e-02 -1.7039e-04 3.0175e-01 -3.0197e-06 0.52393 0.77699 0.53935 0.10874 0.12015 0.04703 6.22518e-02 9.49073e-04 -5.2292567660e-01 -4.5972478418e-01
4.005 -0.00000 -0.00000 0.00000 0.00000 -0.00000 -0.00000 -1.0677e-01 4.1333e-01 4.5758e-02 -1.7039e-04 3.0175e-01 -3.0197e-06 0.56321 0.77546 0.49723 0.14862 -0.06334 -0.03206 6.23753e-02 1.24127e-03 -5.2340245609e-01 -4.5978592428e-01
6.000 0.00000 -0.00000 0.00000 0.00000 -0.00000 0.00000 7.4273e-03 4.1365e-01 1.1606e-01 -1.7039e-04 3.0175e-01 -3.0197e-06 0.48534 0.77497 0.57481 -0.01095 -0.16139 0.00649 6.24121e-02 1.28436e-03 -5.2348768930e-01 -4.5979121474e-01
8.000 -0.00000 0.00000 -0.00000 0.00000 -0.00000 0.00000 1.1166e-01 4.1381e-01 3.0839e-02 -1.7039e-04 3.0175e-01 -3.0197e-06 0.57101 0.77449 0.48939 -0.15611 -0.04233 0.02169 6.24252e-02 1.29532e-03 -5.2351256855e-01 -4.5979207642e-01
10.000 0.00000 0.00000 -0.00000 -0.00000 0.00000 0.00000 6.4970e-02 4.1379e-01 -9.5288e-02 -1.7039e-04 3.0175e-01 -3.0197e-06 0.51091 0.77422 0.54968 -0.09075 0.13347 -0.04393 6.24265e-02 1.30389e-03 -5.2352307972e-01 -4.5979272830e-01
12.005 0.00000 0.00000 0.00000 -0.00000 0.00000 0.00000 -6.9511e-02 4.1368e-01 -9.1866e-02 -1.7039e-04 3.0175e-01 -3.0197e-06 0.51705 0.77429 0.54352 0.09695 0.12863 0.04721 6.24214e-02 1.30349e-03 -5.2351819043e-01 -4.5979327534e-01
14.005 -0.00000 -0.00000 -0.00000 -0.00000 -0.00000 0.00000 -1.0962e-01 4.1360e-01 3.6093e-02 -1.7039e-04 3.0175e-01 -3.0197e-06 0.57027 0.77452 0.49017 0.15313 -0.05005 -0.02742 6.24136e-02 1.29875e-03 -5.2350612512e-01 -4.5979376439e-01
16.005 -0.00000 -0.00000 -0.00000 -0.00000 -0.00000 0.00000 -1.6507e-03 4.1365e-01 1.1574e-01 -1.7039e-04 3.0175e-01 -3.0197e-06 0.48340 0.77468 0.57699 0.00247 -0.16147 -0.00339 6.24099e-02 1.28900e-03 -5.2349309776e-01 -4.5979423174e-01
18.005 -0.00000 0.00000 -0.00000 -0.00000 -0.00000 0.00000 1.0917e-01 4.1374e-01 3.9455e-02 -1.7039e-04 3.0175e-01 -3.0197e-06 0.56445 0.77475 0.49591 -0.15219 -0.05515 0.02977 6.24138e-02 1.27851e-03 -5.2348689359e-01 -4.5979459918e-01
20.000 -0.00000 -0.00000 0.00000 -0.00000 -0.00000 0.00000 7.3294e-02 4.1370e-01 -9.0112e-02 -1.7039e-04 3.0175e-01 -3.0197e-06 0.52017 0.77484 0.54014 -0.10220 0.12548 -0.04424 6.24117e-02 1.27779e-03 -5.2348440427e-01 -4.5979491157e-01
22.000 -0.00000 -0.00000 -0.00000 -0.00000 -0.00000 -0.00000 -6.0936e-02 4.1359e-01 -9.8575e-02 -1.7039e-04 3.0175e-01 -3.0197e-06 0.51118 0.77483 0.54912 0.08511 0.13718 0.04281 6.24064e-02 1.28516e-03 -5.2348685984e-01 -4.5979526350e-01
24.000 -0.00000 -0.00000 0.00000 -0.00000 -0.00000 -0.00000 -1.1262e-01 4.1355e-01 2.5278e-02 -1.7039e-04 3.0175e-01 -3.0197e-06 0.57327 0.77463 0.48726 0.15707 -0.03591 -0.02246 6.24054e-02 1.28432e-03 -5.2348530759e-01 -4.5979562222e-01
26.000 -0.00000 0.00000 0.00000 -0.00000 -0.00000 -0.00000 -1.2381e-02 4.1362e-01 1.1440e-01 -1.7039e-04 3.0175e-01 -3.0197e-06 0.48251 0.77437 0.57833 0.01696 -0.16028 -0.01060 6.24074e-02 1.27779e-03 -5.2348110753e-01 -4.5979593047e-01
28.000 -0.00000 -0.00000 0.00000 -0.00000 -0.00000 0.00000 1.0449e-01 4.1369e-01 4.8476e-02 -1.7039e-04 3.0175e-01 -3.0197e-06 0.55981 0.77438 0.50103 -0.14627 -0.06834 0.03809 6.24066e-02 1.27512e-03 -5.2347792391e-01 -4.5979622699e-01
30.000 0.00000 -0.00000 0.00000 -0.00000 -0.00000 -0.00000 8.0095e-02 4.1366e-01 -8.3649e-02 -1.7039e-04 3.0175e-01 -3.0197e-06 0.53067 0.77474 0.52981 -0.11253 0.11610 -0.04632 6.24050e-02 1.27585e-03 -5.2347738396e-01 -4.5979653197e-01
32.000 0.00000 0.00000 -0.00000 -0.00000 -0.00000 -0.00000 -5.2959e-02 4.1359e-01 -1.0367e-01 -1.7039e-04 3.0175e-01 -3.0197e-06 0.50305 0.77512 0.55701 0.07307 0.14425 0.03618 6.24055e-02 1.27905e-03 -5.2348137789e-01 -4.5979683873e-01
34.000 0.00000 0.00000 -0.00000 -0.00000 -0.00000 -0.00000 -1.1532e-01 4.1357e-01 1.5588e-02 -1.7039e-04 3.0175e-01 -3.0197e-06 0.57351 0.77509 0.48652 0.16002 -0.02221 -0.01385 6.24078e-02 1.28194e-03 -5.2348691268e-01 -4.5979714803e-01
36.000 0.00000 -0.00000 0.00000 -0.00000 0.00000 -0.00000 -2.3004e-02 4.1363e-01 1.1331e-01 -1.7039e-04 3.0175e-01 -3.0197e-06 0.48552 0.77464 0.57495 0.03095 -0.15839 -0.01591 6.24088e-02 1.28302e-03 -5.2348926986e-01 -4.5979744938e-01
38.000 0.00000 -0.00000 -0.00000 -0.00000 0.00000 -0.00000 9.9246e-02 4.1369e-01 5.7873e-02 -1.7039e-04 3.0175e-01 -3.0197e-06 0.55566 0.77421 0.50527 -0.13960 -0.08077 0.04202 6.24073e-02 1.28194e-03 -5.2348693994e-01 -4.5979773550e-01
40.005 -0.00000 0.00000 -0.00000 -0.00000 0.00000 -0.00000 8.6290e-02 4.1366e-01 -7.5902e-02 -1.7039e-04 3.0175e-01 -3.0197e-06 0.53813 0.77427 0.52278 -0.12154 0.10600 -0.04834 6.24047e-02 1.27925e-03 -5.2348197493e-01 -4.5979802746e-01
42.005 0.00000 0.00000 -0.00000 -0.00000 0.00000 -0.00000 -4.4259e-02 4.1358e-01 -1.0687e-01 -1.7039e-04 3.0175e-01 -3.0197e-06 0.49485 0.77475 0.56561 0.06069 0.14952 0.03153 6.24032e-02 1.27652e-03 -5.2347807185e-01 -4.5979833494e-01
44.005 -0.00000 -0.00000 0.00000 -0.00000 0.00000 -0.00000 -1.1618e-01 4.1354e-01 6.6944e-03 -1.7039e-04 3.0175e-01 -3.0197e-06 0.57549 0.77514 0.48456 0.16132 -0.00886 -0.00358 6.24039e-02 1.27676e-03 -5.2347924811e-01 -4.5979863262e-01
46.005 -0.00000 -0.00000 -0.00000 0.00000 0.00000 -0.00000 -3.2141e-02 4.1360e-01 1.1185e-01 -1.7039e-04 3.0175e-01 -3.0197e-06 0.49144 0.77508 0.56863 0.04410 -0.15559 -0.02337 6.24056e-02 1.27956e-03 -5.2348408046e-01 -4.5979892098e-01
48.005 -0.00000 -0.00000 -0.00000 -0.00000 0.00000 -0.00000 9.4611e-02 4.1368e-01 6.6704e-02 -1.7039e-04 3.0175e-01 -3.0197e-06 0.54802 0.77468 0.51241 -0.13265 -0.09242 0.04280 6.24064e-02 1.28356e-03 -5.2348919082e-01 -4.5979921636e-01
50.005 -0.00000 0.00000 0.00000 -0.00000 -0.00000 -0.00000 9.3217e-02 4.1367e-01 -6.7617e-02 -1.7039e-04 3.0175e-01 -3.0197e-06 0.54337 0.77438 0.51736 -0.13044 0.09501 -0.04640 6.24051e-02 1.28582e-03 -5.2349048426e-01 -4.5979951613e-01
52.005 -0.00000 -0.00000 0.00000 0.00000 -0.00000 -0.00000 -3.4069e-02 4.1358e-01 -1.0992e-01 -1.7039e-04 3.0175e-01 -3.0197e-06 0.48989 0.77443 0.57083 0.04732 0.15399 0.02776 6.24035e-02 1.28358e-03 -5.2348688354e-01 -4.5979980958e-01
54.005 -0.00000 0.00000 -0.00000 0.00000 -0.00000 -0.00000 -1.1541e-01 4.1353e-01 -3.3153e-03 -1.7039e-04 3.0175e-01 -3.0197e-06 0.57841 0.77468 0.48210 0.16105 0.00515 0.00464 6.24028e-02 1.27867e-03 -5.2348154250e-01 -4.5980010448e-01
56.005 0.00000 -0.00000 0.00000 0.00000 -0.00000 -0.00000 -4.0936e-02 4.1357e-01 1.0840e-01 -1.7039e-04 3.0175e-01 -3.0197e-06 0.49659 0.77486 0.56375 0.05725 -0.15098 -0.03248 6.24021e-02 1.27653e-03 -5.2347899642e-01 -4.5980039922e-01
58.005 0.00000 -0.00000 -0.00000 0.00000 -0.00000 -0.00000 8.9168e-02 4.1365e-01 7.4295e-02 -1.7039e-04 3.0175e-01 -3.0197e-06 0.53746 0.77489 0.52282 -0.12431 -0.10357 0.04479 6.24022e-02 1.27824e-03 -5.2348110236e-01 -4.5980069134e-01
60.005 -0.00000 -0.00000 -0.00000 0.00000 -0.00000 -0.00000 9.9369e-02 4.1366e-01 -5.9911e-02 -1.7039e-04 3.0175e-01 -3.0197e-06 0.55042 0.77485 0.50985 -0.13852 0.08360 -0.04066 6.24040e-02 1.28097e-03 -5.2348591330e-01 -4.5980098630e-01
62.005 -0.00000 -0.00000 0.00000 0.00000 -0.00000 -0.00000 -2.4064e-02 4.1360e-01 -1.1326e-01 -1.7039e-04 3.0175e-01 -3.0197e-06 0.48829 0.77478 0.57204 0.03377 0.15787 0.02107 6.24048e-02 1.28311e-03 -5.2348916059e-01 -4.5980128465e-01
64.005 0.00000 -0.00000 0.00000 0.00000 -0.00000 -0.00000 -1.1454e-01 4.1354e-01 -1.4078e-02 -1.7039e-04 3.0175e-01 -3.0197e-06 0.57769 0.77464 0.48280 0.15994 0.01923 0.01013 6.24032e-02 1.28326e-03 -5.2348801592e-01 -4.5980157640e-01
66.005 -0.00000 -0.00000 0.00000 0.00000 -0.00000 -0.00000 -5.0216e-02 4.1356e-01 1.0359e-01 -1.7039e-04 3.0175e-01 -3.0197e-06 0.50023 0.77448 0.56047 0.07001 -0.14508 -0.03866 6.24014e-02 1.27993e-03 -5.2348322544e-01 -4.5980186556e-01
68.005 0.00000 -0.00000 -0.00000 0.00000 -0.00000 -0.00000 8.1989e-02 4.1363e-01 8.0967e-02 -1.7039e-04 3.0175e-01 -3.0197e-06 0.52886 0.77449 0.53186 -0.11463 -0.11362 0.04796 6.24003e-02 1.27612e-03 -5.2347857511e-01 -4.5980216086e-01
70.005 -0.00000 -0.00000 -0.00000 0.00000 -0.00000 -0.00000 1.0363e-01 4.1364e-01 -5.1614e-02 -1.7039e-04 3.0175e-01 -3.0197e-06 0.55983 0.77476 0.50061 -0.14509 0.07135 -0.03548 6.23996e-02 1.27614e-03 -5.2347818416e-01 -4.5980245677e-01
72.005 0.00000 -0.00000 -0.00000 0.00000 -0.00000 -0.00000 -1.4848e-02 4.1358e-01 -1.1538e-01 -1.7039e-04 3.0175e-01 -3.0197e-06 0.48626 0.77510 0.57379 0.02009 0.16046 0.01091 6.24006e-02 1.27906e-03 -5.2348243328e-01 -4.5980274882e-01
74.005 -0.00000 -0.00000 -0.00000 0.00000 -0.00000 -0.00000 -1.1378e-01 4.1353e-01 -2.4167e-02 -1.7039e-04 3.0175e-01 -3.0197e-06 0.57244 0.77513 0.48755 0.15808 0.03314 0.01691 6.24024e-02 1.28247e-03 -5.2348796628e-01 -4.5980304374e-01
76.005 -0.00000 0.00000 -0.00000 0.00000 -0.00000 -0.00000 -5.9857e-02 4.1356e-01 9.8926e-02 -1.7039e-04 3.0175e-01 -3.0197e-06 0.50577 0.77474 0.55460 0.08254 -0.13857 -0.04078 6.24020e-02 1.28519e-03 -5.2349057586e-01 -4.5980334044e-01
78.005 0.00000 -0.00000 0.00000 -0.00000 -0.00000 -0.00000 7.3863e-02 4.1362e-01 8.7994e-02 -1.7039e-04 3.0175e-01 -3.0197e-06 0.52310 0.77431 0.53773 -0.10413 -0.12306 0.04846 6.24001e-02 1.28455e-03 -5.2348829882e-01 -4.5980363287e-01
80.005 -0.00000 -0.00000 0.00000 -0.00000 -0.00000 -0.00000 1.0695e-01 4.1363e-01 -4.1926e-02 -1.7039e-04 3.0175e-01 -3.0197e-06 0.56727 0.77430 0.49361 -0.15035 0.05834 -0.03214 6.23990e-02 1.28010e-03 -5.2348304286e-01 -4.5980392581e-01
82.005 -0.00000 -0.00000 -0.00000 -0.00000 -0.00000 -0.00000 -5.2591e-03 4.1357e-01 -1.1549e-01 -1.7039e-04 3.0175e-01 -3.0197e-06 0.48297 0.77475 0.57748 0.00616 0.16128 0.00153 6.23982e-02 1.27685e-03 -5.2347932271e-01 -4.5980422218e-01
84.005 -0.00000 -0.00000 0.00000 -0.00000 -0.00000 -0.00000 -1.1153e-01 4.1350e-01 -3.3184e-02 -1.7039e-04 3.0175e-01 -3.0197e-06 0.56715 0.77520 0.49283 0.15466 0.04663 0.02628 6.23980e-02 1.27759e-03 -5.2348013096e-01 -4.5980451556e-01
86.005 -0.00000 -0.00000 -0.00000 -0.00000 -0.00000 -0.00000 -6.8312e-02 4.1354e-01 9.4262e-02 -1.7039e-04 3.0175e-01 -3.0197e-06 0.51521 0.77518 0.54474 0.09441 -0.13121 -0.04261 6.23997e-02 1.28004e-03 -5.2348451799e-01 -4.5980480776e-01
88.005 0.00000 -0.00000 0.00000 -0.00000 -0.00000 -0.00000 6.6197e-02 4.1363e-01 9.4972e-02 -1.7039e-04 3.0175e-01 -3.0197e-06 0.51652 0.77476 0.54384 -0.09326 -0.13197 0.04434 6.24011e-02 1.28251e-03 -5.2348866695e-01 -4.5980510396e-01
90.005 0.00000 -0.00000 -0.00000 -0.00000 -0.00000 -0.00000 1.1060e-01 4.1364e-01 -3.1775e-02 -1.7039e-04 3.0175e-01 -3.0197e-06 0.57013 0.77439 0.49060 -0.15495 0.04499 -0.02734 6.23998e-02 1.28376e-03 -5.2348898524e-01 -4.5980539842e-01
92.005 -0.00000 0.00000 0.00000 -0.00000 -0.00000 -0.00000 5.3268e-03 4.1357e-01 -1.1486e-01 -1.7039e-04 3.0175e-01 -3.0197e-06 0.48152 0.77442 0.57922 -0.00792 0.16091 -0.00469 6.23979e-02 1.28130e-03 -5.2348492037e-01 -4.5980568818e-01
94.005 0.00000 -0.00000 -0.00000 -0.00000 -0.00000 -0.00000 -1.0742e-01 4.1350e-01 -4.2297e-02 -1.7039e-04 3.0175e-01 -3.0197e-06 0.56412 0.77474 0.49635 0.14966 0.05970 0.03438 6.23968e-02 1.27689e-03 -5.2347969840e-01 -4.5980598106e-01
96.005 0.00000 -0.00000 -0.00000 -0.00000 -0.00000 -0.00000 -7.5409e-02 4.1351e-01 8.8077e-02 -1.7039e-04 3.0175e-01 -3.0197e-06 0.52510 0.77499 0.53512 0.10521 -0.12243 -0.04629 6.23959e-02 1.27565e-03 -5.2347781425e-01 -4.5980627669e-01
98.005 0.00000 0.00000 -0.00000 -0.00000 -0.00000 -0.00000 5.8515e-02 4.1359e-01 1.0029e-01 -1.7039e-04 3.0175e-01 -3.0197e-06 0.50721 0.77500 0.55296 -0.08165 -0.13963 0.03908 6.23962e-02 1.27811e-03 -5.2348091456e-01 -4.5980656911e-01
100.000 -0.00000 -0.00000 0.00000 -0.00000 -0.00000 -0.00000 1.1385e-01 4.1363e-01 -2.2050e-02 -1.7039e-04 3.0175e-01 -3.0197e-06 0.57184 0.77487 0.48842 -0.15877 0.03102 -0.01814 6.23981e-02 1.28151e-03 -5.2348650630e-01 -4.5980686215e-01
