# relevant notebook is oblates_vary_h oblates x? y? z?
#tilde_om, h, theta, omega_x, omega_z, omega_prec dEdt
1  0.50 0.1000 0.5236 0.4950 0.4330 0.4244 -2.3984e-05
2  0.50 0.2000 0.5236 0.4808 0.4330 0.3997 -8.3575e-06
3  0.50 0.3000 0.5236 0.4587 0.4330 0.3615 -3.8306e-06
4  0.50 0.4000 0.5236 0.4310 0.4330 0.3136 -1.6676e-06
5  0.50 0.5000 0.5236 0.4000 0.4330 0.2598 -7.7030e-07
6  0.50 0.6000 0.5236 0.3676 0.4330 0.2038 -3.2309e-07
7  0.50 0.7000 0.5236 0.3356 0.4330 0.1482 -1.1887e-07
8  0.50 0.8000 0.5236 0.3049 0.4330 0.0951 -4.3012e-08
9  0.50 0.9000 0.5236 0.2762 0.4330 0.0455 -6.8484e-09
1  0.50 0.1000 0.7854 0.7001 0.3536 0.3466 -9.3494e-05
2  0.50 0.2000 0.7854 0.6799 0.3536 0.3264 -1.9869e-05
3  0.50 0.3000 0.7854 0.6487 0.3536 0.2952 -8.7848e-06
4  0.50 0.4000 0.7854 0.6096 0.3536 0.2560 -3.8153e-06
5  0.50 0.5000 0.7854 0.5657 0.3536 0.2121 -1.7098e-06
6  0.50 0.6000 0.7854 0.5199 0.3536 0.1664 -6.6409e-07 
7  0.50 0.7000 0.7854 0.4746 0.3536 0.1210 -2.3657e-07 
8  0.50 0.8000 0.7854 0.4312 0.3536 0.0776 -6.0247e-08 
9  0.50 0.9000 0.7854 0.3907 0.3536 0.0371 -1.0909e-08
1  0.50 0.1000 1.0472 0.8575 0.2500 0.2450 -8.1345e-05
2  0.50 0.2000 1.0472 0.8327 0.2500 0.2308 -1.9997e-05 
3  0.50 0.3000 1.0472 0.7945 0.2500 0.2087 -9.8492e-06 
4  0.50 0.4000 1.0472 0.7466 0.2500 0.1810 -4.1039e-06
5  0.50 0.5000 1.0472 0.6928 0.2500 0.1500 -1.8403e-06
6  0.50 0.6000 1.0472 0.6368 0.2500 0.1176 -7.1711e-07
7  0.50 0.7000 1.0472 0.5812 0.2500 0.0856 -2.3789e-07
8  0.50 0.8000 1.0472 0.5281 0.2500 0.0549 -5.9853e-08
9  0.50 0.9000 1.0472 0.4785 0.2500 0.0262 -9.0101e-09
