# generated in python by oblates_h.ipynb, h=1/3 is x?  h=0.5 is y?  h=0.67 is z?
#fi til_om  h  theta  om_x   om_z   omega_prec dE/dt   oblates!!! tildeom=0.5
1  0.50 0.3333 0.1745 0.1563 0.4924 0.3939 -8.2274e-08
2  0.50 0.3333 0.3491 0.3078 0.4698 0.3759 -8.9529e-07
3  0.50 0.3333 0.5236 0.4500 0.4330 0.3464 -3.0363e-06
4  0.50 0.3333 0.6981 0.5785 0.3830 0.3064 -5.9787e-06
5  0.50 0.3333 0.8727 0.6894 0.3214 0.2571 -7.7075e-06
6  0.50 0.3333 1.0472 0.7794 0.2500 0.2000 -7.5332e-06
7  0.50 0.3333 1.2217 0.8457 0.1710 0.1368 -4.3302e-06 
8  0.50 0.3333 1.3963 0.8863 0.0868 0.0695 -1.7789e-06
1  0.50 0.5000 0.1745 0.1389 0.4924 0.2954 -4.0041e-08 
2  0.50 0.5000 0.3491 0.2736 0.4698 0.2819 -2.5545e-07 
3  0.50 0.5000 0.5236 0.4000 0.4330 0.2598 -8.2908e-07
4  0.50 0.5000 0.6981 0.5142 0.3830 0.2298 -1.4476e-06
5  0.50 0.5000 0.8727 0.6128 0.3214 0.1928 -1.8038e-06
6  0.50 0.5000 1.0472 0.6928 0.2500 0.1500 -1.7588e-06
7  0.50 0.5000 1.2217 0.7518 0.1710 0.1026 -1.1906e-06 
8  0.50 0.5000 1.3963 0.7878 0.0868 0.0521 -3.3992e-07
1  0.50 0.6667 0.1745 0.1202 0.4924 0.1894 -1.6321e-08
2  0.50 0.6667 0.3491 0.2368 0.4698 0.1807 -7.2331e-08 
3  0.50 0.6667 0.5236 0.3462 0.4330 0.1665 -1.7615e-07 
4  0.50 0.6667 0.6981 0.4450 0.3830 0.1473 -3.0341e-07 
5  0.50 0.6667 0.8727 0.5303 0.3214 0.1236 -3.3965e-07 
6  0.50 0.6667 1.0472 0.5996 0.2500 0.0962 -3.2061e-07
7  0.50 0.6667 1.2217 0.6506 0.1710 0.0658 -2.2009e-07
8  0.50 0.6667 1.3963 0.6818 0.0868 0.0334 -2.7e-08
