# generated in python by oblates_h.ipynb, prolates!!! h=3 is a?  h=2 is b?  h=1.5 is c? tildeomega=0.5
#fi til_om  h  theta  om_x-z om_z-x omega_prec dE/dt, note flip omx w. omz in files!
1  0.50 3.0000 0.1745 0.0174 0.4924 -0.3939 -9.7069e-10
2  0.50 3.0000 0.3491 0.0342 0.4698 -0.3759 -3.7584e-09
3  0.50 3.0000 0.5236 0.0500 0.4330 -0.3464 -5.8856e-09
4  0.50 3.0000 0.6981 0.0643 0.3830 -0.3064 -5.7288e-09
5  0.50 3.0000 0.8727 0.0766 0.3214 -0.2571 -4.2798e-09
6  0.50 3.0000 1.0472 0.0866 0.2500 -0.2000 -1.9013e-09
7  0.50 3.0000 1.2217 0.0940 0.1710 -0.1368 -5.5381e-10
8  0.50 3.0000 1.3963 0.0985 0.0868 -0.0695 -5.0345e-11
1  0.50 2.0000 0.1745 0.0347 0.4924 -0.2954 -3.1463e-09 
2  0.50 2.0000 0.3491 0.0684 0.4698 -0.2819 -1.2039e-08
3  0.50 2.0000 0.5236 0.1000 0.4330 -0.2598 -1.8487e-08 
4  0.50 2.0000 0.6981 0.1286 0.3830 -0.2298 -1.9354e-08
5  0.50 2.0000 0.8727 0.1532 0.3214 -0.1928 -1.4077e-08 
6  0.50 2.0000 1.0472 0.1732 0.2500 -0.1500 -7.5066e-09
7  0.50 2.0000 1.2217 0.1879 0.1710 -0.1026 -2.4486e-09
8  0.50 2.0000 1.3963 0.1970 0.0868 -0.0521 -3.6936e-10 
1  0.50 1.5000 0.1745 0.0534 0.4924 -0.1894 -3.9985e-09
2  0.50 1.5000 0.3491 0.1052 0.4698 -0.1807 -1.4353e-08 
3  0.50 1.5000 0.5236 0.1538 0.4330 -0.1665 -2.2302e-08
4  0.50 1.5000 0.6981 0.1978 0.3830 -0.1473 -2.3992e-08
5  0.50 1.5000 0.8727 0.2357 0.3214 -0.1236 -1.9733e-08 
6  0.50 1.5000 1.0472 0.2665 0.2500 -0.0962 -1.2040e-08
7  0.50 1.5000 1.2217 0.2891 0.1710 -0.0658 -4.7118e-09
8  0.50 1.5000 1.3963 0.3030 0.0868 -0.0334 -8.5576e-10
