# generated in python by oblates_h.ipynb, prolates!!! h=3 is a?  h=2 is b?  h=1.5 is c? tildeomega=0.5
#fi til_om  h  theta  om_x-z om_z-x omega_prec dE/dt, note flip omx w. omz in files!
1  0.50 3.0000 0.1745 0.0174 0.4924 -0.3939 -9.7069e-10
2  0.50 3.0000 0.3491 0.0342 0.4698 -0.3759 -3.7584e-09
3  0.50 3.0000 0.5236 0.0500 0.4330 -0.3464 -5.8856e-09
4  0.50 3.0000 0.6981 0.0643 0.3830 -0.3064 -5.7288e-09
5  0.50 3.0000 0.8727 0.0766 0.3214 -0.2571 -4.2798e-09
6  0.50 3.0000 1.0472 0.0866 0.2500 -0.2000 -1.9013e-09
7  0.50 3.0000 1.2217 0.0940 0.1710 -0.1368 -5.5381e-10
8  0.50 3.0000 1.3963 0.0985 0.0868 -0.0695 -5.0345e-11
1  0.50 2.0000 0.1745 0.0347 0.4924 -0.2954 -3.1463e-09 
2  0.50 2.0000 0.3491 0.0684 0.4698 -0.2819 -1.2039e-08
3  0.50 2.0000 0.5236 0.1000 0.4330 -0.2598 -1.8487e-08 
4  0.50 2.0000 0.6981 0.1286 0.3830 -0.2298 -1.9354e-08
5  0.50 2.0000 0.8727 0.1532 0.3214 -0.1928 -1.4077e-08 
6  0.50 2.0000 1.0472 0.1732 0.2500 -0.1500 -7.5066e-09
7  0.50 2.0000 1.2217 0.1879 0.1710 -0.1026 -2.4486e-09
8  0.50 2.0000 1.3963 0.1970 0.0868 -0.0521 -3.6936e-10 
1  0.50 1.5000 0.1745 0.0534 0.4924 -0.1894 -3.9985e-09
2  0.50 1.5000 0.3491 0.1052 0.4698 -0.1807 -1.4353e-08 
3  0.50 1.5000 0.5236 0.1538 0.4330 -0.1665 -2.2302e-08
4  0.50 1.5000 0.6981 0.1978 0.3830 -0.1473 -2.3992e-08
5  0.50 1.5000 0.8727 0.2357 0.3214 -0.1236 -1.9733e-08 
6  0.50 1.5000 1.0472 0.2665 0.2500 -0.0962 -1.2040e-08
7  0.50 1.5000 1.2217 0.2891 0.1710 -0.0658 -4.7118e-09
8  0.50 1.5000 1.3963 0.3030 0.0868 -0.0334 -8.5576e-10
10 0.50 1.1111 0.5236 0.2238 0.4330 -0.0455 -4.5711e-09 
1  0.50 1.2589 0.5236 0.1934 0.4330 -0.0980 -1.3502e-08 
2  0.50 1.4958 0.5236 0.1544 0.4330 -0.1655 -2.2727e-08
3  0.50 1.7773 0.5236 0.1202 0.4330 -0.2248 -2.0813e-08 
4  0.50 2.1117 0.5236 0.0916 0.4330 -0.2744 -1.8022e-08
5  0.50 2.5090 0.5236 0.0685 0.4330 -0.3143 -1.0713e-08 
6  0.50 2.9811 0.5236 0.0506 0.4330 -0.3454 -5.6656e-09
7  0.50 3.5420 0.5236 0.0369 0.4330 -0.3691 -3.1049e-09 
8  0.50 4.2085 0.5236 0.0267 0.4330 -0.3867 -1.4295e-09
9  0.50 5.0003 0.5236 0.0192 0.4330 -0.3997 -6.6508e-10
10 0.50 1.1111 0.7854 0.3164 0.3536 -0.0371 -4.5365e-09 
1  0.50 1.2589 0.7854 0.2736 0.3536 -0.0800 -1.5484e-08
2  0.50 1.4958 0.7854 0.2184 0.3536 -0.1351 -2.2289e-08
3  0.50 1.7773 0.7854 0.1700 0.3536 -0.1835 -2.0877e-08
4  0.50 2.1117 0.7854 0.1295 0.3536 -0.2240 -1.5108e-08
5  0.50 2.5090 0.7854 0.0969 0.3536 -0.2566 -9.8849e-09
6  0.50 2.9811 0.7854 0.0715 0.3536 -0.2820 -5.0216e-09
7  0.50 3.5420 0.7854 0.0522 0.3536 -0.3014 -2.5339e-09
8  0.50 4.2085 0.7854 0.0378 0.3536 -0.3158 -1.4050e-09
9  0.50 5.0003 0.7854 0.0272 0.3536 -0.3264 -6.6191e-10
10 0.50 1.1111 1.0472 0.3876 0.2500 -0.0262 -1.9901e-09
1  0.50 1.2589 1.0472 0.3350 0.2500 -0.0566 -8.7571e-09
2  0.50 1.4958 1.0472 0.2675 0.2500 -0.0956 -1.1402e-08
3  0.50 1.7773 1.0472 0.2082 0.2500 -0.1298 -9.2906e-09
4  0.50 2.1117 1.0472 0.1586 0.2500 -0.1584 -6.3275e-09 
5  0.50 2.5090 1.0472 0.1187 0.2500 -0.1815 -3.6924e-09
6  0.50 2.9811 1.0472 0.0876 0.2500 -0.1994 -1.9986e-09
7  0.50 3.5420 1.0472 0.0639 0.2500 -0.2131 -1.0450e-09
8  0.50 4.2085 1.0472 0.0463 0.2500 -0.2233 -5.1546e-10 
9  0.50 5.0003 1.0472 0.0333 0.2500 -0.2308 -2.56e-10 
1  0.50 1.1111 0.1745 0.0777 0.4924 -0.0517 -6.2e-10
2  0.50 1.1111 1.3963 0.4407 0.0868 -0.0091 -4.4e-10
3  0.50 5.0000 0.1745 0.0067 0.4924 -0.4545 -1.0e-10
4  0.50 5.0000 1.3963 0.0379 0.0868 -0.0801 -0.7e-11
