# t x y z vx vy vz omx omy omz llx lly llz Ixx Iyy Izz Ixy Iyz Ixz KErot PEspr PEgrav Etot
0.000 0.00000 -0.00000 -0.00000 -0.00000 -0.00000 0.00000 8.8051e-02 6.0543e-01 -1.5362e-01 -2.6526e-04 4.7110e-01 -7.0448e-05 0.54252 0.83168 0.59540 -0.09209 0.15827 -0.05024 1.42602e-01 1.13481e-29 -5.1106464362e-01 -3.6846293659e-01
2.005 0.00000 0.00000 -0.00000 0.00000 0.00000 0.00000 -1.7141e-01 6.0658e-01 -4.5248e-02 -2.6526e-04 4.7110e-01 -7.0448e-05 0.60877 0.82938 0.51942 0.17400 0.04777 0.03235 1.42907e-01 5.98065e-04 -5.1265307396e-01 -3.6914796969e-01
4.005 0.00000 0.00000 0.00000 0.00000 0.00000 0.00000 -3.8210e-03 6.0636e-01 1.7752e-01 -2.6526e-04 4.7110e-01 -7.0448e-05 0.51104 0.82981 0.61630 0.00333 -0.18056 -0.00187 1.42827e-01 6.49675e-04 -5.1268535560e-01 -3.6920886179e-01
6.000 0.00000 -0.00000 0.00000 0.00000 0.00000 0.00000 1.7127e-01 6.0615e-01 -3.7842e-02 -2.6526e-04 4.7110e-01 -7.0448e-05 0.61329 0.82928 0.51491 -0.17548 0.04001 -0.02823 1.42763e-01 6.58769e-04 -5.1265830910e-01 -3.6923692070e-01
8.000 -0.00000 -0.00000 0.00000 0.00000 0.00000 0.00000 -7.9620e-02 6.0594e-01 -1.5478e-01 -2.6526e-04 4.7110e-01 -7.0448e-05 0.52978 0.82893 0.59883 0.08185 0.15937 0.04963 1.42751e-01 6.70455e-04 -5.1266657489e-01 -3.6924491974e-01
10.000 0.00000 0.00000 0.00000 0.00000 0.00000 0.00000 -1.3021e-01 6.0599e-01 1.1714e-01 -2.6526e-04 4.7110e-01 -7.0448e-05 0.57471 0.82929 0.55334 0.13409 -0.11935 -0.05713 1.42760e-01 6.69383e-04 -5.1268171548e-01 -3.6925272778e-01
12.005 0.00000 -0.00000 -0.00000 0.00000 0.00000 0.00000 1.4734e-01 6.0613e-01 9.7796e-02 -2.6526e-04 4.7110e-01 -7.0448e-05 0.58196 0.82987 0.54542 -0.14998 -0.10029 0.05006 1.42757e-01 6.57571e-04 -5.1267485866e-01 -3.6926061792e-01
14.005 -0.00000 0.00000 0.00000 0.00000 0.00000 0.00000 5.9713e-02 6.0592e-01 -1.6630e-01 -2.6526e-04 4.7110e-01 -7.0448e-05 0.51981 0.83003 0.60762 -0.06035 0.16977 -0.03166 1.42729e-01 6.57135e-04 -5.1265504034e-01 -3.6926860325e-01
16.005 0.00000 -0.00000 -0.00000 0.00000 0.00000 0.00000 -1.7383e-01 6.0572e-01 -1.6903e-02 -2.6526e-04 4.7110e-01 -7.0448e-05 0.62279 0.82943 0.50541 0.17850 0.01616 0.00756 1.42708e-01 6.70816e-04 -5.1265501305e-01 -3.6927648640e-01
18.005 -0.00000 -0.00000 -0.00000 0.00000 0.00000 0.00000 2.8221e-02 6.0589e-01 1.7148e-01 -2.6526e-04 4.7110e-01 -7.0448e-05 0.50664 0.82894 0.62188 -0.02883 -0.17691 0.01692 1.42714e-01 6.76399e-04 -5.1267505097e-01 -3.6928436788e-01
20.000 0.00000 -0.00000 -0.00000 0.00000 0.00000 0.00000 1.6092e-01 6.0597e-01 -7.1035e-02 -2.6526e-04 4.7110e-01 -7.0448e-05 0.60462 0.82968 0.52294 -0.16537 0.07109 -0.03729 1.42724e-01 6.65813e-04 -5.1268168685e-01 -3.6929216649e-01
22.000 -0.00000 -0.00000 0.00000 0.00000 0.00000 0.00000 -1.0825e-01 6.0575e-01 -1.4074e-01 -2.6526e-04 4.7110e-01 -7.0448e-05 0.55070 0.83053 0.57611 0.10982 0.14284 0.05096 1.42710e-01 6.51738e-04 -5.1266225949e-01 -3.6930008556e-01
24.000 0.00000 -0.00000 0.00000 0.00000 -0.00000 0.00000 -1.0969e-01 6.0568e-01 1.3700e-01 -2.6526e-04 4.7110e-01 -7.0448e-05 0.54627 0.82984 0.58147 0.11071 -0.14142 -0.05401 1.42684e-01 6.57174e-04 -5.1264929732e-01 -3.6930794967e-01
26.000 0.00000 -0.00000 -0.00000 0.00000 -0.00000 0.00000 1.5852e-01 6.0580e-01 6.9946e-02 -2.6526e-04 4.7110e-01 -7.0448e-05 0.60557 0.82890 0.52308 -0.16402 -0.07211 0.04431 1.42678e-01 6.71175e-04 -5.1266514339e-01 -3.6931573820e-01
28.000 0.00000 0.00000 -0.00000 0.00000 0.00000 0.00000 2.6695e-02 6.0573e-01 -1.7291e-01 -2.6526e-04 4.7110e-01 -7.0448e-05 0.51070 0.82956 0.61705 -0.02935 0.17701 -0.02242 1.42689e-01 6.72008e-04 -5.1268423101e-01 -3.6932352763e-01
30.000 -0.00000 -0.00000 0.00000 0.00000 0.00000 0.00000 -1.7670e-01 6.0564e-01 1.5904e-02 -2.6526e-04 4.7110e-01 -7.0448e-05 0.61557 0.83059 0.51107 0.17935 -0.01567 -0.00729 1.42688e-01 6.57112e-04 -5.1267683606e-01 -3.6933135081e-01
32.000 -0.00000 0.00000 0.00000 0.00000 0.00000 0.00000 5.6723e-02 6.0568e-01 1.6686e-01 -2.6526e-04 4.7110e-01 -7.0448e-05 0.52340 0.83017 0.60388 -0.05951 -0.16990 0.03648 1.42662e-01 6.55827e-04 -5.1265663021e-01 -3.6933925309e-01
34.000 -0.00000 -0.00000 -0.00000 0.00000 -0.00000 0.00000 1.4518e-01 6.0561e-01 -9.5563e-02 -2.6526e-04 4.7110e-01 -7.0448e-05 0.58459 0.82933 0.54369 -0.14938 0.09905 -0.05578 1.42642e-01 6.68555e-04 -5.1265745736e-01 -3.6934704378e-01
36.000 0.00000 -0.00000 -0.00000 0.00000 0.00000 0.00000 -1.3010e-01 6.0548e-01 -1.1582e-01 -2.6526e-04 4.7110e-01 -7.0448e-05 0.56755 0.82954 0.56034 0.13289 0.11985 0.05945 1.42648e-01 6.74604e-04 -5.1267754491e-01 -3.6935483206e-01
38.000 -0.00000 -0.00000 -0.00000 0.00000 -0.00000 0.00000 -8.0955e-02 6.0558e-01 1.5656e-01 -2.6526e-04 4.7110e-01 -7.0448e-05 0.53552 0.83024 0.59146 0.08329 -0.15930 -0.04696 1.42657e-01 6.62761e-04 -5.1268189741e-01 -3.6936262993e-01
40.005 -0.00000 0.00000 -0.00000 0.00000 0.00000 0.00000 1.7202e-01 6.0564e-01 4.0476e-02 -2.6526e-04 4.7110e-01 -7.0448e-05 0.61122 0.83043 0.51569 -0.17552 -0.04088 0.02216 1.42642e-01 6.49374e-04 -5.1266159620e-01 -3.6937049569e-01
42.005 0.00000 -0.00000 -0.00000 0.00000 0.00000 0.00000 -2.5947e-03 6.0540e-01 -1.7509e-01 -2.6526e-04 4.7110e-01 -7.0448e-05 0.50709 0.83004 0.62044 0.00357 0.17935 0.00636 1.42615e-01 6.56979e-04 -5.1265069047e-01 -3.6937831681e-01
44.005 -0.00000 -0.00000 0.00000 0.00000 0.00000 0.00000 -1.6742e-01 6.0533e-01 4.6481e-02 -2.6526e-04 4.7110e-01 -7.0448e-05 0.61547 0.82957 0.51250 0.17218 -0.04810 -0.03120 1.42611e-01 6.70147e-04 -5.1266760687e-01 -3.6938606101e-01
46.005 0.00000 -0.00000 -0.00000 0.00000 -0.00000 0.00000 8.8285e-02 6.0553e-01 1.5073e-01 -2.6526e-04 4.7110e-01 -7.0448e-05 0.53160 0.82975 0.59592 -0.08973 -0.15536 0.04734 1.42621e-01 6.70615e-04 -5.1268582707e-01 -3.6939380790e-01
48.005 0.00000 -0.00000 0.00000 0.00000 -0.00000 0.00000 1.2600e-01 6.0550e-01 -1.2404e-01 -2.6526e-04 4.7110e-01 -7.0448e-05 0.56618 0.83061 0.56044 -0.12901 0.12562 -0.05250 1.42620e-01 6.55021e-04 -5.1267639078e-01 -3.6940161346e-01
50.005 -0.00000 -0.00000 -0.00000 0.00000 -0.00000 0.00000 -1.4995e-01 6.0523e-01 -9.2977e-02 -2.6526e-04 4.7110e-01 -7.0448e-05 0.59132 0.83074 0.53541 0.15323 0.09369 0.04662 1.42592e-01 6.55444e-04 -5.1265661904e-01 -3.6940945743e-01
52.005 -0.00000 0.00000 -0.00000 0.00000 -0.00000 0.00000 -5.2201e-02 6.0525e-01 1.6574e-01 -2.6526e-04 4.7110e-01 -7.0448e-05 0.51332 0.82972 0.61455 0.05237 -0.17109 -0.03116 1.42574e-01 6.68675e-04 -5.1265986245e-01 -3.6941722138e-01
54.005 0.00000 0.00000 0.00000 0.00000 -0.00000 0.00000 1.7335e-01 6.0539e-01 7.0638e-03 -2.6526e-04 4.7110e-01 -7.0448e-05 0.62270 0.82949 0.50522 -0.17884 -0.00843 0.00844 1.42582e-01 6.73136e-04 -5.1267992448e-01 -3.6942496394e-01
56.005 0.00000 -0.00000 -0.00000 0.00000 -0.00000 0.00000 -3.7191e-02 6.0527e-01 -1.7237e-01 -2.6526e-04 4.7110e-01 -7.0448e-05 0.51226 0.83065 0.61430 0.03616 0.17593 0.01800 1.42589e-01 6.60397e-04 -5.1268196573e-01 -3.6943272825e-01
58.005 -0.00000 -0.00000 0.00000 0.00000 -0.00000 0.00000 -1.5958e-01 6.0517e-01 7.6819e-02 -2.6526e-04 4.7110e-01 -7.0448e-05 0.59414 0.83108 0.53213 0.16160 -0.07882 -0.04232 1.42573e-01 6.47922e-04 -5.1266111404e-01 -3.6944054379e-01
60.005 -0.00000 -0.00000 0.00000 0.00000 -0.00000 0.00000 1.1153e-01 6.0522e-01 1.3405e-01 -2.6526e-04 4.7110e-01 -7.0448e-05 0.55837 0.83004 0.56916 -0.11599 -0.13671 0.05714 1.42547e-01 6.56848e-04 -5.1265214060e-01 -3.6944830831e-01
62.005 -0.00000 0.00000 -0.00000 0.00000 -0.00000 0.00000 9.9775e-02 6.0517e-01 -1.4154e-01 -2.6526e-04 4.7110e-01 -7.0448e-05 0.54453 0.82961 0.58336 -0.10353 0.14571 -0.05693 1.42545e-01 6.69563e-04 -5.1267041460e-01 -3.6945602617e-01
64.005 -0.00000 0.00000 -0.00000 0.00000 -0.00000 0.00000 -1.6426e-01 6.0507e-01 -6.1277e-02 -2.6526e-04 4.7110e-01 -7.0448e-05 0.60248 0.83047 0.52430 0.16725 0.06405 0.04078 1.42555e-01 6.68409e-04 -5.1268720651e-01 -3.6946372652e-01
66.005 0.00000 -0.00000 0.00000 0.00000 -0.00000 0.00000 -2.0403e-02 6.0517e-01 1.7565e-01 -2.6526e-04 4.7110e-01 -7.0448e-05 0.51249 0.83101 0.61373 0.02058 -0.17868 -0.01289 1.42551e-01 6.53112e-04 -5.1267573496e-01 -3.6947150850e-01
68.005 -0.00000 -0.00000 0.00000 0.00000 -0.00000 0.00000 1.7402e-01 6.0513e-01 -2.2218e-02 -2.6526e-04 4.7110e-01 -7.0448e-05 0.61517 0.83058 0.51174 -0.17801 0.02388 -0.01809 1.42522e-01 6.55092e-04 -5.1265686805e-01 -3.6947931059e-01
70.005 0.00000 0.00000 -0.00000 0.00000 -0.00000 0.00000 -6.4691e-02 6.0491e-01 -1.6119e-01 -2.6526e-04 4.7110e-01 -7.0448e-05 0.52249 0.83009 0.60500 0.06684 0.16568 0.04278 1.42507e-01 6.68410e-04 -5.1266234506e-01 -3.6948703113e-01
72.005 0.00000 0.00000 0.00000 0.00000 -0.00000 0.00000 -1.3956e-01 6.0494e-01 1.0397e-01 -2.6526e-04 4.7110e-01 -7.0448e-05 0.58389 0.83016 0.54332 0.14374 -0.10621 -0.05510 1.42516e-01 6.71558e-04 -5.1268208998e-01 -3.6949474553e-01
74.005 0.00000 0.00000 0.00000 0.00000 -0.00000 0.00000 1.3684e-01 6.0513e-01 1.1044e-01 -2.6526e-04 4.7110e-01 -7.0448e-05 0.57075 0.83072 0.55573 -0.13921 -0.11357 0.05318 1.42522e-01 6.57825e-04 -5.1268187834e-01 -3.6950247017e-01
76.005 0.00000 0.00000 -0.00000 0.00000 -0.00000 0.00000 7.4752e-02 6.0497e-01 -1.5990e-01 -2.6526e-04 4.7110e-01 -7.0448e-05 0.52775 0.83115 0.59847 -0.07594 0.16288 -0.03895 1.42503e-01 6.46881e-04 -5.1266060015e-01 -3.6951025859e-01
78.005 0.00000 -0.00000 0.00000 0.00000 -0.00000 0.00000 -1.7142e-01 6.0475e-01 -3.3501e-02 -2.6526e-04 4.7110e-01 -7.0448e-05 0.61829 0.83065 0.50864 0.17577 0.03292 0.01716 1.42479e-01 6.56689e-04 -5.1265376873e-01 -3.6951797659e-01
80.005 -0.00000 -0.00000 0.00000 0.00000 -0.00000 0.00000 1.1366e-02 6.0488e-01 1.7268e-01 -2.6526e-04 4.7110e-01 -7.0448e-05 0.50428 0.82992 0.62328 -0.01194 -0.17818 0.00710 1.42479e-01 6.69180e-04 -5.1267343244e-01 -3.6952565866e-01
82.005 0.00000 -0.00000 0.00000 0.00000 -0.00000 0.00000 1.6549e-01 6.0498e-01 -5.6043e-02 -2.6526e-04 4.7110e-01 -7.0448e-05 0.61097 0.83046 0.51580 -0.17031 0.05578 -0.02965 1.42489e-01 6.66091e-04 -5.1268832109e-01 -3.6953332938e-01
84.005 0.00000 0.00000 0.00000 0.00000 -0.00000 0.00000 -9.5427e-02 6.0479e-01 -1.4908e-01 -2.6526e-04 4.7110e-01 -7.0448e-05 0.54032 0.83151 0.58541 0.09634 0.15157 0.04675 1.42483e-01 6.51236e-04 -5.1267494948e-01 -3.6954107876e-01
86.005 0.00000 0.00000 0.00000 0.00000 -0.00000 0.00000 -1.2145e-01 6.0469e-01 1.2678e-01 -2.6526e-04 4.7110e-01 -7.0448e-05 0.55574 0.83109 0.57066 0.12259 -0.13069 -0.05442 1.42453e-01 6.55044e-04 -5.1265733214e-01 -3.6954884552e-01
88.005 0.00000 0.00000 0.00000 0.00000 -0.00000 0.00000 1.5109e-01 6.0479e-01 8.4029e-02 -2.6526e-04 4.7110e-01 -7.0448e-05 0.59711 0.83002 0.53044 -0.15648 -0.08617 0.04946 1.42440e-01 6.67894e-04 -5.1266488955e-01 -3.6955652331e-01
90.005 -0.00000 0.00000 0.00000 0.00000 -0.00000 0.00000 4.1890e-02 6.0473e-01 -1.6870e-01 -2.6526e-04 4.7110e-01 -7.0448e-05 0.51429 0.83038 0.61266 -0.04479 0.17297 -0.03128 1.42450e-01 6.69993e-04 -5.1268420671e-01 -3.6956420582e-01
92.005 -0.00000 -0.00000 0.00000 0.00000 -0.00000 0.00000 -1.7651e-01 6.0465e-01 6.1498e-04 -2.6526e-04 4.7110e-01 -7.0448e-05 0.61575 0.83147 0.50997 0.17931 0.00029 0.00316 1.42455e-01 6.55127e-04 -5.1268155800e-01 -3.6957190065e-01
94.005 0.00000 0.00000 0.00000 0.00000 -0.00000 0.00000 4.2051e-02 6.0471e-01 1.7103e-01 -2.6526e-04 4.7110e-01 -7.0448e-05 0.51786 0.83134 0.60818 -0.04417 -0.17402 0.02728 1.42434e-01 6.45973e-04 -5.1266005976e-01 -3.6957965252e-01
96.005 0.00000 0.00000 0.00000 0.00000 -0.00000 0.00000 1.5310e-01 6.0464e-01 -8.2050e-02 -2.6526e-04 4.7110e-01 -7.0448e-05 0.59195 0.83051 0.53511 -0.15717 0.08526 -0.05041 1.42412e-01 6.56765e-04 -5.1265570398e-01 -3.6958733304e-01
98.005 -0.00000 0.00000 0.00000 0.00000 -0.00000 0.00000 -1.1853e-01 6.0449e-01 -1.2651e-01 -2.6526e-04 4.7110e-01 -7.0448e-05 0.55776 0.83047 0.56922 0.12133 0.13063 0.05925 1.42413e-01 6.68573e-04 -5.1267646657e-01 -3.6959497589e-01
100.005 0.00000 -0.00000 0.00000 0.00000 -0.00000 0.00000 -9.3680e-02 6.0458e-01 1.4802e-01 -2.6526e-04 4.7110e-01 -7.0448e-05 0.54383 0.83107 0.58231 0.09652 -0.15072 -0.05185 1.42423e-01 6.63747e-04 -5.1268922037e-01 -3.6960261842e-01
102.005 -0.00000 0.00000 -0.00000 0.00000 -0.00000 0.00000 1.6726e-01 6.0468e-01 5.5569e-02 -2.6526e-04 4.7110e-01 -7.0448e-05 0.60443 0.83145 0.52137 -0.17048 -0.05663 0.03110 1.42414e-01 6.49429e-04 -5.1267407044e-01 -3.6961033958e-01
104.005 -0.00000 -0.00000 -0.00000 0.00000 -0.00000 0.00000 1.3499e-02 6.0443e-01 -1.7456e-01 -2.6526e-04 4.7110e-01 -7.0448e-05 0.50800 0.83125 0.61825 -0.01290 0.17852 -0.00387 1.42385e-01 6.55106e-04 -5.1265792863e-01 -3.6961806390e-01
106.005 -0.00000 0.00000 0.00000 0.00000 -0.00000 0.00000 -1.7061e-01 6.0432e-01 3.0409e-02 -2.6526e-04 4.7110e-01 -7.0448e-05 0.61862 0.83066 0.50826 0.17533 -0.03194 -0.02214 1.42374e-01 6.67430e-04 -5.1266761480e-01 -3.6962570716e-01
108.005 0.00000 0.00000 0.00000 0.00000 0.00000 0.00000 7.3477e-02 6.0452e-01 1.5731e-01 -2.6526e-04 4.7110e-01 -7.0448e-05 0.52303 0.83061 0.60367 -0.07478 -0.16224 0.04139 1.42385e-01 6.68196e-04 -5.1268620072e-01 -3.6963335305e-01
110.005 0.00000 -0.00000 0.00000 0.00000 0.00000 0.00000 1.3589e-01 6.0452e-01 -1.1175e-01 -2.6526e-04 4.7110e-01 -7.0448e-05 0.57632 0.83149 0.54937 -0.13940 0.11288 -0.05090 1.42387e-01 6.52471e-04 -5.1268098315e-01 -3.6964102222e-01
112.005 0.00000 0.00000 0.00000 0.00000 0.00000 0.00000 -1.4093e-01 6.0428e-01 -1.0594e-01 -2.6526e-04 4.7110e-01 -7.0448e-05 0.58058 0.83188 0.54493 0.14368 0.10700 0.04969 1.42366e-01 6.45192e-04 -5.1265958289e-01 -3.6964873643e-01
114.005 -0.00000 0.00000 0.00000 0.00000 0.00000 0.00000 -6.7323e-02 6.0427e-01 1.6007e-01 -2.6526e-04 4.7110e-01 -7.0448e-05 0.51966 0.83090 0.60700 0.06758 -0.16517 -0.03822 1.42345e-01 6.56969e-04 -5.1265791072e-01 -3.6965637743e-01
116.005 0.00000 0.00000 0.00000 0.00000 -0.00000 0.00000 1.7109e-01 6.0439e-01 2.3088e-02 -2.6526e-04 4.7110e-01 -7.0448e-05 0.62011 0.83040 0.50690 -0.17666 -0.02456 0.01796 1.42348e-01 6.67819e-04 -5.1267949863e-01 -3.6966398600e-01
118.005 0.00000 -0.00000 0.00000 0.00000 -0.00000 0.00000 -2.1490e-02 6.0430e-01 -1.7394e-01 -2.6526e-04 4.7110e-01 -7.0448e-05 0.50882 0.83145 0.61691 0.02000 0.17774 0.00814 1.42357e-01 6.61246e-04 -5.1268988840e-01 -3.6967159663e-01
120.005 0.00000 -0.00000 0.00000 0.00000 0.00000 0.00000 -1.6533e-01 6.0420e-01 6.2370e-02 -2.6526e-04 4.7110e-01 -7.0448e-05 0.60079 0.83212 0.52434 0.16753 -0.06371 -0.03461 1.42346e-01 6.47846e-04 -5.1267308303e-01 -3.6967929333e-01
122.005 0.00000 0.00000 0.00000 0.00000 0.00000 0.00000 9.8903e-02 6.0424e-01 1.4359e-01 -2.6526e-04 4.7110e-01 -7.0448e-05 0.54826 0.83126 0.57799 -0.10294 -0.14626 0.05370 1.42317e-01 6.55218e-04 -5.1265870744e-01 -3.6968697244e-01
124.005 0.00000 0.00000 0.00000 0.00000 0.00000 0.00000 1.1210e-01 6.0417e-01 -1.3126e-01 -2.6526e-04 4.7110e-01 -7.0448e-05 0.55351 0.83065 0.57337 -0.11589 0.13534 -0.05871 1.42309e-01 6.67015e-04 -5.1267054683e-01 -3.6969458241e-01
126.005 0.00000 -0.00000 0.00000 0.00000 0.00000 0.00000 -1.5709e-01 6.0408e-01 -7.5409e-02 -2.6526e-04 4.7110e-01 -7.0448e-05 0.59465 0.83131 0.53132 0.16011 0.07854 0.04740 1.42320e-01 6.66144e-04 -5.1268798938e-01 -3.6970219384e-01
128.005 0.00000 -0.00000 -0.00000 0.00000 0.00000 0.00000 -3.5548e-02 6.0418e-01 1.7247e-01 -2.6526e-04 4.7110e-01 -7.0448e-05 0.51569 0.83195 0.60955 0.03637 -0.17545 -0.02268 1.42320e-01 6.49842e-04 -5.1268016276e-01 -3.6970983525e-01
130.005 0.00000 0.00000 0.00000 0.00000 0.00000 0.00000 1.7517e-01 6.0418e-01 -6.7343e-03 -2.6526e-04 4.7110e-01 -7.0448e-05 0.61550 0.83172 0.51020 -0.17898 0.00785 -0.00785 1.42297e-01 6.44640e-04 -5.1265923445e-01 -3.6971751372e-01
132.005 0.00000 0.00000 0.00000 0.00000 0.00000 0.00000 -4.9656e-02 6.0395e-01 -1.6618e-01 -2.6526e-04 4.7110e-01 -7.0448e-05 0.51648 0.83121 0.60987 0.05159 0.17055 0.03476 1.42278e-01 6.57169e-04 -5.1266036650e-01 -3.6972511312e-01
134.005 -0.00000 -0.00000 0.00000 0.00000 0.00000 0.00000 -1.4771e-01 6.0395e-01 9.0412e-02 -2.6526e-04 4.7110e-01 -7.0448e-05 0.59221 0.83108 0.53410 0.15206 -0.09258 -0.05113 1.42283e-01 6.66989e-04 -5.1268253288e-01 -3.6973268894e-01
136.005 0.00000 -0.00000 0.00000 0.00000 0.00000 0.00000 1.2592e-01 6.0414e-01 1.2137e-01 -2.6526e-04 4.7110e-01 -7.0448e-05 0.56022 0.83157 0.56538 -0.12806 -0.12496 0.05403 1.42291e-01 6.58565e-04 -5.1269026274e-01 -3.6974026937e-01
138.005 0.00000 0.00000 0.00000 0.00000 0.00000 0.00000 8.8111e-02 6.0402e-01 -1.5248e-01 -2.6526e-04 4.7110e-01 -7.0448e-05 0.53597 0.83218 0.58913 -0.08980 0.15506 -0.04426 1.42278e-01 6.46514e-04 -5.1267200856e-01 -3.6974793958e-01
140.005 0.00000 -0.00000 0.00000 0.00000 0.00000 0.00000 -1.6767e-01 6.0377e-01 -4.8579e-02 -2.6526e-04 4.7110e-01 -7.0448e-05 0.61257 0.83183 0.51311 0.17173 0.04826 0.02553 1.42249e-01 6.55435e-04 -5.1265975475e-01 -3.6975557521e-01
142.005 0.00000 -0.00000 -0.00000 0.00000 0.00000 0.00000 -4.3374e-03 6.0388e-01 1.7244e-01 -2.6526e-04 4.7110e-01 -7.0448e-05 0.50388 0.83096 0.62265 0.00387 -0.17793 -0.00241 1.42244e-01 6.66514e-04 -5.1267362616e-01 -3.6976315068e-01
144.005 -0.00000 0.00000 0.00000 0.00000 -0.00000 0.00000 1.6879e-01 6.0399e-01 -4.0897e-02 -2.6526e-04 4.7110e-01 -7.0448e-05 0.61542 0.83129 0.51053 -0.17385 0.04036 -0.02113 1.42255e-01 6.63900e-04 -5.1268953141e-01 -3.6977072962e-01
146.005 0.00000 -0.00000 0.00000 0.00000 -0.00000 0.00000 -8.1955e-02 6.0383e-01 -1.5608e-01 -2.6526e-04 4.7110e-01 -7.0448e-05 0.53129 0.83244 0.59347 0.08233 0.15889 0.04123 1.42254e-01 6.47251e-04 -5.1267911421e-01 -3.6977834317e-01
148.005 0.00000 0.00000 0.00000 0.00000 0.00000 0.00000 -1.3192e-01 6.0373e-01 1.1569e-01 -2.6526e-04 4.7110e-01 -7.0448e-05 0.56504 0.83225 0.56014 0.13325 -0.11910 -0.05334 1.42229e-01 6.44328e-04 -5.1265905389e-01 -3.6978598427e-01
150.005 0.00000 -0.00000 0.00000 0.00000 -0.00000 0.00000 1.4270e-01 6.0381e-01 9.7091e-02 -2.6526e-04 4.7110e-01 -7.0448e-05 0.58778 0.83112 0.53864 -0.14789 -0.09929 0.05316 1.42212e-01 6.57389e-04 -5.1266310266e-01 -3.6979354410e-01
152.005 0.00000 -0.00000 0.00000 0.00000 -0.00000 0.00000 5.6435e-02 6.0375e-01 -1.6344e-01 -2.6526e-04 4.7110e-01 -7.0448e-05 0.51948 0.83126 0.60660 -0.05954 0.16774 -0.03894 1.42218e-01 6.65998e-04 -5.1268550852e-01 -3.6980108557e-01
154.005 -0.00000 0.00000 0.00000 0.00000 -0.00000 0.00000 -1.7501e-01 6.0368e-01 -1.4439e-02 -2.6526e-04 4.7110e-01 -7.0448e-05 0.61404 0.83233 0.51078 0.17788 0.01586 0.01296 1.42226e-01 6.55779e-04 -5.1269030475e-01 -3.6980863920e-01
156.005 0.00000 0.00000 0.00000 0.00000 -0.00000 0.00000 2.7271e-02 6.0375e-01 1.7368e-01 -2.6526e-04 4.7110e-01 -7.0448e-05 0.51395 0.83241 0.61093 -0.02880 -0.17667 0.01790 1.42209e-01 6.45429e-04 -5.1267090616e-01 -3.6981628056e-01
158.005 0.00000 -0.00000 -0.00000 0.00000 -0.00000 0.00000 1.5955e-01 6.0367e-01 -6.8232e-02 -2.6526e-04 4.7110e-01 -7.0448e-05 0.59841 0.83166 0.52745 -0.16356 0.07111 -0.04393 1.42181e-01 6.55742e-04 -5.1266110836e-01 -3.6982387295e-01
160.005 0.00000 -0.00000 0.00000 0.00000 -0.00000 0.00000 -1.0645e-01 6.0350e-01 -1.3600e-01 -2.6526e-04 4.7110e-01 -7.0448e-05 0.54812 0.83146 0.57789 0.10914 0.14021 0.05725 1.42179e-01 6.65891e-04 -5.1267680493e-01 -3.6983141501e-01
162.005 0.00000 -0.00000 -0.00000 0.00000 -0.00000 0.00000 -1.0555e-01 6.0359e-01 1.3859e-01 -2.6526e-04 4.7110e-01 -7.0448e-05 0.55258 0.83194 0.57270 0.10876 -0.14119 -0.05477 1.42190e-01 6.61451e-04 -5.1269078619e-01 -3.6983896110e-01
164.005 0.00000 0.00000 0.00000 0.00000 -0.00000 0.00000 1.6139e-01 6.0371e-01 6.9261e-02 -2.6526e-04 4.7110e-01 -7.0448e-05 0.59695 0.83241 0.52784 -0.16439 -0.07087 0.03813 1.42187e-01 6.44775e-04 -5.1267785857e-01 -3.6984654847e-01
166.005 0.00000 0.00000 0.00000 0.00000 -0.00000 0.00000 2.8358e-02 6.0349e-01 -1.7259e-01 -2.6526e-04 4.7110e-01 -7.0448e-05 0.51036 0.83236 0.61472 -0.02817 0.17630 -0.01310 1.42161e-01 6.44223e-04 -5.1265909497e-01 -3.6985414943e-01
168.005 0.00000 -0.00000 0.00000 0.00000 -0.00000 0.00000 -1.7227e-01 6.0335e-01 1.5297e-02 -2.6526e-04 4.7110e-01 -7.0448e-05 0.61995 0.83174 0.50583 0.17690 -0.01665 -0.01300 1.42147e-01 6.57655e-04 -5.1266613630e-01 -3.6986167179e-01
170.005 0.00000 -0.00000 0.00000 0.00000 -0.00000 0.00000 5.9209e-02 6.0353e-01 1.6230e-01 -2.6526e-04 4.7110e-01 -7.0448e-05 0.51631 0.83150 0.60949 -0.06035 -0.16739 0.03442 1.42154e-01 6.64770e-04 -5.1268834447e-01 -3.6986917859e-01
172.005 0.00000 -0.00000 0.00000 0.00000 -0.00000 0.00000 1.4411e-01 6.0357e-01 -9.9421e-02 -2.6526e-04 4.7110e-01 -7.0448e-05 0.58497 0.83236 0.53982 -0.14797 0.10019 -0.04768 1.42160e-01 6.52936e-04 -5.1269000240e-01 -3.6987670698e-01
174.005 0.00000 -0.00000 -0.00000 0.00000 -0.00000 0.00000 -1.3133e-01 6.0333e-01 -1.1713e-01 -2.6526e-04 4.7110e-01 -7.0448e-05 0.57046 0.83294 0.55391 0.13364 0.11853 0.05101 1.42141e-01 6.44628e-04 -5.1266983922e-01 -3.6988431845e-01
176.005 0.00000 0.00000 0.00000 0.00000 -0.00000 0.00000 -8.0760e-02 6.0328e-01 1.5352e-01 -2.6526e-04 4.7110e-01 -7.0448e-05 0.52659 0.83206 0.59887 0.08119 -0.15837 -0.04377 1.42115e-01 6.56081e-04 -5.1266278484e-01 -3.6989186684e-01
178.005 0.00000 0.00000 -0.00000 0.00000 -0.00000 0.00000 1.6776e-01 6.0341e-01 3.7737e-02 -2.6526e-04 4.7110e-01 -7.0448e-05 0.61588 0.83138 0.51017 -0.17332 -0.03937 0.02643 1.42116e-01 6.65152e-04 -5.1268004877e-01 -3.6989937701e-01
180.005 0.00000 0.00000 0.00000 0.00000 -0.00000 0.00000 -6.6652e-03 6.0332e-01 -1.7416e-01 -2.6526e-04 4.7110e-01 -7.0448e-05 0.50750 0.83230 0.61739 0.00480 0.17809 -0.00126 1.42126e-01 6.58770e-04 -5.1269170113e-01 -3.6990689039e-01
182.005 0.00000 -0.00000 -0.00000 0.00000 -0.00000 0.00000 -1.6939e-01 6.0324e-01 4.8328e-02 -2.6526e-04 4.7110e-01 -7.0448e-05 0.60556 0.83311 0.51854 0.17173 -0.04913 -0.02661 1.42119e-01 6.42488e-04 -5.1267642873e-01 -3.6991445201e-01
184.005 0.00000 -0.00000 0.00000 0.00000 -0.00000 0.00000 8.6359e-02 6.0329e-01 1.5128e-01 -2.6526e-04 4.7110e-01 -7.0448e-05 0.53940 0.83239 0.58566 -0.08998 -0.15402 0.04915 1.42093e-01 6.44320e-04 -5.1265942612e-01 -3.6992201143e-01
186.005 0.00000 0.00000 -0.00000 0.00000 -0.00000 0.00000 1.2266e-01 6.0322e-01 -1.2079e-01 -2.6526e-04 4.7110e-01 -7.0448e-05 0.56218 0.83168 0.56365 -0.12653 0.12470 -0.05876 1.42082e-01 6.57928e-04 -5.1266944891e-01 -3.6992949713e-01
188.005 0.00000 0.00000 -0.00000 0.00000 -0.00000 0.00000 -1.4937e-01 6.0311e-01 -8.8001e-02 -2.6526e-04 4.7110e-01 -7.0448e-05 0.58623 0.83218 0.53886 0.15234 0.09139 0.05201 1.42091e-01 6.63281e-04 -5.1269097142e-01 -3.6993697005e-01
190.005 0.00000 -0.00000 0.00000 0.00000 -0.00000 0.00000 -4.9434e-02 6.0322e-01 1.6824e-01 -2.6526e-04 4.7110e-01 -7.0448e-05 0.52010 0.83287 0.60418 0.05074 -0.17114 -0.03069 1.42095e-01 6.50078e-04 -5.1268935262e-01 -3.6994447434e-01
192.005 0.00000 0.00000 0.00000 0.00000 -0.00000 0.00000 1.7481e-01 6.0323e-01 7.7492e-03 -2.6526e-04 4.7110e-01 -7.0448e-05 0.61435 0.83278 0.51019 -0.17850 -0.00710 0.00149 1.42073e-01 6.44139e-04 -5.1266886854e-01 -3.6995205410e-01
194.005 0.00000 0.00000 0.00000 0.00000 -0.00000 0.00000 -3.5384e-02 6.0298e-01 -1.6948e-01 -2.6526e-04 4.7110e-01 -7.0448e-05 0.51202 0.83230 0.61320 0.03704 0.17379 0.02646 1.42049e-01 6.56420e-04 -5.1266480895e-01 -3.6995955905e-01
196.005 0.00000 -0.00000 0.00000 0.00000 -0.00000 0.00000 -1.5423e-01 6.0296e-01 7.7255e-02 -2.6526e-04 4.7110e-01 -7.0448e-05 0.59915 0.83205 0.52619 0.15869 -0.07926 -0.04584 1.42052e-01 6.64263e-04 -5.1268330426e-01 -3.6996703768e-01
198.005 0.00000 -0.00000 0.00000 0.00000 -0.00000 0.00000 1.1484e-01 6.0317e-01 1.3073e-01 -2.6526e-04 4.7110e-01 -7.0448e-05 0.55059 0.83246 0.57412 -0.11676 -0.13464 0.05299 1.42062e-01 6.55868e-04 -5.1269222690e-01 -3.6997451961e-01
200.005 0.00000 0.00000 0.00000 0.00000 -0.00000 0.00000 9.9926e-02 6.0308e-01 -1.4435e-01 -2.6526e-04 4.7110e-01 -7.0448e-05 0.54411 0.83315 0.57996 -0.10201 0.14660 -0.04771 1.42052e-01 6.40442e-04 -5.1267487507e-01 -3.6998205485e-01
202.005 0.00000 -0.00000 -0.00000 0.00000 -0.00000 0.00000 -1.6288e-01 6.0283e-01 -6.2197e-02 -2.6526e-04 4.7110e-01 -7.0448e-05 0.60610 0.83293 0.51843 0.16668 0.06217 0.03256 1.42026e-01 6.44615e-04 -5.1266011105e-01 -3.6998957183e-01
204.005 0.00000 0.00000 0.00000 0.00000 -0.00000 0.00000 -1.8812e-02 6.0291e-01 1.7100e-01 -2.6526e-04 4.7110e-01 -7.0448e-05 0.50508 0.83199 0.62040 0.01852 -0.17643 -0.01130 1.42018e-01 6.58160e-04 -5.1267300733e-01 -3.6999702184e-01
206.005 0.00000 0.00000 0.00000 0.00000 -0.00000 0.00000 1.7074e-01 6.0303e-01 -2.6600e-02 -2.6526e-04 4.7110e-01 -7.0448e-05 0.61779 0.83217 0.50728 -0.17591 0.02580 -0.01250 1.42027e-01 6.61503e-04 -5.1269332060e-01 -3.7000446132e-01
208.005 0.00000 -0.00000 0.00000 0.00000 -0.00000 0.00000 -6.8808e-02 6.0288e-01 -1.6152e-01 -2.6526e-04 4.7110e-01 -7.0448e-05 0.52418 0.83334 0.59962 0.06876 0.16452 0.03497 1.42029e-01 6.47271e-04 -5.1268836130e-01 -3.7001194321e-01
210.005 0.00000 -0.00000 -0.00000 0.00000 -0.00000 0.00000 -1.4063e-01 6.0277e-01 1.0445e-01 -2.6526e-04 4.7110e-01 -7.0448e-05 0.57323 0.83334 0.55079 0.14215 -0.10746 -0.05104 1.42005e-01 6.43960e-04 -5.1266806329e-01 -3.7001948845e-01
212.005 0.00000 0.00000 0.00000 0.00000 -0.00000 0.00000 1.3388e-01 6.0284e-01 1.0840e-01 -2.6526e-04 4.7110e-01 -7.0448e-05 0.57848 0.83222 0.54682 -0.13886 -0.11074 0.05536 1.41984e-01 6.56742e-04 -5.1266720194e-01 -3.7002695152e-01
