# t x y z vx vy vz omx omy omz llx lly llz Ixx Iyy Izz Ixy Iyz Ixz KErot PEspr PEgrav Etot
0.000 -0.00000 0.00000 0.00000 -0.00000 0.00000 0.00000 1.0396e-02 5.1314e-01 -1.8737e-02 -1.4154e-04 2.2845e-01 -1.0634e-05 0.41553 0.44593 0.42311 -0.00881 0.01549 -0.00321 5.86123e-02 7.30138e-30 -5.7489111489e-01 -5.1627878408e-01
2.005 0.00000 -0.00000 -0.00000 -0.00000 -0.00000 0.00000 -1.2240e-02 5.1853e-01 -1.7633e-02 -1.4154e-04 2.2845e-01 -1.0634e-05 0.41219 0.44127 0.41274 0.00963 0.01414 0.00515 5.92297e-02 1.81063e-03 -5.7908539183e-01 -5.1804509131e-01
4.005 0.00000 0.00000 0.00000 -0.00000 -0.00000 0.00000 -2.1293e-02 5.1850e-01 2.8859e-03 -1.4154e-04 2.2845e-01 -1.0634e-05 0.41693 0.44130 0.40798 0.01687 -0.00241 -0.00298 5.92265e-02 1.81305e-03 -5.7908509993e-01 -5.1804553630e-01
6.000 -0.00000 0.00000 -0.00000 -0.00000 -0.00000 0.00000 -7.0002e-03 5.1847e-01 1.9971e-02 -1.4154e-04 2.2845e-01 -1.0634e-05 0.40724 0.44131 0.41775 0.00530 -0.01614 -0.00195 5.92218e-02 1.79473e-03 -5.7906217385e-01 -5.1804562864e-01
8.000 0.00000 -0.00000 -0.00000 0.00000 -0.00000 0.00000 1.4617e-02 5.1849e-01 1.4728e-02 -1.4154e-04 2.2845e-01 -1.0634e-05 0.41405 0.44128 0.41095 -0.01210 -0.01185 0.00560 5.92223e-02 1.79985e-03 -5.7906781228e-01 -5.1804564593e-01
10.000 -0.00000 -0.00000 -0.00000 0.00000 -0.00000 0.00000 1.9429e-02 5.1849e-01 -6.9136e-03 -1.4154e-04 2.2845e-01 -1.0634e-05 0.41626 0.44127 0.40875 -0.01593 0.00560 -0.00465 5.92223e-02 1.80060e-03 -5.7906856355e-01 -5.1804566005e-01
12.005 0.00000 -0.00000 -0.00000 0.00000 -0.00000 0.00000 2.1143e-03 5.1848e-01 -2.0732e-02 -1.4154e-04 2.2845e-01 -1.0634e-05 0.40640 0.44129 0.41859 -0.00194 0.01672 -0.00033 5.92225e-02 1.80058e-03 -5.7906870666e-01 -5.1804567356e-01
14.005 -0.00000 0.00000 -0.00000 0.00000 -0.00000 0.00000 -1.7806e-02 5.1847e-01 -1.1284e-02 -1.4154e-04 2.2845e-01 -1.0634e-05 0.41582 0.44130 0.40916 0.01412 0.00906 0.00525 5.92227e-02 1.80042e-03 -5.7906879483e-01 -5.1804568681e-01
16.005 0.00000 -0.00000 0.00000 0.00000 -0.00000 0.00000 -1.8083e-02 5.1847e-01 1.0718e-02 -1.4154e-04 2.2845e-01 -1.0634e-05 0.41487 0.44129 0.41011 0.01432 -0.00870 -0.00583 5.92229e-02 1.80029e-03 -5.7906889971e-01 -5.1804570003e-01
18.005 -0.00000 -0.00000 0.00000 0.00000 -0.00000 0.00000 1.5311e-03 5.1849e-01 2.0625e-02 -1.4154e-04 2.2845e-01 -1.0634e-05 0.40631 0.44127 0.41869 -0.00153 -0.01668 0.00144 5.92231e-02 1.80021e-03 -5.7906900500e-01 -5.1804571325e-01
20.000 -0.00000 -0.00000 0.00000 0.00000 0.00000 0.00000 1.9017e-02 5.1850e-01 7.4248e-03 -1.4154e-04 2.2845e-01 -1.0634e-05 0.41725 0.44125 0.40777 -0.01564 -0.00602 0.00427 5.92232e-02 1.80015e-03 -5.7906910881e-01 -5.1804572645e-01
22.000 0.00000 -0.00000 0.00000 0.00000 0.00000 0.00000 1.4865e-02 5.1850e-01 -1.4136e-02 -1.4154e-04 2.2845e-01 -1.0634e-05 0.41327 0.44126 0.41175 -0.01229 0.01139 -0.00631 5.92234e-02 1.80011e-03 -5.7906921822e-01 -5.1804573972e-01
24.000 -0.00000 0.00000 0.00000 0.00000 0.00000 0.00000 -6.3402e-03 5.1848e-01 -1.9886e-02 -1.4154e-04 2.2845e-01 -1.0634e-05 0.40695 0.44128 0.41804 0.00482 0.01605 0.00299 5.92235e-02 1.80009e-03 -5.7906933551e-01 -5.1804575304e-01
26.000 -0.00000 -0.00000 0.00000 0.00000 0.00000 -0.00000 -2.0846e-02 5.1848e-01 -3.3471e-03 -1.4154e-04 2.2845e-01 -1.0634e-05 0.41806 0.44129 0.40692 0.01655 0.00272 0.00274 5.92236e-02 1.80009e-03 -5.7906945836e-01 -5.1804576638e-01
28.000 0.00000 0.00000 0.00000 0.00000 0.00000 0.00000 -1.2358e-02 5.1848e-01 1.6994e-02 -1.4154e-04 2.2845e-01 -1.0634e-05 0.41151 0.44129 0.41348 0.00973 -0.01372 -0.00602 5.92237e-02 1.80011e-03 -5.7906958036e-01 -5.1804577977e-01
30.000 0.00000 0.00000 -0.00000 0.00000 0.00000 -0.00000 9.6966e-03 5.1850e-01 1.8329e-02 -1.4154e-04 2.2845e-01 -1.0634e-05 0.40827 0.44127 0.41674 -0.00806 -0.01483 0.00422 5.92238e-02 1.80015e-03 -5.7906969784e-01 -5.1804579322e-01
32.000 0.00000 -0.00000 -0.00000 0.00000 0.00000 -0.00000 2.0643e-02 5.1850e-01 -9.3830e-04 -1.4154e-04 2.2845e-01 -1.0634e-05 0.41824 0.44126 0.40677 -0.01692 0.00068 0.00096 5.92238e-02 1.80020e-03 -5.7906980811e-01 -5.1804580673e-01
34.000 0.00000 0.00000 -0.00000 0.00000 0.00000 -0.00000 8.1354e-03 5.1850e-01 -1.9319e-02 -1.4154e-04 2.2845e-01 -1.0634e-05 0.41000 0.44128 0.41498 -0.00689 0.01552 -0.00504 5.92238e-02 1.80028e-03 -5.7906990781e-01 -5.1804582030e-01
36.000 0.00000 0.00000 0.00000 0.00000 -0.00000 0.00000 -1.3957e-02 5.1848e-01 -1.6198e-02 -1.4154e-04 2.2845e-01 -1.0634e-05 0.40999 0.44131 0.41497 0.01091 0.01307 0.00479 5.92238e-02 1.80037e-03 -5.7906999326e-01 -5.1804583395e-01
38.000 0.00000 -0.00000 -0.00000 0.00000 -0.00000 -0.00000 -2.0946e-02 5.1848e-01 5.0791e-03 -1.4154e-04 2.2845e-01 -1.0634e-05 0.41757 0.44132 0.40738 0.01660 -0.00404 -0.00081 5.92237e-02 1.80047e-03 -5.7907006124e-01 -5.1804584768e-01
40.005 0.00000 -0.00000 -0.00000 0.00000 -0.00000 -0.00000 -4.8365e-03 5.1849e-01 2.0831e-02 -1.4154e-04 2.2845e-01 -1.0634e-05 0.40891 0.44131 0.41604 0.00368 -0.01677 -0.00340 5.92237e-02 1.80057e-03 -5.7907010899e-01 -5.1804586151e-01
42.005 0.00000 0.00000 0.00000 0.00000 -0.00000 0.00000 1.6443e-02 5.1850e-01 1.3322e-02 -1.4154e-04 2.2845e-01 -1.0634e-05 0.41197 0.44130 0.41300 -0.01346 -0.01078 0.00466 5.92236e-02 1.80067e-03 -5.7907013381e-01 -5.1804587538e-01
44.005 -0.00000 0.00000 0.00000 0.00000 -0.00000 0.00000 1.9154e-02 5.1850e-01 -9.1607e-03 -1.4154e-04 2.2845e-01 -1.0634e-05 0.41628 0.44130 0.40869 -0.01569 0.00729 -0.00232 5.92235e-02 1.80077e-03 -5.7907013391e-01 -5.1804588932e-01
46.005 0.00000 -0.00000 0.00000 0.00000 -0.00000 0.00000 1.4609e-04 5.1849e-01 -2.1608e-02 -1.4154e-04 2.2845e-01 -1.0634e-05 0.40852 0.44133 0.41642 -0.00045 0.01733 -0.00145 5.92233e-02 1.80087e-03 -5.7907010801e-01 -5.1804590333e-01
48.005 -0.00000 0.00000 -0.00000 0.00000 -0.00000 0.00000 -1.9505e-02 5.1847e-01 -1.0071e-02 -1.4154e-04 2.2845e-01 -1.0634e-05 0.41376 0.44135 0.41116 0.01537 0.00811 0.00376 5.92232e-02 1.80095e-03 -5.7907005563e-01 -5.1804591739e-01
50.005 -0.00000 -0.00000 0.00000 0.00000 -0.00000 0.00000 -1.7900e-02 5.1847e-01 1.2717e-02 -1.4154e-04 2.2845e-01 -1.0634e-05 0.41440 0.44135 0.41051 0.01411 -0.01020 -0.00325 5.92230e-02 1.80102e-03 -5.7906997708e-01 -5.1804593151e-01
52.005 0.00000 0.00000 -0.00000 0.00000 -0.00000 0.00000 3.2669e-03 5.1849e-01 2.1431e-02 -1.4154e-04 2.2845e-01 -1.0634e-05 0.40887 0.44133 0.41606 -0.00287 -0.01722 0.00062 5.92229e-02 1.80108e-03 -5.7906987350e-01 -5.1804594567e-01
54.005 0.00000 -0.00000 -0.00000 0.00000 -0.00000 0.00000 2.0512e-02 5.1849e-01 6.3290e-03 -1.4154e-04 2.2845e-01 -1.0634e-05 0.41523 0.44132 0.40971 -0.01673 -0.00511 0.00225 5.92227e-02 1.80112e-03 -5.7906974683e-01 -5.1804595986e-01
56.005 -0.00000 -0.00000 0.00000 0.00000 -0.00000 -0.00000 1.4658e-02 5.1849e-01 -1.5853e-02 -1.4154e-04 2.2845e-01 -1.0634e-05 0.41234 0.44133 0.41260 -0.01204 0.01269 -0.00351 5.92225e-02 1.80115e-03 -5.7906959973e-01 -5.1804597407e-01
58.005 0.00000 0.00000 -0.00000 0.00000 -0.00000 -0.00000 -7.8157e-03 5.1847e-01 -2.0484e-02 -1.4154e-04 2.2845e-01 -1.0634e-05 0.40991 0.44135 0.41500 0.00600 0.01641 0.00244 5.92223e-02 1.80118e-03 -5.7906943552e-01 -5.1804598828e-01
60.005 -0.00000 -0.00000 0.00000 0.00000 -0.00000 -0.00000 -2.1958e-02 5.1846e-01 -2.4275e-03 -1.4154e-04 2.2845e-01 -1.0634e-05 0.41604 0.44137 0.40887 0.01735 0.00191 0.00030 5.92221e-02 1.80119e-03 -5.7906925805e-01 -5.1804600249e-01
62.005 0.00000 0.00000 0.00000 0.00000 -0.00000 -0.00000 -1.2091e-02 5.1847e-01 1.8249e-02 -1.4154e-04 2.2845e-01 -1.0634e-05 0.41025 0.44136 0.41467 0.00940 -0.01469 -0.00302 5.92219e-02 1.80120e-03 -5.7906907153e-01 -5.1804601666e-01
64.005 -0.00000 -0.00000 0.00000 0.00000 -0.00000 -0.00000 1.0779e-02 5.1848e-01 1.8607e-02 -1.4154e-04 2.2845e-01 -1.0634e-05 0.41154 0.44133 0.41340 -0.00897 -0.01494 0.00381 5.92216e-02 1.80121e-03 -5.7906888041e-01 -5.1804603079e-01
66.005 0.00000 0.00000 -0.00000 0.00000 -0.00000 -0.00000 2.1243e-02 5.1848e-01 -1.6756e-03 -1.4154e-04 2.2845e-01 -1.0634e-05 0.41621 0.44132 0.40875 -0.01733 0.00137 -0.00179 5.92214e-02 1.80122e-03 -5.7906868921e-01 -5.1804604487e-01
68.005 0.00000 -0.00000 0.00000 0.00000 -0.00000 -0.00000 7.7541e-03 5.1847e-01 -2.0010e-02 -1.4154e-04 2.2845e-01 -1.0634e-05 0.40855 0.44133 0.41640 -0.00646 0.01608 -0.00189 5.92212e-02 1.80122e-03 -5.7906850234e-01 -5.1804605887e-01
70.005 -0.00000 0.00000 0.00000 0.00000 -0.00000 -0.00000 -1.4593e-02 5.1846e-01 -1.6071e-02 -1.4154e-04 2.2845e-01 -1.0634e-05 0.41345 0.44135 0.41148 0.01150 0.01286 0.00449 5.92210e-02 1.80123e-03 -5.7906832402e-01 -5.1804607280e-01
72.005 -0.00000 0.00000 -0.00000 0.00000 -0.00000 -0.00000 -2.0949e-02 5.1845e-01 5.6316e-03 -1.4154e-04 2.2845e-01 -1.0634e-05 0.41558 0.44135 0.40935 0.01656 -0.00462 -0.00371 5.92208e-02 1.80125e-03 -5.7906815809e-01 -5.1804608663e-01
74.005 -0.00000 0.00000 0.00000 0.00000 -0.00000 -0.00000 -4.3660e-03 5.1846e-01 2.0887e-02 -1.4154e-04 2.2845e-01 -1.0634e-05 0.40738 0.44133 0.41757 0.00317 -0.01685 -0.00026 5.92206e-02 1.80126e-03 -5.7906800796e-01 -5.1804610038e-01
76.005 0.00000 0.00000 0.00000 0.00000 -0.00000 -0.00000 1.6574e-02 5.1847e-01 1.2795e-02 -1.4154e-04 2.2845e-01 -1.0634e-05 0.41545 0.44130 0.40953 -0.01366 -0.01027 0.00445 5.92205e-02 1.80129e-03 -5.7906787651e-01 -5.1804611403e-01
78.005 -0.00000 -0.00000 -0.00000 0.00000 -0.00000 -0.00000 1.8562e-02 5.1847e-01 -9.4828e-03 -1.4154e-04 2.2845e-01 -1.0634e-05 0.41441 0.44130 0.41057 -0.01520 0.00768 -0.00522 5.92203e-02 1.80131e-03 -5.7906776604e-01 -5.1804612759e-01
80.005 0.00000 -0.00000 -0.00000 0.00000 -0.00000 -0.00000 -4.8248e-04 5.1846e-01 -2.1059e-02 -1.4154e-04 2.2845e-01 -1.0634e-05 0.40695 0.44132 0.41802 0.00017 0.01696 0.00156 5.92202e-02 1.80134e-03 -5.7906767825e-01 -5.1804614105e-01
82.005 0.00000 -0.00000 -0.00000 0.00000 -0.00000 -0.00000 -1.9208e-02 5.1845e-01 -9.1109e-03 -1.4154e-04 2.2845e-01 -1.0634e-05 0.41711 0.44133 0.40784 0.01524 0.00728 0.00367 5.92201e-02 1.80138e-03 -5.7906761421e-01 -5.1804615444e-01
84.005 -0.00000 -0.00000 0.00000 0.00000 -0.00000 -0.00000 -1.6738e-02 5.1845e-01 1.2897e-02 -1.4154e-04 2.2845e-01 -1.0634e-05 0.41277 0.44132 0.41220 0.01320 -0.01047 -0.00606 5.92200e-02 1.80141e-03 -5.7906757439e-01 -5.1804616776e-01
86.005 0.00000 -0.00000 -0.00000 0.00000 -0.00000 -0.00000 4.0573e-03 5.1846e-01 2.0347e-02 -1.4154e-04 2.2845e-01 -1.0634e-05 0.40728 0.44130 0.41771 -0.00359 -0.01644 0.00335 5.92199e-02 1.80146e-03 -5.7906755867e-01 -5.1804618102e-01
88.005 0.00000 0.00000 -0.00000 0.00000 -0.00000 -0.00000 1.9862e-02 5.1847e-01 4.9792e-03 -1.4154e-04 2.2845e-01 -1.0634e-05 0.41834 0.44128 0.40667 -0.01632 -0.00402 0.00235 5.92199e-02 1.80150e-03 -5.7906756635e-01 -5.1804619424e-01
90.005 -0.00000 -0.00000 -0.00000 0.00000 -0.00000 -0.00000 1.3017e-02 5.1846e-01 -1.5942e-02 -1.4154e-04 2.2845e-01 -1.0634e-05 0.41104 0.44129 0.41395 -0.01078 0.01286 -0.00617 5.92198e-02 1.80156e-03 -5.7906759620e-01 -5.1804620743e-01
92.005 -0.00000 0.00000 -0.00000 0.00000 -0.00000 -0.00000 -8.7670e-03 5.1845e-01 -1.8985e-02 -1.4154e-04 2.2845e-01 -1.0634e-05 0.40828 0.44131 0.41670 0.00681 0.01532 0.00476 5.92198e-02 1.80161e-03 -5.7906764651e-01 -5.1804622060e-01
94.005 -0.00000 -0.00000 0.00000 0.00000 -0.00000 -0.00000 -2.1070e-02 5.1844e-01 -7.5512e-04 -1.4154e-04 2.2845e-01 -1.0634e-05 0.41879 0.44132 0.40618 0.01675 0.00060 0.00068 5.92198e-02 1.80168e-03 -5.7906771511e-01 -5.1804623377e-01
96.005 0.00000 0.00000 0.00000 0.00000 -0.00000 -0.00000 -1.0094e-02 5.1845e-01 1.8317e-02 -1.4154e-04 2.2845e-01 -1.0634e-05 0.40941 0.44131 0.41557 0.00789 -0.01481 -0.00550 5.92198e-02 1.80174e-03 -5.7906779948e-01 -5.1804624695e-01
98.005 0.00000 -0.00000 0.00000 0.00000 -0.00000 -0.00000 1.1887e-02 5.1846e-01 1.6839e-02 -1.4154e-04 2.2845e-01 -1.0634e-05 0.40982 0.44129 0.41518 -0.00985 -0.01363 0.00564 5.92198e-02 1.80181e-03 -5.7906789673e-01 -5.1804626016e-01
100.005 0.00000 -0.00000 0.00000 0.00000 -0.00000 -0.00000 2.0240e-02 5.1847e-01 -3.5898e-03 -1.4154e-04 2.2845e-01 -1.0634e-05 0.41855 0.44129 0.40645 -0.01662 0.00283 -0.00105 5.92198e-02 1.80189e-03 -5.7906800375e-01 -5.1804627341e-01
102.005 -0.00000 -0.00000 -0.00000 0.00000 -0.00000 -0.00000 5.5361e-03 5.1846e-01 -2.0119e-02 -1.4154e-04 2.2845e-01 -1.0634e-05 0.40822 0.44131 0.41676 -0.00480 0.01620 -0.00422 5.92199e-02 1.80196e-03 -5.7906811724e-01 -5.1804628672e-01
104.005 -0.00000 -0.00000 0.00000 0.00000 -0.00000 -0.00000 -1.5839e-02 5.1845e-01 -1.4179e-02 -1.4154e-04 2.2845e-01 -1.0634e-05 0.41157 0.44133 0.41339 0.01246 0.01146 0.00575 5.92199e-02 1.80203e-03 -5.7906823380e-01 -5.1804630008e-01
106.005 0.00000 0.00000 -0.00000 0.00000 -0.00000 -0.00000 -1.9942e-02 5.1845e-01 7.6969e-03 -1.4154e-04 2.2845e-01 -1.0634e-05 0.41749 0.44134 0.40745 0.01582 -0.00617 -0.00256 5.92199e-02 1.80209e-03 -5.7906835007e-01 -5.1804631351e-01
108.005 0.00000 0.00000 0.00000 0.00000 -0.00000 -0.00000 -2.0586e-03 5.1846e-01 2.1077e-02 -1.4154e-04 2.2845e-01 -1.0634e-05 0.40763 0.44132 0.41733 0.00144 -0.01700 -0.00245 5.92200e-02 1.80214e-03 -5.7906846275e-01 -5.1804632702e-01
110.005 -0.00000 0.00000 -0.00000 0.00000 -0.00000 -0.00000 1.7919e-02 5.1847e-01 1.0905e-02 -1.4154e-04 2.2845e-01 -1.0634e-05 0.41336 0.44131 0.41161 -0.01467 -0.00886 0.00514 5.92200e-02 1.80218e-03 -5.7906856878e-01 -5.1804634061e-01
112.005 -0.00000 0.00000 0.00000 0.00000 -0.00000 -0.00000 1.7627e-02 5.1847e-01 -1.1595e-02 -1.4154e-04 2.2845e-01 -1.0634e-05 0.41592 0.44132 0.40905 -0.01449 0.00925 -0.00360 5.92201e-02 1.80221e-03 -5.7906866540e-01 -5.1804635428e-01
114.005 -0.00000 0.00000 0.00000 0.00000 -0.00000 -0.00000 -2.7525e-03 5.1846e-01 -2.1330e-02 -1.4154e-04 2.2845e-01 -1.0634e-05 0.40778 0.44134 0.41716 0.00187 0.01714 -0.00053 5.92202e-02 1.80222e-03 -5.7906875024e-01 -5.1804636804e-01
116.005 -0.00000 0.00000 -0.00000 0.00000 -0.00000 -0.00000 -2.0573e-02 5.1845e-01 -7.3245e-03 -1.4154e-04 2.2845e-01 -1.0634e-05 0.41478 0.44136 0.41013 0.01624 0.00592 0.00381 5.92202e-02 1.80221e-03 -5.7906882143e-01 -5.1804638189e-01
118.005 0.00000 -0.00000 -0.00000 0.00000 -0.00000 -0.00000 -1.5911e-02 5.1845e-01 1.4933e-02 -1.4154e-04 2.2845e-01 -1.0634e-05 0.41391 0.44136 0.41101 0.01254 -0.01198 -0.00397 5.92203e-02 1.80218e-03 -5.7906887765e-01 -5.1804639582e-01
120.005 -0.00000 -0.00000 0.00000 0.00000 -0.00000 -0.00000 6.1660e-03 5.1847e-01 2.0654e-02 -1.4154e-04 2.2845e-01 -1.0634e-05 0.40868 0.44134 0.41626 -0.00519 -0.01662 0.00131 5.92204e-02 1.80214e-03 -5.7906891818e-01 -5.1804640982e-01
122.005 -0.00000 0.00000 -0.00000 0.00000 -0.00000 -0.00000 2.1138e-02 5.1848e-01 3.3746e-03 -1.4154e-04 2.2845e-01 -1.0634e-05 0.41575 0.44133 0.40920 -0.01724 -0.00276 0.00198 5.92204e-02 1.80208e-03 -5.7906894293e-01 -5.1804642390e-01
124.005 0.00000 -0.00000 -0.00000 0.00000 -0.00000 -0.00000 1.2300e-02 5.1847e-01 -1.7760e-02 -1.4154e-04 2.2845e-01 -1.0634e-05 0.41188 0.44135 0.41305 -0.01017 0.01421 -0.00362 5.92205e-02 1.80201e-03 -5.7906895242e-01 -5.1804643803e-01
126.005 0.00000 0.00000 -0.00000 0.00000 -0.00000 -0.00000 -1.0591e-02 5.1846e-01 -1.9249e-02 -1.4154e-04 2.2845e-01 -1.0634e-05 0.41019 0.44137 0.41472 0.00821 0.01543 0.00273 5.92206e-02 1.80192e-03 -5.7906894774e-01 -5.1804645221e-01
128.005 -0.00000 0.00000 0.00000 0.00000 -0.00000 -0.00000 -2.2119e-02 5.1845e-01 6.0410e-04 -1.4154e-04 2.2845e-01 -1.0634e-05 0.41594 0.44138 0.40896 0.01747 -0.00050 -0.00012 5.92206e-02 1.80183e-03 -5.7906893054e-01 -5.1804646642e-01
130.005 -0.00000 0.00000 0.00000 0.00000 -0.00000 -0.00000 -9.4704e-03 5.1846e-01 1.9766e-02 -1.4154e-04 2.2845e-01 -1.0634e-05 0.41003 0.44137 0.41489 0.00731 -0.01588 -0.00254 5.92207e-02 1.80173e-03 -5.7906890288e-01 -5.1804648064e-01
132.005 -0.00000 0.00000 -0.00000 0.00000 -0.00000 -0.00000 1.3307e-02 5.1847e-01 1.6968e-02 -1.4154e-04 2.2845e-01 -1.0634e-05 0.41216 0.44134 0.41277 -0.01097 -0.01362 0.00358 5.92207e-02 1.80163e-03 -5.7906886718e-01 -5.1804649486e-01
134.005 -0.00000 -0.00000 0.00000 0.00000 -0.00000 -0.00000 2.0928e-02 5.1848e-01 -4.6501e-03 -1.4154e-04 2.2845e-01 -1.0634e-05 0.41549 0.44133 0.40945 -0.01706 0.00374 -0.00218 5.92208e-02 1.80153e-03 -5.7906882612e-01 -5.1804650906e-01
136.005 0.00000 0.00000 -0.00000 0.00000 -0.00000 -0.00000 4.9834e-03 5.1847e-01 -2.1063e-02 -1.4154e-04 2.2845e-01 -1.0634e-05 0.40869 0.44135 0.41624 -0.00424 0.01690 -0.00094 5.92208e-02 1.80143e-03 -5.7906878249e-01 -5.1804652322e-01
138.005 0.00000 0.00000 0.00000 0.00000 -0.00000 -0.00000 -1.6756e-02 5.1845e-01 -1.4093e-02 -1.4154e-04 2.2845e-01 -1.0634e-05 0.41423 0.44136 0.41069 0.01321 0.01126 0.00368 5.92209e-02 1.80133e-03 -5.7906873912e-01 -5.1804653732e-01
140.005 0.00000 -0.00000 0.00000 0.00000 -0.00000 -0.00000 -2.0160e-02 5.1845e-01 8.4176e-03 -1.4154e-04 2.2845e-01 -1.0634e-05 0.41431 0.44136 0.41061 0.01590 -0.00684 -0.00390 5.92209e-02 1.80123e-03 -5.7906869874e-01 -5.1804655135e-01
142.005 0.00000 0.00000 0.00000 0.00000 -0.00000 -0.00000 -1.5597e-03 5.1847e-01 2.1418e-02 -1.4154e-04 2.2845e-01 -1.0634e-05 0.40801 0.44134 0.41693 0.00091 -0.01724 0.00102 5.92210e-02 1.80114e-03 -5.7906866394e-01 -5.1804656530e-01
144.005 -0.00000 -0.00000 0.00000 0.00000 -0.00000 -0.00000 1.8271e-02 5.1848e-01 1.0550e-02 -1.4154e-04 2.2845e-01 -1.0634e-05 0.41620 0.44131 0.40877 -0.01500 -0.00845 0.00309 5.92210e-02 1.80105e-03 -5.7906863705e-01 -5.1804657916e-01
146.005 0.00000 -0.00000 -0.00000 0.00000 -0.00000 -0.00000 1.7315e-02 5.1848e-01 -1.1958e-02 -1.4154e-04 2.2845e-01 -1.0634e-05 0.41273 0.44131 0.41224 -0.01417 0.00966 -0.00507 5.92211e-02 1.80096e-03 -5.7906862013e-01 -5.1804659293e-01
148.005 -0.00000 -0.00000 0.00000 0.00000 -0.00000 -0.00000 -3.2118e-03 5.1846e-01 -2.1027e-02 -1.4154e-04 2.2845e-01 -1.0634e-05 0.40808 0.44132 0.41688 0.00237 0.01690 0.00295 5.92211e-02 1.80087e-03 -5.7906861486e-01 -5.1804660660e-01
150.005 0.00000 -0.00000 0.00000 0.00000 -0.00000 -0.00000 -2.0354e-02 5.1846e-01 -6.6783e-03 -1.4154e-04 2.2845e-01 -1.0634e-05 0.41766 0.44133 0.40728 0.01615 0.00530 0.00186 5.92212e-02 1.80078e-03 -5.7906862258e-01 -5.1804662018e-01
152.005 -0.00000 -0.00000 -0.00000 0.00000 -0.00000 -0.00000 -1.5068e-02 5.1846e-01 1.4956e-02 -1.4154e-04 2.2845e-01 -1.0634e-05 0.41087 0.44132 0.41409 0.01183 -0.01213 -0.00549 5.92213e-02 1.80068e-03 -5.7906864421e-01 -5.1804663367e-01
154.005 -0.00000 0.00000 0.00000 0.00000 -0.00000 -0.00000 6.6037e-03 5.1848e-01 1.9738e-02 -1.4154e-04 2.2845e-01 -1.0634e-05 0.40887 0.44129 0.41612 -0.00566 -0.01592 0.00467 5.92214e-02 1.80059e-03 -5.7906868027e-01 -5.1804664709e-01
156.005 0.00000 -0.00000 -0.00000 0.00000 -0.00000 -0.00000 2.0402e-02 5.1848e-01 2.4459e-03 -1.4154e-04 2.2845e-01 -1.0634e-05 0.41856 0.44127 0.40644 -0.01674 -0.00195 0.00025 5.92216e-02 1.80049e-03 -5.7906873088e-01 -5.1804666045e-01
158.005 -0.00000 0.00000 -0.00000 0.00000 -0.00000 -0.00000 1.0976e-02 5.1848e-01 -1.7501e-02 -1.4154e-04 2.2845e-01 -1.0634e-05 0.40913 0.44128 0.41587 -0.00911 0.01413 -0.00518 5.92217e-02 1.80040e-03 -5.7906879573e-01 -5.1804667375e-01
160.005 0.00000 0.00000 -0.00000 0.00000 -0.00000 -0.00000 -1.1035e-02 5.1847e-01 -1.7812e-02 -1.4154e-04 2.2845e-01 -1.0634e-05 0.41018 0.44130 0.41480 0.00866 0.01435 0.00583 5.92219e-02 1.80031e-03 -5.7906887409e-01 -5.1804668703e-01
162.005 -0.00000 0.00000 -0.00000 0.00000 -0.00000 -0.00000 -2.0976e-02 5.1846e-01 1.7897e-03 -1.4154e-04 2.2845e-01 -1.0634e-05 0.41863 0.44130 0.40634 0.01667 -0.00148 -0.00151 5.92220e-02 1.80024e-03 -5.7906896481e-01 -5.1804670028e-01
164.005 0.00000 -0.00000 0.00000 0.00000 -0.00000 -0.00000 -7.7520e-03 5.1847e-01 1.9317e-02 -1.4154e-04 2.2845e-01 -1.0634e-05 0.40769 0.44129 0.41730 0.00598 -0.01563 -0.00416 5.92222e-02 1.80017e-03 -5.7906906634e-01 -5.1804671353e-01
166.005 0.00000 0.00000 -0.00000 0.00000 -0.00000 -0.00000 1.3798e-02 5.1849e-01 1.5142e-02 -1.4154e-04 2.2845e-01 -1.0634e-05 0.41188 0.44126 0.41313 -0.01142 -0.01225 0.00633 5.92223e-02 1.80012e-03 -5.7906917672e-01 -5.1804672678e-01
168.005 -0.00000 0.00000 -0.00000 0.00000 -0.00000 -0.00000 1.9520e-02 5.1849e-01 -6.0575e-03 -1.4154e-04 2.2845e-01 -1.0634e-05 0.41802 0.44126 0.40700 -0.01605 0.00485 -0.00312 5.92225e-02 1.80009e-03 -5.7906929361e-01 -5.1804674006e-01
170.005 -0.00000 0.00000 0.00000 0.00000 -0.00000 -0.00000 2.9768e-03 5.1848e-01 -2.0532e-02 -1.4154e-04 2.2845e-01 -1.0634e-05 0.40684 0.44128 0.41815 -0.00271 0.01655 -0.00267 5.92226e-02 1.80008e-03 -5.7906941430e-01 -5.1804675338e-01
172.005 -0.00000 0.00000 0.00000 0.00000 -0.00000 -0.00000 -1.7333e-02 5.1847e-01 -1.2026e-02 -1.4154e-04 2.2845e-01 -1.0634e-05 0.41357 0.44130 0.41140 0.01369 0.00972 0.00605 5.92227e-02 1.80009e-03 -5.7906953580e-01 -5.1804676674e-01
174.005 0.00000 -0.00000 -0.00000 0.00000 -0.00000 -0.00000 -1.8635e-02 5.1847e-01 1.0004e-02 -1.4154e-04 2.2845e-01 -1.0634e-05 0.41668 0.44130 0.40829 0.01479 -0.00805 -0.00431 5.92228e-02 1.80012e-03 -5.7906965485e-01 -5.1804678016e-01
176.005 0.00000 -0.00000 0.00000 0.00000 -0.00000 -0.00000 6.2411e-04 5.1848e-01 2.0905e-02 -1.4154e-04 2.2845e-01 -1.0634e-05 0.40669 0.44129 0.41829 -0.00073 -0.01688 -0.00087 5.92228e-02 1.80017e-03 -5.7906976800e-01 -5.1804679364e-01
178.005 0.00000 0.00000 0.00000 -0.00000 -0.00000 -0.00000 1.8956e-02 5.1849e-01 8.3840e-03 -1.4154e-04 2.2845e-01 -1.0634e-05 0.41510 0.44127 0.40989 -0.01553 -0.00683 0.00506 5.92228e-02 1.80024e-03 -5.7906987176e-01 -5.1804680719e-01
180.005 -0.00000 -0.00000 0.00000 -0.00000 -0.00000 -0.00000 1.5797e-02 5.1849e-01 -1.3668e-02 -1.4154e-04 2.2845e-01 -1.0634e-05 0.41496 0.44128 0.41002 -0.01304 0.01094 -0.00490 5.92228e-02 1.80032e-03 -5.7906996262e-01 -5.1804682080e-01
182.005 -0.00000 0.00000 -0.00000 -0.00000 -0.00000 -0.00000 -5.4612e-03 5.1848e-01 -2.0600e-02 -1.4154e-04 2.2845e-01 -1.0634e-05 0.40730 0.44131 0.41766 0.00405 0.01658 0.00087 5.92228e-02 1.80042e-03 -5.7907003724e-01 -5.1804683449e-01
184.005 -0.00000 -0.00000 -0.00000 0.00000 -0.00000 -0.00000 -2.1138e-02 5.1847e-01 -4.5378e-03 -1.4154e-04 2.2845e-01 -1.0634e-05 0.41609 0.44133 0.40885 0.01672 0.00370 0.00346 5.92227e-02 1.80052e-03 -5.7907009254e-01 -5.1804684826e-01
186.005 -0.00000 0.00000 -0.00000 -0.00000 -0.00000 -0.00000 -1.3646e-02 5.1847e-01 1.6709e-02 -1.4154e-04 2.2845e-01 -1.0634e-05 0.41300 0.44133 0.41194 0.01075 -0.01342 -0.00473 5.92226e-02 1.80063e-03 -5.7907012587e-01 -5.1804686209e-01
188.005 0.00000 -0.00000 -0.00000 -0.00000 -0.00000 -0.00000 8.8027e-03 5.1849e-01 1.9418e-02 -1.4154e-04 2.2845e-01 -1.0634e-05 0.40861 0.44131 0.41634 -0.00730 -0.01565 0.00235 5.92225e-02 1.80073e-03 -5.7907013509e-01 -5.1804687600e-01
190.005 0.00000 -0.00000 0.00000 -0.00000 -0.00000 -0.00000 2.1230e-02 5.1849e-01 4.3597e-04 -1.4154e-04 2.2845e-01 -1.0634e-05 0.41650 0.44131 0.40846 -0.01733 -0.00043 0.00150 5.92224e-02 1.80082e-03 -5.7907011868e-01 -5.1804688997e-01
192.005 -0.00000 -0.00000 -0.00000 0.00000 -0.00000 -0.00000 9.7033e-03 5.1848e-01 -1.9188e-02 -1.4154e-04 2.2845e-01 -1.0634e-05 0.41120 0.44133 0.41374 -0.00811 0.01536 -0.00386 5.92223e-02 1.80091e-03 -5.7907007590e-01 -5.1804690401e-01
194.005 -0.00000 0.00000 -0.00000 -0.00000 -0.00000 -0.00000 -1.3059e-02 5.1847e-01 -1.7576e-02 -1.4154e-04 2.2845e-01 -1.0634e-05 0.41041 0.44135 0.41451 0.01018 0.01411 0.00326 5.92221e-02 1.80098e-03 -5.7907000675e-01 -5.1804691810e-01
196.005 -0.00000 0.00000 0.00000 -0.00000 -0.00000 -0.00000 -2.1755e-02 5.1846e-01 3.5760e-03 -1.4154e-04 2.2845e-01 -1.0634e-05 0.41609 0.44137 0.40881 0.01719 -0.00286 -0.00054 5.92219e-02 1.80105e-03 -5.7906991209e-01 -5.1804693224e-01
198.005 -0.00000 -0.00000 -0.00000 -0.00000 -0.00000 -0.00000 -6.6543e-03 5.1847e-01 2.0801e-02 -1.4154e-04 2.2845e-01 -1.0634e-05 0.40974 0.44135 0.41517 0.00508 -0.01671 -0.00232 5.92218e-02 1.80109e-03 -5.7906979355e-01 -5.1804694641e-01
200.000 0.00000 0.00000 -0.00000 -0.00000 -0.00000 -0.00000 1.5472e-02 5.1848e-01 1.4980e-02 -1.4154e-04 2.2845e-01 -1.0634e-05 0.41250 0.44133 0.41243 -0.01268 -0.01204 0.00352 5.92216e-02 1.80113e-03 -5.7906965392e-01 -5.1804696058e-01
