# t x y z vx vy vz omx omy omz llx lly llz Ixx Iyy Izz Ixy Iyz Ixz KErot PEspr PEgrav Etot
0.000 -0.00000 -0.00000 0.00000 -0.00000 -0.00000 -0.00000 1.4748e-01 7.0920e-01 -1.4538e-01 -2.6284e-04 4.7153e-01 -2.6633e-06 0.62209 0.72707 0.62426 -0.15131 0.14985 -0.10523 1.67185e-01 1.15800e-29 -5.1067560925e-01 -3.4349067828e-01
2.005 -0.00000 0.00000 0.00000 -0.00000 -0.00000 0.00000 -1.7024e-01 7.0376e-01 -1.0334e-01 -2.6284e-04 4.7153e-01 -2.6633e-06 0.67017 0.72849 0.56594 0.17652 0.10743 0.10060 1.65951e-01 1.18403e-03 -5.1189518530e-01 -3.4476036135e-01
4.005 0.00000 0.00000 0.00000 -0.00000 -0.00000 0.00000 -6.2076e-02 7.0263e-01 1.8683e-01 -2.6284e-04 4.7153e-01 -2.6633e-06 0.52533 0.72865 0.71035 0.06446 -0.19501 -0.06927 1.65680e-01 1.33595e-03 -5.1194170554e-01 -3.4492609551e-01
6.000 -0.00000 -0.00000 0.00000 -0.00000 -0.00000 0.00000 1.9644e-01 7.0253e-01 1.7773e-02 -2.6284e-04 4.7153e-01 -2.6633e-06 0.72949 0.72901 0.50590 -0.20497 -0.01960 0.02429 1.65624e-01 1.30942e-03 -5.1192460497e-01 -3.4499145756e-01
8.000 -0.00000 -0.00000 0.00000 -0.00000 -0.00000 0.00000 -2.8315e-02 7.0240e-01 -1.9780e-01 -2.6284e-04 4.7153e-01 -2.6633e-06 0.50910 0.73024 0.72513 0.02776 0.20529 0.02703 1.65620e-01 1.27352e-03 -5.1190369352e-01 -3.4500980500e-01
10.000 -0.00000 0.00000 0.00000 -0.00000 -0.00000 0.00000 -1.8792e-01 7.0230e-01 7.1691e-02 -2.6284e-04 4.7153e-01 -2.6633e-06 0.69842 0.73091 0.53520 0.19401 -0.07430 -0.07348 1.65617e-01 1.24539e-03 -5.1189015194e-01 -3.4502765593e-01
12.005 -0.00000 0.00000 -0.00000 -0.00000 -0.00000 0.00000 1.1148e-01 7.0238e-01 1.6524e-01 -2.6284e-04 4.7153e-01 -2.6633e-06 0.57955 0.73009 0.65489 -0.11709 -0.17075 0.10512 1.65597e-01 1.25410e-03 -5.1189628918e-01 -3.4504548261e-01
14.005 0.00000 -0.00000 -0.00000 -0.00000 -0.00000 0.00000 1.3330e-01 7.0225e-01 -1.4534e-01 -2.6284e-04 4.7153e-01 -2.6633e-06 0.60509 0.72926 0.63017 -0.13878 0.15201 -0.11379 1.65565e-01 1.28274e-03 -5.1191137698e-01 -3.4506337205e-01
16.005 -0.00000 0.00000 -0.00000 -0.00000 0.00000 0.00000 -1.7266e-01 7.0199e-01 -9.5458e-02 -2.6284e-04 4.7153e-01 -2.6633e-06 0.67702 0.72948 0.55804 0.17953 0.10008 0.09838 1.65543e-01 1.29085e-03 -5.1191525991e-01 -3.4508118988e-01
18.005 -0.00000 -0.00000 0.00000 -0.00000 -0.00000 0.00000 -5.3521e-02 7.0200e-01 1.9132e-01 -2.6284e-04 4.7153e-01 -2.6633e-06 0.52300 0.73013 0.71144 0.05641 -0.19863 -0.06203 1.65531e-01 1.27204e-03 -5.1190227340e-01 -3.4509901682e-01
20.000 -0.00000 0.00000 0.00000 -0.00000 -0.00000 0.00000 1.9979e-01 7.0207e-01 9.5513e-03 -2.6284e-04 4.7153e-01 -2.6633e-06 0.72646 0.73076 0.50737 -0.20728 -0.01063 0.01308 1.65513e-01 1.25672e-03 -5.1188710113e-01 -3.4511687690e-01
22.000 -0.00000 0.00000 -0.00000 -0.00000 -0.00000 0.00000 -3.5524e-02 7.0189e-01 -1.9738e-01 -2.6284e-04 4.7153e-01 -2.6633e-06 0.51416 0.73112 0.71930 0.03686 0.20429 0.03988 1.65502e-01 1.24779e-03 -5.1188447126e-01 -3.4513477014e-01
24.000 -0.00000 0.00000 0.00000 -0.00000 -0.00000 0.00000 -1.8311e-01 7.0175e-01 7.8010e-02 -2.6284e-04 4.7153e-01 -2.6633e-06 0.69150 0.73051 0.54253 0.18943 -0.08231 -0.08428 1.65489e-01 1.25693e-03 -5.1189835133e-01 -3.4515263379e-01
26.000 -0.00000 0.00000 -0.00000 -0.00000 0.00000 0.00000 1.1707e-01 7.0182e-01 1.5815e-01 -2.6284e-04 4.7153e-01 -2.6633e-06 0.58578 0.72950 0.64922 -0.12297 -0.16472 0.11042 1.65464e-01 1.28107e-03 -5.1191500595e-01 -3.4517031384e-01
28.000 0.00000 0.00000 0.00000 -0.00000 0.00000 0.00000 1.2589e-01 7.0175e-01 -1.5180e-01 -2.6284e-04 4.7153e-01 -2.6633e-06 0.60004 0.72977 0.63468 -0.13245 0.15755 -0.11292 1.65448e-01 1.27987e-03 -5.1191626895e-01 -3.4518793572e-01
30.000 -0.00000 -0.00000 -0.00000 -0.00000 0.00000 0.00000 -1.7896e-01 7.0152e-01 -8.8862e-02 -2.6284e-04 4.7153e-01 -2.6633e-06 0.68018 0.73111 0.55321 0.18472 0.09338 0.09138 1.65433e-01 1.26529e-03 -5.1190442300e-01 -3.4520577378e-01
32.000 -0.00000 0.00000 -0.00000 -0.00000 0.00000 0.00000 -4.7414e-02 7.0151e-01 1.9512e-01 -2.6284e-04 4.7153e-01 -2.6633e-06 0.51920 0.73162 0.71367 0.04873 -0.20191 -0.05037 1.65414e-01 1.25782e-03 -5.1189534849e-01 -3.4522371183e-01
34.000 0.00000 -0.00000 -0.00000 -0.00000 0.00000 0.00000 1.9945e-01 7.0159e-01 2.4052e-03 -2.6284e-04 4.7153e-01 -2.6633e-06 0.72757 0.73100 0.50591 -0.20721 -0.00146 -0.00099 1.65401e-01 1.25705e-03 -5.1189970373e-01 -3.4524166198e-01
36.000 -0.00000 0.00000 -0.00000 -0.00000 0.00000 -0.00000 -4.3298e-02 7.0138e-01 -1.9310e-01 -2.6284e-04 4.7153e-01 -2.6633e-06 0.51579 0.73042 0.71827 0.04560 0.20092 0.05132 1.65383e-01 1.27095e-03 -5.1191319831e-01 -3.4525948217e-01
38.000 0.00000 -0.00000 0.00000 -0.00000 0.00000 -0.00000 -1.7717e-01 7.0123e-01 8.6770e-02 -2.6284e-04 4.7153e-01 -2.6633e-06 0.68780 0.73026 0.54644 0.18457 -0.09041 -0.09019 1.65364e-01 1.27799e-03 -5.1191859794e-01 -3.4527706583e-01
40.005 0.00000 -0.00000 -0.00000 -0.00000 0.00000 -0.00000 1.2692e-01 7.0133e-01 1.5200e-01 -2.6284e-04 4.7153e-01 -2.6633e-06 0.59280 0.73059 0.64115 -0.13156 -0.15892 0.11029 1.65349e-01 1.26402e-03 -5.1190767024e-01 -3.4529474822e-01
42.005 -0.00000 -0.00000 -0.00000 -0.00000 0.00000 0.00000 1.1992e-01 7.0124e-01 -1.6006e-01 -2.6284e-04 4.7153e-01 -2.6633e-06 0.58910 0.73159 0.64387 -0.12546 0.16520 -0.10666 1.65328e-01 1.25153e-03 -5.1189172741e-01 -3.4531255569e-01
44.005 0.00000 -0.00000 -0.00000 -0.00000 0.00000 -0.00000 -1.8354e-01 7.0100e-01 -8.1909e-02 -2.6284e-04 4.7153e-01 -2.6633e-06 0.69008 0.73219 0.54228 0.18972 0.08445 0.08055 1.65312e-01 1.24391e-03 -5.1188664407e-01 -3.4533042673e-01
46.005 -0.00000 0.00000 -0.00000 -0.00000 0.00000 -0.00000 -3.8777e-02 7.0104e-01 1.9528e-01 -2.6284e-04 4.7153e-01 -2.6633e-06 0.51162 0.73133 0.72158 0.03852 -0.20311 -0.03802 1.65300e-01 1.24983e-03 -5.1189856307e-01 -3.4534829864e-01
48.005 -0.00000 -0.00000 -0.00000 -0.00000 0.00000 -0.00000 1.9663e-01 7.0107e-01 -7.9237e-03 -2.6284e-04 4.7153e-01 -2.6633e-06 0.73080 0.73031 0.50337 -0.20547 0.00887 -0.01135 1.65278e-01 1.27172e-03 -5.1191590436e-01 -3.4536596628e-01
50.005 -0.00000 -0.00000 -0.00000 -0.00000 0.00000 -0.00000 -5.4657e-02 7.0087e-01 -1.8968e-01 -2.6284e-04 4.7153e-01 -2.6633e-06 0.51864 0.73072 0.71511 0.05570 0.19804 0.05776 1.65263e-01 1.27333e-03 -5.1191970190e-01 -3.4538349142e-01
52.005 0.00000 -0.00000 -0.00000 -0.00000 0.00000 -0.00000 -1.7402e-01 7.0074e-01 9.7618e-02 -2.6284e-04 4.7153e-01 -2.6633e-06 0.67797 0.73179 0.55470 0.18089 -0.10027 -0.09259 1.65249e-01 1.25914e-03 -5.1190896940e-01 -3.4540120737e-01
54.005 -0.00000 0.00000 0.00000 -0.00000 0.00000 -0.00000 1.3467e-01 7.0083e-01 1.4842e-01 -2.6284e-04 4.7153e-01 -2.6633e-06 0.60458 0.73221 0.62768 -0.13956 -0.15380 0.10863 1.65228e-01 1.25157e-03 -5.1189864919e-01 -3.4541907828e-01
56.005 -0.00000 -0.00000 0.00000 -0.00000 0.00000 -0.00000 1.1397e-01 7.0075e-01 -1.6422e-01 -2.6284e-04 4.7153e-01 -2.6633e-06 0.57516 0.73204 0.65725 -0.11783 0.17062 -0.10204 1.65214e-01 1.25006e-03 -5.1190100062e-01 -3.4543698028e-01
58.005 0.00000 0.00000 0.00000 -0.00000 0.00000 -0.00000 -1.8447e-01 7.0052e-01 -7.3231e-02 -2.6284e-04 4.7153e-01 -2.6633e-06 0.70099 0.73154 0.53193 0.19199 0.07519 0.07439 1.65197e-01 1.26196e-03 -5.1191409306e-01 -3.4545478569e-01
60.005 -0.00000 0.00000 0.00000 -0.00000 0.00000 -0.00000 -2.8152e-02 7.0052e-01 1.9498e-01 -2.6284e-04 4.7153e-01 -2.6633e-06 0.50707 0.73091 0.72649 0.02887 -0.20349 -0.03184 1.65177e-01 1.27170e-03 -5.1192152663e-01 -3.4547233723e-01
62.005 -0.00000 -0.00000 -0.00000 -0.00000 0.00000 -0.00000 1.9673e-01 7.0059e-01 -1.8957e-02 -2.6284e-04 4.7153e-01 -2.6633e-06 0.72819 0.73121 0.50511 -0.20533 0.01852 -0.01728 1.65163e-01 1.25912e-03 -5.1191250070e-01 -3.4548988984e-01
64.005 -0.00000 0.00000 -0.00000 -0.00000 0.00000 -0.00000 -6.4460e-02 7.0035e-01 -1.8951e-01 -2.6284e-04 4.7153e-01 -2.6633e-06 0.52643 0.73253 0.70557 0.06529 0.19677 0.06360 1.65143e-01 1.24575e-03 -5.1189625455e-01 -3.4550761675e-01
66.005 0.00000 0.00000 0.00000 -0.00000 0.00000 -0.00000 -1.7146e-01 7.0022e-01 1.0500e-01 -2.6284e-04 4.7153e-01 -2.6633e-06 0.66422 0.73304 0.56727 0.17687 -0.10891 -0.09736 1.65126e-01 1.23779e-03 -5.1188904919e-01 -3.4552541978e-01
68.005 0.00000 -0.00000 -0.00000 -0.00000 0.00000 0.00000 1.3927e-01 7.0035e-01 1.4221e-01 -2.6284e-04 4.7153e-01 -2.6633e-06 0.61857 0.73208 0.61385 -0.14590 -0.14670 0.11088 1.65115e-01 1.24096e-03 -5.1189900381e-01 -3.4554324306e-01
70.005 0.00000 0.00000 0.00000 -0.00000 0.00000 0.00000 1.0463e-01 7.0024e-01 -1.6711e-01 -2.6284e-04 4.7153e-01 -2.6633e-06 0.56495 0.73132 0.66819 -0.10893 0.17457 -0.10114 1.65093e-01 1.26256e-03 -5.1191679777e-01 -3.4556089125e-01
72.005 -0.00000 -0.00000 0.00000 -0.00000 0.00000 -0.00000 -1.8740e-01 7.0000e-01 -6.2494e-02 -2.6284e-04 4.7153e-01 -2.6633e-06 0.70579 0.73165 0.52701 0.19484 0.06582 0.07012 1.65077e-01 1.26774e-03 -5.1192286224e-01 -3.4557835725e-01
74.005 -0.00000 -0.00000 -0.00000 -0.00000 0.00000 -0.00000 -1.7845e-02 7.0004e-01 1.9818e-01 -2.6284e-04 4.7153e-01 -2.6633e-06 0.50744 0.73232 0.72469 0.01933 -0.20577 -0.02391 1.65064e-01 1.25381e-03 -5.1191329756e-01 -3.4559598583e-01
76.005 0.00000 0.00000 -0.00000 -0.00000 0.00000 -0.00000 1.9828e-01 7.0008e-01 -2.7826e-02 -2.6284e-04 4.7153e-01 -2.6633e-06 0.72103 0.73293 0.51048 -0.20570 0.02823 -0.02805 1.65043e-01 1.24529e-03 -5.1190208813e-01 -3.4561378583e-01
78.005 -0.00000 -0.00000 0.00000 -0.00000 0.00000 -0.00000 -7.1570e-02 6.9986e-01 -1.8724e-01 -2.6284e-04 4.7153e-01 -2.6633e-06 0.53582 0.73317 0.69545 0.07435 0.19367 0.07449 1.65028e-01 1.24296e-03 -5.1190269058e-01 -3.4563162731e-01
80.005 -0.00000 0.00000 -0.00000 -0.00000 0.00000 -0.00000 -1.6498e-01 6.9975e-01 1.1072e-01 -2.6284e-04 4.7153e-01 -2.6633e-06 0.65413 0.73245 0.57785 0.17049 -0.11622 -0.10513 1.65013e-01 1.25317e-03 -5.1191516746e-01 -3.4564939746e-01
82.005 -0.00000 0.00000 -0.00000 -0.00000 0.00000 -0.00000 1.4483e-01 6.9983e-01 1.3311e-01 -2.6284e-04 4.7153e-01 -2.6633e-06 0.62694 0.73155 0.60595 -0.15169 -0.13872 0.11337 1.64992e-01 1.26496e-03 -5.1192411877e-01 -3.4566691657e-01
84.005 0.00000 -0.00000 -0.00000 -0.00000 0.00000 -0.00000 9.5162e-02 6.9974e-01 -1.7325e-01 -2.6284e-04 4.7153e-01 -2.6633e-06 0.55960 0.73207 0.67281 -0.10059 0.17982 -0.09739 1.64978e-01 1.25417e-03 -5.1191681565e-01 -3.4568439594e-01
86.005 0.00000 -0.00000 0.00000 -0.00000 0.00000 -0.00000 -1.9287e-01 6.9950e-01 -5.3861e-02 -2.6284e-04 4.7153e-01 -2.6633e-06 0.70707 0.73342 0.52402 0.19922 0.05697 0.06028 1.64958e-01 1.24006e-03 -5.1190056924e-01 -3.4570204876e-01
88.005 0.00000 0.00000 -0.00000 -0.00000 0.00000 -0.00000 -9.9980e-03 6.9953e-01 2.0054e-01 -2.6284e-04 4.7153e-01 -2.6633e-06 0.50752 0.73370 0.72329 0.00974 -0.20750 -0.00999 1.64940e-01 1.23168e-03 -5.1189174787e-01 -3.4571978643e-01
90.005 -0.00000 0.00000 -0.00000 -0.00000 0.00000 -0.00000 1.9603e-01 6.9959e-01 -3.5258e-02 -2.6284e-04 4.7153e-01 -2.6633e-06 0.71757 0.73295 0.51396 -0.20357 0.03770 -0.04212 1.64930e-01 1.23279e-03 -5.1189997162e-01 -3.4573755281e-01
92.005 0.00000 0.00000 0.00000 -0.00000 0.00000 -0.00000 -7.9173e-02 6.9935e-01 -1.8116e-01 -2.6284e-04 4.7153e-01 -2.6633e-06 0.54134 0.73244 0.69067 0.08281 0.18847 0.08453 1.64909e-01 1.25359e-03 -5.1191785924e-01 -3.4575517140e-01
94.005 0.00000 0.00000 0.00000 -0.00000 0.00000 -0.00000 -1.5745e-01 6.9924e-01 1.1910e-01 -2.6284e-04 4.7153e-01 -2.6633e-06 0.64820 0.73240 0.58382 0.16408 -0.12391 -0.10863 1.64891e-01 1.26173e-03 -5.1192570800e-01 -3.4577258328e-01
96.005 0.00000 0.00000 -0.00000 -0.00000 0.00000 0.00000 1.5336e-01 6.9936e-01 1.2597e-01 -2.6284e-04 4.7153e-01 -2.6633e-06 0.63313 0.73286 0.59844 -0.15899 -0.13188 0.10980 1.64879e-01 1.24837e-03 -5.1191726311e-01 -3.4579013078e-01
98.005 -0.00000 -0.00000 -0.00000 -0.00000 0.00000 -0.00000 8.8400e-02 6.9923e-01 -1.7981e-01 -2.6284e-04 4.7153e-01 -2.6633e-06 0.55126 0.73384 0.67932 -0.09261 0.18577 -0.08767 1.64859e-01 1.23904e-03 -5.1190550804e-01 -3.4580786168e-01
100.005 -0.00000 -0.00000 0.00000 -0.00000 0.00000 -0.00000 -1.9535e-01 6.9901e-01 -4.6571e-02 -2.6284e-04 4.7153e-01 -2.6633e-06 0.71291 0.73419 0.51730 0.20199 0.04757 0.04691 1.64843e-01 1.23612e-03 -5.1190471505e-01 -3.4582564183e-01
102.005 -0.00000 0.00000 -0.00000 -0.00000 0.00000 -0.00000 -1.6063e-03 6.9906e-01 1.9858e-01 -2.6284e-04 4.7153e-01 -2.6633e-06 0.50446 0.73317 0.72677 -0.00009 -0.20645 0.00307 1.64828e-01 1.24487e-03 -5.1191653496e-01 -3.4584336846e-01
104.005 -0.00000 0.00000 0.00000 -0.00000 0.00000 -0.00000 1.9148e-01 6.9908e-01 -4.4958e-02 -2.6284e-04 4.7153e-01 -2.6633e-06 0.71717 0.73235 0.51490 -0.20011 0.04714 -0.05122 1.64808e-01 1.25798e-03 -5.1192654433e-01 -3.4586085150e-01
106.005 -0.00000 0.00000 0.00000 -0.00000 0.00000 -0.00000 -8.9667e-02 6.9886e-01 -1.7642e-01 -2.6284e-04 4.7153e-01 -2.6633e-06 0.54618 0.73304 0.68524 0.09196 0.18429 0.08817 1.64794e-01 1.24887e-03 -5.1192066346e-01 -3.4587826310e-01
108.005 -0.00000 0.00000 -0.00000 -0.00000 0.00000 -0.00000 -1.5309e-01 6.9874e-01 1.2874e-01 -2.6284e-04 4.7153e-01 -2.6633e-06 0.63771 0.73412 0.59265 0.15906 -0.13265 -0.10704 1.64774e-01 1.23426e-03 -5.1190457159e-01 -3.4589584429e-01
110.005 0.00000 0.00000 0.00000 -0.00000 0.00000 -0.00000 1.6008e-01 6.9884e-01 1.2069e-01 -2.6284e-04 4.7153e-01 -2.6633e-06 0.64494 0.73433 0.58522 -0.16603 -0.12485 0.10377 1.64756e-01 1.22555e-03 -5.1189459119e-01 -3.4591351746e-01
112.005 0.00000 0.00000 -0.00000 -0.00000 0.00000 -0.00000 8.0985e-02 6.9875e-01 -1.8241e-01 -2.6284e-04 4.7153e-01 -2.6633e-06 0.53934 0.73399 0.69113 -0.08346 0.18956 -0.07883 1.64745e-01 1.22521e-03 -5.1190141672e-01 -3.4593122435e-01
114.005 -0.00000 -0.00000 0.00000 -0.00000 0.00000 -0.00000 -1.9462e-01 6.9851e-01 -3.6859e-02 -2.6284e-04 4.7153e-01 -2.6633e-06 0.72097 0.73345 0.51000 0.20250 0.03747 0.03790 1.64725e-01 1.24508e-03 -5.1191920395e-01 -3.4594880511e-01
116.005 0.00000 0.00000 0.00000 -0.00000 0.00000 -0.00000 9.6702e-03 6.9855e-01 1.9682e-01 -2.6284e-04 4.7153e-01 -2.6633e-06 0.50315 0.73301 0.72823 -0.01023 -0.20533 0.01026 1.64707e-01 1.25539e-03 -5.1192836134e-01 -3.4596616493e-01
118.005 -0.00000 -0.00000 0.00000 -0.00000 0.00000 -0.00000 1.9010e-01 6.9859e-01 -5.6275e-02 -2.6284e-04 4.7153e-01 -2.6633e-06 0.71100 0.73357 0.51983 -0.19839 0.05720 -0.05634 1.64695e-01 1.24271e-03 -5.1192086574e-01 -3.4598363715e-01
120.005 -0.00000 -0.00000 0.00000 -0.00000 0.00000 -0.00000 -9.9237e-02 6.9835e-01 -1.7440e-01 -2.6284e-04 4.7153e-01 -2.6633e-06 0.55690 0.73484 0.67266 0.10157 0.18096 0.09132 1.64675e-01 1.23277e-03 -5.1190880817e-01 -3.4600130016e-01
122.005 0.00000 -0.00000 0.00000 -0.00000 0.00000 -0.00000 -1.4848e-01 6.9825e-01 1.3522e-01 -2.6284e-04 4.7153e-01 -2.6633e-06 0.62234 0.73499 0.60706 0.15281 -0.14046 -0.10767 1.64659e-01 1.22944e-03 -5.1190698941e-01 -3.4601901859e-01
124.005 -0.00000 -0.00000 0.00000 -0.00000 0.00000 -0.00000 1.6333e-01 6.9837e-01 1.1268e-01 -2.6284e-04 4.7153e-01 -2.6633e-06 0.65885 0.73387 0.57166 -0.17087 -0.11602 0.10169 1.64644e-01 1.23711e-03 -5.1191822633e-01 -3.4603669540e-01
126.005 -0.00000 0.00000 -0.00000 -0.00000 0.00000 -0.00000 7.0316e-02 6.9823e-01 -1.8402e-01 -2.6284e-04 4.7153e-01 -2.6633e-06 0.53096 0.73334 0.70010 -0.07351 0.19202 -0.07462 1.64624e-01 1.25096e-03 -5.1192892072e-01 -3.4605413736e-01
128.005 -0.00000 -0.00000 -0.00000 -0.00000 0.00000 -0.00000 -1.9641e-01 6.9802e-01 -2.5271e-02 -2.6284e-04 4.7153e-01 -2.6633e-06 0.72256 0.73394 0.50793 0.20409 0.02732 0.03175 1.64609e-01 1.24320e-03 -5.1192410833e-01 -3.4607148532e-01
130.005 -0.00000 0.00000 0.00000 -0.00000 0.00000 -0.00000 2.0429e-02 6.9806e-01 1.9853e-01 -2.6284e-04 4.7153e-01 -2.6633e-06 0.50727 0.73469 0.72251 -0.02049 -0.20603 0.01853 1.64591e-01 1.22830e-03 -5.1190821148e-01 -3.4608899781e-01
132.005 0.00000 -0.00000 0.00000 -0.00000 0.00000 -0.00000 1.8956e-01 6.9807e-01 -6.5124e-02 -2.6284e-04 4.7153e-01 -2.6633e-06 0.69991 0.73512 0.52944 -0.19655 0.06720 -0.06560 1.64572e-01 1.21934e-03 -5.1189746047e-01 -3.4610660733e-01
134.005 0.00000 0.00000 -0.00000 -0.00000 0.00000 -0.00000 -1.0578e-01 6.9786e-01 -1.6981e-01 -2.6284e-04 4.7153e-01 -2.6633e-06 0.56975 0.73507 0.65961 0.11008 0.17551 0.09899 1.64561e-01 1.21808e-03 -5.1190327445e-01 -3.4612425331e-01
136.005 0.00000 0.00000 -0.00000 -0.00000 0.00000 -0.00000 -1.4001e-01 6.9776e-01 1.4013e-01 -2.6284e-04 4.7153e-01 -2.6633e-06 0.61102 0.73425 0.61913 0.14461 -0.14670 -0.11146 1.64542e-01 1.23713e-03 -5.1192089805e-01 -3.4614178875e-01
138.005 0.00000 0.00000 -0.00000 -0.00000 0.00000 -0.00000 1.6814e-01 6.9786e-01 1.0216e-01 -2.6284e-04 4.7153e-01 -2.6633e-06 0.66655 0.73364 0.56418 -0.17567 -0.10679 0.10039 1.64523e-01 1.24888e-03 -5.1193092408e-01 -3.4615909611e-01
140.005 0.00000 -0.00000 0.00000 -0.00000 0.00000 -0.00000 5.9865e-02 6.9774e-01 -1.8918e-01 -2.6284e-04 4.7153e-01 -2.6633e-06 0.52751 0.73449 0.70238 -0.06399 0.19624 -0.06769 1.64511e-01 1.23679e-03 -5.1192412677e-01 -3.4617649872e-01
142.005 -0.00000 0.00000 -0.00000 -0.00000 0.00000 -0.00000 -2.0017e-01 6.9751e-01 -1.5908e-02 -2.6284e-04 4.7153e-01 -2.6633e-06 0.72017 0.73574 0.50846 0.20675 0.01729 0.01984 1.64491e-01 1.22644e-03 -5.1191192418e-01 -3.4619409583e-01
144.005 0.00000 -0.00000 0.00000 -0.00000 0.00000 -0.00000 2.8613e-02 6.9757e-01 1.9848e-01 -2.6284e-04 4.7153e-01 -2.6633e-06 0.51192 0.73563 0.71681 -0.03067 -0.20529 0.03266 1.64475e-01 1.22286e-03 -5.1190944029e-01 -3.4621175242e-01
146.005 0.00000 0.00000 0.00000 -0.00000 0.00000 -0.00000 1.8480e-01 6.9760e-01 -7.2453e-02 -2.6284e-04 4.7153e-01 -2.6633e-06 0.69269 0.73472 0.53695 -0.19196 0.07637 -0.07778 1.64461e-01 1.22982e-03 -5.1192025073e-01 -3.4622937465e-01
148.005 -0.00000 -0.00000 -0.00000 -0.00000 0.00000 -0.00000 -1.1314e-01 6.9735e-01 -1.6177e-01 -2.6284e-04 4.7153e-01 -2.6633e-06 0.57750 0.73439 0.65247 0.11785 0.16851 0.10573 1.64441e-01 1.24404e-03 -5.1193132993e-01 -3.4624676942e-01
150.005 -0.00000 -0.00000 -0.00000 -0.00000 0.00000 -0.00000 -1.3116e-01 6.9728e-01 1.4813e-01 -2.6284e-04 4.7153e-01 -2.6633e-06 0.60426 0.73466 0.62549 0.13688 -0.15378 -0.11107 1.64426e-01 1.23719e-03 -5.1192720083e-01 -3.4626405655e-01
152.005 -0.00000 0.00000 -0.00000 -0.00000 0.00000 -0.00000 1.7568e-01 6.9737e-01 9.3934e-02 -2.6284e-04 4.7153e-01 -2.6633e-06 0.67161 0.73529 0.55753 -0.18207 -0.09849 0.09282 1.64408e-01 1.22214e-03 -5.1191146568e-01 -3.4628150372e-01
154.005 -0.00000 -0.00000 0.00000 -0.00000 0.00000 -0.00000 5.2007e-02 6.9722e-01 -1.9384e-01 -2.6284e-04 4.7153e-01 -2.6633e-06 0.52209 0.73609 0.70626 -0.05449 0.20042 -0.05456 1.64388e-01 1.21303e-03 -5.1190027820e-01 -3.4629905050e-01
156.005 -0.00000 -0.00000 -0.00000 -0.00000 0.00000 -0.00000 -2.0016e-01 6.9703e-01 -7.7536e-03 -2.6284e-04 4.7153e-01 -2.6633e-06 0.72222 0.73603 0.50617 0.20707 0.00698 0.00471 1.64378e-01 1.21127e-03 -5.1190548958e-01 -3.4631663499e-01
158.005 0.00000 0.00000 0.00000 -0.00000 0.00000 -0.00000 3.7539e-02 6.9709e-01 1.9421e-01 -2.6284e-04 4.7153e-01 -2.6633e-06 0.51326 0.73489 0.71622 -0.04063 -0.20198 0.04526 1.64359e-01 1.22979e-03 -5.1192297648e-01 -3.4633411838e-01
160.005 -0.00000 -0.00000 -0.00000 -0.00000 0.00000 -0.00000 1.7863e-01 6.9708e-01 -8.2425e-02 -2.6284e-04 4.7153e-01 -2.6633e-06 0.68870 0.73445 0.54120 -0.18687 0.08568 -0.08463 1.64340e-01 1.24230e-03 -5.1193346587e-01 -3.4635137129e-01
162.005 0.00000 -0.00000 0.00000 -0.00000 0.00000 -0.00000 -1.2341e-01 6.9686e-01 -1.5578e-01 -2.6284e-04 4.7153e-01 -2.6633e-06 0.58446 0.73550 0.64439 0.12681 0.16281 0.10594 1.64328e-01 1.23059e-03 -5.1192706823e-01 -3.4636870955e-01
164.005 -0.00000 -0.00000 -0.00000 -0.00000 0.00000 -0.00000 -1.2532e-01 6.9678e-01 1.5667e-01 -2.6284e-04 4.7153e-01 -2.6633e-06 0.59282 0.73646 0.63508 0.12990 -0.16173 -0.10523 1.64309e-01 1.22003e-03 -5.1191482030e-01 -3.4638624326e-01
166.005 0.00000 -0.00000 -0.00000 -0.00000 0.00000 -0.00000 1.8039e-01 6.9688e-01 8.6975e-02 -2.6284e-04 4.7153e-01 -2.6633e-06 0.68229 0.73628 0.54577 -0.18729 -0.08949 0.08257 1.64292e-01 1.21634e-03 -5.1191201645e-01 -3.4640383804e-01
168.005 0.00000 -0.00000 0.00000 -0.00000 0.00000 -0.00000 4.3142e-02 6.9675e-01 -1.9409e-01 -2.6284e-04 4.7153e-01 -2.6633e-06 0.51360 0.73572 0.71501 -0.04413 0.20183 -0.04291 1.64278e-01 1.22297e-03 -5.1192260468e-01 -3.4642140202e-01
170.005 -0.00000 0.00000 -0.00000 -0.00000 0.00000 -0.00000 -1.9758e-01 6.9653e-01 2.9862e-03 -2.6284e-04 4.7153e-01 -2.6633e-06 0.72606 0.73531 0.50296 0.20560 -0.00357 -0.00499 1.64258e-01 1.23730e-03 -5.1193382360e-01 -3.4643874309e-01
172.005 -0.00000 0.00000 -0.00000 -0.00000 0.00000 -0.00000 4.9300e-02 6.9660e-01 1.9124e-01 -2.6284e-04 4.7153e-01 -2.6633e-06 0.51587 0.73526 0.71324 -0.05099 -0.19944 0.05139 1.64243e-01 1.23085e-03 -5.1192997730e-01 -3.4645597123e-01
174.005 -0.00000 0.00000 -0.00000 -0.00000 0.00000 -0.00000 1.7590e-01 6.9660e-01 -9.3488e-02 -2.6284e-04 4.7153e-01 -2.6633e-06 0.67867 0.73610 0.54965 -0.18347 0.09581 -0.08729 1.64225e-01 1.21578e-03 -5.1191432403e-01 -3.4647335662e-01
176.005 -0.00000 -0.00000 -0.00000 -0.00000 0.00000 -0.00000 -1.3186e-01 6.9634e-01 -1.5177e-01 -2.6284e-04 4.7153e-01 -2.6633e-06 0.59771 0.73712 0.62959 0.13576 0.15715 0.10529 1.64206e-01 1.20661e-03 -5.1190300144e-01 -3.4649084158e-01
178.005 0.00000 0.00000 -0.00000 -0.00000 0.00000 -0.00000 -1.1844e-01 6.9630e-01 1.6137e-01 -2.6284e-04 4.7153e-01 -2.6633e-06 0.57767 0.73675 0.64997 0.12140 -0.16789 -0.10146 1.64195e-01 1.20472e-03 -5.1190802582e-01 -3.4650836446e-01
180.005 -0.00000 0.00000 -0.00000 -0.00000 0.00000 -0.00000 1.8191e-01 6.9639e-01 7.7042e-02 -2.6284e-04 4.7153e-01 -2.6633e-06 0.69417 0.73555 0.53463 -0.19020 -0.07921 0.07679 1.64177e-01 1.22307e-03 -5.1192545259e-01 -3.4652578972e-01
182.005 -0.00000 0.00000 -0.00000 -0.00000 0.00000 -0.00000 3.1237e-02 6.9623e-01 -1.9455e-01 -2.6284e-04 4.7153e-01 -2.6633e-06 0.50881 0.73544 0.72008 -0.03337 0.20284 -0.03637 1.64157e-01 1.23571e-03 -5.1193602523e-01 -3.4654298537e-01
184.005 -0.00000 -0.00000 -0.00000 -0.00000 0.00000 -0.00000 -1.9831e-01 6.9605e-01 1.5061e-02 -2.6284e-04 4.7153e-01 -2.6633e-06 0.72290 0.73640 0.50503 0.20585 -0.01439 -0.01215 1.64145e-01 1.22410e-03 -5.1192970540e-01 -3.4656026423e-01
186.005 0.00000 -0.00000 0.00000 -0.00000 -0.00000 -0.00000 5.9856e-02 6.9611e-01 1.9111e-01 -2.6284e-04 4.7153e-01 -2.6633e-06 0.52440 0.73706 0.70286 -0.06168 -0.19805 0.05904 1.64126e-01 1.21355e-03 -5.1191748198e-01 -3.4657773719e-01
188.005 -0.00000 -0.00000 0.00000 -0.00000 -0.00000 -0.00000 1.7268e-01 6.9610e-01 -1.0145e-01 -2.6284e-04 4.7153e-01 -2.6633e-06 0.66423 0.73711 0.56298 -0.17884 0.10534 -0.09390 1.64110e-01 1.20987e-03 -5.1191469266e-01 -3.4659527029e-01
190.005 -0.00000 0.00000 -0.00000 -0.00000 -0.00000 -0.00000 -1.3716e-01 6.9587e-01 -1.4443e-01 -2.6284e-04 4.7153e-01 -2.6633e-06 0.61207 0.73674 0.61549 0.14287 0.14921 0.10891 1.64096e-01 1.21654e-03 -5.1192528063e-01 -3.4661277288e-01
192.005 -0.00000 -0.00000 -0.00000 -0.00000 -0.00000 -0.00000 -1.0792e-01 6.9581e-01 1.6533e-01 -2.6284e-04 4.7153e-01 -2.6633e-06 0.56752 0.73602 0.66078 0.11165 -0.17268 -0.10103 1.64076e-01 1.23078e-03 -5.1193642188e-01 -3.4663005373e-01
194.005 -0.00000 0.00000 -0.00000 -0.00000 -0.00000 -0.00000 1.8608e-01 6.9591e-01 6.5432e-02 -2.6284e-04 4.7153e-01 -2.6633e-06 0.69871 0.73593 0.52971 -0.19395 -0.06901 0.07179 1.64061e-01 1.22420e-03 -5.1193245623e-01 -3.4664722434e-01
196.005 0.00000 -0.00000 -0.00000 -0.00000 -0.00000 -0.00000 2.0341e-02 6.9574e-01 -1.9849e-01 -2.6284e-04 4.7153e-01 -2.6633e-06 0.50901 0.73710 0.71828 -0.02286 0.20570 -0.02665 1.64043e-01 1.20920e-03 -5.1191678673e-01 -3.4666455141e-01
198.005 0.00000 -0.00000 -0.00000 -0.00000 -0.00000 -0.00000 -1.9968e-01 6.9553e-01 2.4500e-02 -2.6284e-04 4.7153e-01 -2.6633e-06 0.71618 0.73801 0.51021 0.20612 -0.02518 -0.02509 1.64024e-01 1.20008e-03 -5.1190561727e-01 -3.4668197545e-01
200.000 -0.00000 0.00000 -0.00000 -0.00000 -0.00000 -0.00000 6.6916e-02 6.9564e-01 1.8825e-01 -2.6284e-04 4.7153e-01 -2.6633e-06 0.53290 0.73734 0.69413 -0.07084 -0.19467 0.07096 1.64013e-01 1.19840e-03 -5.1191083510e-01 -3.4669939306e-01
