# t x y z vx vy vz omx omy omz llx lly llz Ixx Iyy Izz Ixy Iyz Ixz KErot PEspr PEgrav Etot
0.000 -0.00000 0.00000 -0.00000 -0.00000 -0.00000 -0.00000 1.0162e-01 6.5094e-01 -1.0487e-01 -1.9782e-04 3.3471e-01 -3.3281e-06 0.48658 0.54168 0.47782 -0.08647 0.08686 -0.06333 1.08928e-01 8.00519e-30 -5.5401668508e-01 -4.4508867377e-01
2.005 -0.00000 0.00000 -0.00000 0.00000 -0.00000 0.00000 -1.0847e-01 6.5246e-01 -9.8840e-02 -1.9782e-04 3.3471e-01 -3.3281e-06 0.47412 0.54010 0.47642 0.08791 0.08247 0.06197 1.09212e-01 1.26330e-03 -5.5679766979e-01 -4.4632260588e-01
4.005 -0.00000 -0.00000 0.00000 -0.00000 0.00000 0.00000 -9.9441e-02 6.5265e-01 1.1010e-01 -1.9782e-04 3.3471e-01 -3.3281e-06 0.47016 0.54043 0.47959 0.08139 -0.08999 -0.05960 1.09235e-01 1.26313e-03 -5.5685127394e-01 -4.4635265527e-01
6.000 0.00000 0.00000 0.00000 0.00000 0.00000 0.00000 1.0998e-01 6.5274e-01 9.8147e-02 -1.9782e-04 3.3471e-01 -3.3281e-06 0.48552 0.54013 0.46457 -0.09105 -0.07988 0.05948 1.09229e-01 1.25101e-03 -5.5684335912e-01 -4.4636317329e-01
8.000 -0.00000 0.00000 0.00000 0.00000 0.00000 0.00000 9.4563e-02 6.5260e-01 -1.1015e-01 -1.9782e-04 3.3471e-01 -3.3281e-06 0.45994 0.53956 0.49075 -0.07729 0.09171 -0.06128 1.09208e-01 1.27446e-03 -5.5684951940e-01 -4.4636676324e-01
10.000 0.00000 -0.00000 0.00000 0.00000 0.00000 0.00000 -1.1088e-01 6.5243e-01 -9.0627e-02 -1.9782e-04 3.3471e-01 -3.3281e-06 0.49367 0.53906 0.45763 0.09242 0.07437 0.06356 1.09200e-01 1.27627e-03 -5.5684626779e-01 -4.4637037442e-01
12.005 0.00000 -0.00000 -0.00000 0.00000 0.00000 0.00000 -8.5992e-02 6.5241e-01 1.1281e-01 -1.9782e-04 3.3471e-01 -3.3281e-06 0.45701 0.53869 0.49475 0.07115 -0.09410 -0.06483 1.09193e-01 1.27230e-03 -5.5683923672e-01 -4.4637369426e-01
14.005 0.00000 -0.00000 -0.00000 0.00000 -0.00000 0.00000 1.1593e-01 6.5248e-01 8.2099e-02 -1.9782e-04 3.3471e-01 -3.3281e-06 0.49413 0.53875 0.45759 -0.09618 -0.06899 0.06422 1.09186e-01 1.26832e-03 -5.5683090788e-01 -4.4637708247e-01
16.005 -0.00000 -0.00000 0.00000 -0.00000 0.00000 0.00000 7.9779e-02 6.5248e-01 -1.2053e-01 -1.9782e-04 3.3471e-01 -3.3281e-06 0.45695 0.53947 0.49402 -0.06749 0.09874 -0.06126 1.09190e-01 1.25713e-03 -5.5682775041e-01 -4.4638048965e-01
18.005 0.00000 -0.00000 -0.00000 -0.00000 -0.00000 0.00000 -1.2438e-01 6.5239e-01 -7.9343e-02 -1.9782e-04 3.3471e-01 -3.3281e-06 0.49615 0.54038 0.45380 0.10123 0.06606 0.05706 1.09196e-01 1.25253e-03 -5.5683205555e-01 -4.4638394378e-01
20.000 0.00000 -0.00000 0.00000 -0.00000 -0.00000 0.00000 -7.9427e-02 6.5245e-01 1.2537e-01 -1.9782e-04 3.3471e-01 -3.3281e-06 0.44901 0.54062 0.50060 0.06468 -0.10273 -0.05370 1.09199e-01 1.25511e-03 -5.5684204876e-01 -4.4638748213e-01
22.000 -0.00000 0.00000 0.00000 -0.00000 -0.00000 0.00000 1.2493e-01 6.5255e-01 7.7074e-02 -1.9782e-04 3.3471e-01 -3.3281e-06 0.50673 0.54010 0.44338 -0.10348 -0.06237 0.05221 1.09196e-01 1.26379e-03 -5.5685104218e-01 -4.4639099405e-01
24.000 0.00000 -0.00000 0.00000 -0.00000 -0.00000 0.00000 7.3107e-02 6.5245e-01 -1.2457e-01 -1.9782e-04 3.3471e-01 -3.3281e-06 0.43902 0.53946 0.51179 -0.05957 0.10362 -0.05276 1.09186e-01 1.27262e-03 -5.5685287557e-01 -4.4639444462e-01
26.000 -0.00000 0.00000 -0.00000 -0.00000 -0.00000 0.00000 -1.2497e-01 6.5228e-01 -6.8822e-02 -1.9782e-04 3.3471e-01 -3.3281e-06 0.51448 0.53902 0.43688 0.10398 0.05647 0.05420 1.09176e-01 1.27195e-03 -5.5684556691e-01 -4.4639782964e-01
28.000 0.00000 0.00000 -0.00000 -0.00000 -0.00000 0.00000 -6.4536e-02 6.5226e-01 1.2629e-01 -1.9782e-04 3.3471e-01 -3.3281e-06 0.43684 0.53880 0.51483 0.05357 -0.10513 -0.05501 1.09168e-01 1.26461e-03 -5.5683330557e-01 -4.4640117853e-01
30.000 0.00000 0.00000 0.00000 -0.00000 -0.00000 0.00000 1.2920e-01 6.5235e-01 6.0523e-02 -1.9782e-04 3.3471e-01 -3.3281e-06 0.51381 0.53904 0.43764 -0.10706 -0.05128 0.05387 1.09163e-01 1.25559e-03 -5.5682265124e-01 -4.4640454672e-01
32.000 0.00000 -0.00000 -0.00000 -0.00000 -0.00000 0.00000 5.7958e-02 6.5230e-01 -1.3338e-01 -1.9782e-04 3.3471e-01 -3.3281e-06 0.43748 0.53988 0.51308 -0.04946 0.10938 -0.05029 1.09163e-01 1.24868e-03 -5.5681921989e-01 -4.4640795554e-01
34.000 0.00000 -0.00000 -0.00000 -0.00000 -0.00000 0.00000 -1.3659e-01 6.5222e-01 -5.7165e-02 -1.9782e-04 3.3471e-01 -3.3281e-06 0.51448 0.54069 0.43516 0.11140 0.04760 0.04517 1.09167e-01 1.24627e-03 -5.5682470621e-01 -4.4641142812e-01
36.000 0.00000 -0.00000 -0.00000 -0.00000 -0.00000 -0.00000 -5.6313e-02 6.5229e-01 1.3710e-01 -1.9782e-04 3.3471e-01 -3.3281e-06 0.43092 0.54070 0.51864 0.04541 -0.11251 -0.04047 1.09170e-01 1.25037e-03 -5.5683567960e-01 -4.4641495146e-01
38.000 -0.00000 0.00000 -0.00000 -0.00000 -0.00000 -0.00000 1.3587e-01 6.5237e-01 5.3582e-02 -1.9782e-04 3.3471e-01 -3.3281e-06 0.52410 0.54003 0.42612 -0.11256 -0.04288 0.03782 1.09166e-01 1.26091e-03 -5.5684534327e-01 -4.4641846286e-01
40.005 -0.00000 -0.00000 0.00000 -0.00000 -0.00000 -0.00000 4.8829e-02 6.5225e-01 -1.3511e-01 -1.9782e-04 3.3471e-01 -3.3281e-06 0.42203 0.53939 0.52890 -0.03956 0.11232 -0.03701 1.09155e-01 1.27112e-03 -5.5684794331e-01 -4.4642191610e-01
42.005 -0.00000 0.00000 -0.00000 -0.00000 -0.00000 -0.00000 -1.3513e-01 6.5208e-01 -4.4405e-02 -1.9782e-04 3.3471e-01 -3.3281e-06 0.53111 0.53906 0.42025 0.11234 0.03645 0.03780 1.09143e-01 1.27419e-03 -5.5684283188e-01 -4.4642529430e-01
44.005 0.00000 -0.00000 0.00000 -0.00000 -0.00000 -0.00000 -4.0019e-02 6.5209e-01 1.3622e-01 -1.9782e-04 3.3471e-01 -3.3281e-06 0.42052 0.53900 0.53095 0.03348 -0.11326 -0.03819 1.09136e-01 1.26961e-03 -5.5683441963e-01 -4.4642864651e-01
46.005 -0.00000 -0.00000 -0.00000 -0.00000 0.00000 -0.00000 1.3885e-01 6.5220e-01 3.5872e-02 -1.9782e-04 3.3471e-01 -3.3281e-06 0.52923 0.53939 0.42183 -0.11500 -0.03102 0.03669 1.09136e-01 1.26075e-03 -5.5682880967e-01 -4.4643202251e-01
48.005 0.00000 -0.00000 0.00000 -0.00000 0.00000 -0.00000 3.3118e-02 6.5217e-01 -1.4253e-01 -1.9782e-04 3.3471e-01 -3.3281e-06 0.42256 0.54025 0.52756 -0.02889 0.11695 -0.03263 1.09142e-01 1.25297e-03 -5.5683028964e-01 -4.4643546058e-01
50.005 -0.00000 0.00000 0.00000 -0.00000 0.00000 -0.00000 -1.4496e-01 6.5210e-01 -3.2078e-02 -1.9782e-04 3.3471e-01 -3.3281e-06 0.52788 0.54090 0.42148 0.11836 0.02669 0.02682 1.09148e-01 1.25190e-03 -5.5683870191e-01 -4.4643896556e-01
52.005 0.00000 0.00000 0.00000 -0.00000 0.00000 0.00000 -3.0934e-02 6.5216e-01 1.4454e-01 -1.9782e-04 3.3471e-01 -3.3281e-06 0.41858 0.54069 0.53095 0.02426 -0.11869 -0.02125 1.09147e-01 1.25944e-03 -5.5684890932e-01 -4.4644248937e-01
54.005 -0.00000 0.00000 -0.00000 -0.00000 0.00000 0.00000 1.4250e-01 6.5221e-01 2.7933e-02 -1.9782e-04 3.3471e-01 -3.3281e-06 0.53544 0.53991 0.41489 -0.11805 -0.02165 0.01776 1.09139e-01 1.26929e-03 -5.5685381327e-01 -4.4644596133e-01
56.005 0.00000 0.00000 -0.00000 -0.00000 0.00000 0.00000 2.3549e-02 6.5208e-01 -1.4102e-01 -1.9782e-04 3.3471e-01 -3.3281e-06 0.41187 0.53932 0.53915 -0.01879 0.11720 -0.01672 1.09128e-01 1.27233e-03 -5.5684958177e-01 -4.4644935861e-01
58.005 -0.00000 0.00000 -0.00000 -0.00000 0.00000 0.00000 -1.4077e-01 6.5193e-01 -1.9056e-02 -1.9782e-04 3.3471e-01 -3.3281e-06 0.54072 0.53913 0.41060 0.11695 0.01568 0.01708 1.09119e-01 1.26684e-03 -5.5683837800e-01 -4.4645271174e-01
60.005 0.00000 -0.00000 -0.00000 -0.00000 0.00000 0.00000 -1.4639e-02 6.5197e-01 1.4163e-01 -1.9782e-04 3.3471e-01 -3.3281e-06 0.41135 0.53923 0.53992 0.01267 -0.11768 -0.01721 1.09113e-01 1.25772e-03 -5.5682638369e-01 -4.4645606329e-01
62.005 -0.00000 0.00000 -0.00000 -0.00000 0.00000 -0.00000 1.4388e-01 6.5205e-01 1.0430e-02 -1.9782e-04 3.3471e-01 -3.3281e-06 0.53738 0.53977 0.41331 -0.11913 -0.01005 0.01554 1.09111e-01 1.24984e-03 -5.5681996573e-01 -4.4645944897e-01
64.005 -0.00000 0.00000 -0.00000 -0.00000 0.00000 0.00000 7.5598e-03 6.5198e-01 -1.4691e-01 -1.9782e-04 3.3471e-01 -3.3281e-06 0.41510 0.54063 0.53464 -0.00767 0.12059 -0.01131 1.09114e-01 1.24562e-03 -5.5682243088e-01 -4.4646289277e-01
66.005 0.00000 0.00000 0.00000 -0.00000 -0.00000 -0.00000 -1.4845e-01 6.5192e-01 -6.3791e-03 -1.9782e-04 3.3471e-01 -3.3281e-06 0.53370 0.54109 0.41549 0.12128 0.00525 0.00522 1.09119e-01 1.24718e-03 -5.5683213747e-01 -4.4646639636e-01
68.005 -0.00000 0.00000 0.00000 -0.00000 -0.00000 -0.00000 -5.1205e-03 6.5200e-01 1.4710e-01 -1.9782e-04 3.3471e-01 -3.3281e-06 0.41409 0.54064 0.53552 0.00278 -0.12082 0.00073 1.09117e-01 1.25595e-03 -5.5684306895e-01 -4.4646991452e-01
70.005 0.00000 -0.00000 -0.00000 -0.00000 -0.00000 -0.00000 1.4432e-01 6.5203e-01 2.0583e-03 -1.9782e-04 3.3471e-01 -3.3281e-06 0.53891 0.53980 0.41158 -0.11957 -0.00028 -0.00461 1.09108e-01 1.26720e-03 -5.5684851116e-01 -4.4647337980e-01
72.005 -0.00000 -0.00000 0.00000 -0.00000 -0.00000 -0.00000 -2.3451e-03 6.5187e-01 -1.4237e-01 -1.9782e-04 3.3471e-01 -3.3281e-06 0.40933 0.53931 0.54174 0.00246 0.11833 0.00591 1.09096e-01 1.27315e-03 -5.5684580508e-01 -4.4647677231e-01
74.005 0.00000 0.00000 -0.00000 -0.00000 0.00000 -0.00000 -1.4186e-01 6.5174e-01 6.8533e-03 -1.9782e-04 3.3471e-01 -3.3281e-06 0.54258 0.53928 0.40861 0.11786 -0.00553 -0.00565 1.09087e-01 1.27099e-03 -5.5683787011e-01 -4.4648012300e-01
76.005 -0.00000 -0.00000 -0.00000 -0.00000 -0.00000 0.00000 1.1292e-02 6.5181e-01 1.4249e-01 -1.9782e-04 3.3471e-01 -3.3281e-06 0.40991 0.53953 0.54103 -0.00860 -0.11837 0.00547 1.09084e-01 1.26310e-03 -5.5683064736e-01 -4.4648348005e-01
78.005 0.00000 0.00000 0.00000 -0.00000 0.00000 -0.00000 1.4432e-01 6.5191e-01 -1.5502e-02 -1.9782e-04 3.3471e-01 -3.3281e-06 0.53756 0.54014 0.41270 -0.11947 0.01136 -0.00700 1.09088e-01 1.25429e-03 -5.5682942234e-01 -4.4648688829e-01
80.005 0.00000 0.00000 0.00000 -0.00000 -0.00000 -0.00000 -1.8333e-02 6.5186e-01 -1.4662e-01 -1.9782e-04 3.3471e-01 -3.3281e-06 0.41571 0.54093 0.53366 0.01387 0.12034 0.01105 1.09095e-01 1.25037e-03 -5.5683578434e-01 -4.4649036694e-01
82.005 0.00000 -0.00000 0.00000 0.00000 -0.00000 -0.00000 -1.4720e-01 6.5179e-01 1.9465e-02 -1.9782e-04 3.3471e-01 -3.3281e-06 0.53145 0.54116 0.41761 0.12023 -0.01632 -0.01701 1.09097e-01 1.25522e-03 -5.5684616769e-01 -4.4649388641e-01
84.005 0.00000 -0.00000 -0.00000 0.00000 -0.00000 -0.00000 2.0709e-02 6.5186e-01 1.4493e-01 -1.9782e-04 3.3471e-01 -3.3281e-06 0.41769 0.54052 0.53201 -0.01866 -0.11902 0.02290 1.09091e-01 1.26540e-03 -5.5685358556e-01 -4.4649737628e-01
86.005 -0.00000 0.00000 -0.00000 0.00000 -0.00000 -0.00000 1.4149e-01 6.5186e-01 -2.3777e-02 -1.9782e-04 3.3471e-01 -3.3281e-06 0.53431 0.53968 0.41631 -0.11725 0.02099 -0.02676 1.09080e-01 1.27144e-03 -5.5685253860e-01 -4.4650079183e-01
88.005 0.00000 -0.00000 0.00000 0.00000 -0.00000 -0.00000 -2.8170e-02 6.5170e-01 -1.3919e-01 -1.9782e-04 3.3471e-01 -3.3281e-06 0.41480 0.53933 0.53628 0.02361 0.11575 0.02803 1.09070e-01 1.26850e-03 -5.5684314910e-01 -4.4650414986e-01
90.005 0.00000 0.00000 -0.00000 0.00000 -0.00000 -0.00000 -1.3848e-01 6.5160e-01 3.2640e-02 -1.9782e-04 3.3471e-01 -3.3281e-06 0.53641 0.53947 0.41461 0.11508 -0.02665 -0.02764 1.09063e-01 1.25996e-03 -5.5683064827e-01 -4.4650749232e-01
92.005 -0.00000 -0.00000 0.00000 0.00000 -0.00000 -0.00000 3.7012e-02 6.5168e-01 1.3882e-01 -1.9782e-04 3.3471e-01 -3.3281e-06 0.41649 0.53987 0.53413 -0.02975 -0.11533 0.02720 1.09060e-01 1.25129e-03 -5.5682176436e-01 -4.4651085777e-01
94.005 0.00000 0.00000 -0.00000 0.00000 -0.00000 -0.00000 1.4009e-01 6.5175e-01 -4.1116e-02 -1.9782e-04 3.3471e-01 -3.3281e-06 0.52978 0.54054 0.42009 -0.11596 0.03257 -0.02827 1.09061e-01 1.24565e-03 -5.5682114480e-01 -4.4651427454e-01
96.005 0.00000 0.00000 -0.00000 0.00000 -0.00000 -0.00000 -4.3788e-02 6.5167e-01 -1.4156e-01 -1.9782e-04 3.3471e-01 -3.3281e-06 0.42429 0.54120 0.52481 0.03510 0.11613 0.03173 1.09066e-01 1.24497e-03 -5.5682890492e-01 -4.4651775433e-01
98.005 -0.00000 -0.00000 -0.00000 0.00000 -0.00000 -0.00000 -1.4120e-01 6.5162e-01 4.4720e-02 -1.9782e-04 3.3471e-01 -3.3281e-06 0.52144 0.54119 0.42761 0.11523 -0.03738 -0.03707 1.09068e-01 1.25146e-03 -5.5684023380e-01 -4.4652126941e-01
100.005 -0.00000 -0.00000 -0.00000 0.00000 -0.00000 -0.00000 4.5767e-02 6.5169e-01 1.3811e-01 -1.9782e-04 3.3471e-01 -3.3281e-06 0.42898 0.54040 0.52089 -0.03943 -0.11337 0.04246 1.09061e-01 1.26279e-03 -5.5684808378e-01 -4.4652475199e-01
102.005 0.00000 -0.00000 -0.00000 0.00000 -0.00000 -0.00000 1.3413e-01 6.5167e-01 -4.8686e-02 -1.9782e-04 3.3471e-01 -3.3281e-06 0.52225 0.53961 0.42849 -0.11123 0.04147 -0.04596 1.09049e-01 1.27114e-03 -5.5684802742e-01 -4.4652816154e-01
104.005 0.00000 0.00000 0.00000 0.00000 -0.00000 -0.00000 -5.2998e-02 6.5150e-01 -1.3154e-01 -1.9782e-04 3.3471e-01 -3.3281e-06 0.42749 0.53944 0.52351 0.04394 0.10951 0.04690 1.09038e-01 1.27161e-03 -5.5684125426e-01 -4.4653151589e-01
106.005 0.00000 -0.00000 -0.00000 0.00000 -0.00000 -0.00000 -1.3063e-01 6.5142e-01 5.7418e-02 -1.9782e-04 3.3471e-01 -3.3281e-06 0.52304 0.53974 0.42769 0.10865 -0.04695 -0.04610 1.09033e-01 1.26517e-03 -5.5683311885e-01 -4.4653486013e-01
108.005 0.00000 0.00000 -0.00000 0.00000 -0.00000 -0.00000 6.1679e-02 6.5155e-01 1.3066e-01 -1.9782e-04 3.3471e-01 -3.3281e-06 0.43007 0.54022 0.52014 -0.05005 -0.10858 0.04507 1.09035e-01 1.25605e-03 -5.5682951265e-01 -4.4653824216e-01
110.005 0.00000 -0.00000 -0.00000 0.00000 -0.00000 -0.00000 1.3135e-01 6.5163e-01 -6.5534e-02 -1.9782e-04 3.3471e-01 -3.3281e-06 0.51503 0.54087 0.43442 -0.10868 0.05283 -0.04535 1.09042e-01 1.24992e-03 -5.5683351648e-01 -4.4654169238e-01
112.005 -0.00000 -0.00000 -0.00000 0.00000 -0.00000 -0.00000 -6.7841e-02 6.5153e-01 -1.3198e-01 -1.9782e-04 3.3471e-01 -3.3281e-06 0.43964 0.54137 0.50923 0.05517 0.10813 0.04786 1.09046e-01 1.25182e-03 -5.5684325254e-01 -4.4654519905e-01
114.005 -0.00000 -0.00000 0.00000 0.00000 -0.00000 -0.00000 -1.3069e-01 6.5148e-01 6.8417e-02 -1.9782e-04 3.3471e-01 -3.3281e-06 0.50498 0.54113 0.44409 0.10649 -0.05712 -0.05224 1.09043e-01 1.26117e-03 -5.5685242073e-01 -4.4654870026e-01
116.005 -0.00000 0.00000 0.00000 0.00000 -0.00000 -0.00000 6.9217e-02 6.5154e-01 1.2687e-01 -1.9782e-04 3.3471e-01 -3.3281e-06 0.44643 0.54024 0.50359 -0.05880 -0.10410 0.05683 1.09033e-01 1.26951e-03 -5.5685442308e-01 -4.4655213499e-01
118.005 0.00000 -0.00000 -0.00000 0.00000 -0.00000 -0.00000 1.2247e-01 6.5151e-01 -7.1998e-02 -1.9782e-04 3.3471e-01 -3.3281e-06 0.50424 0.53956 0.44658 -0.10169 0.06058 -0.05973 1.09022e-01 1.26943e-03 -5.5684735714e-01 -4.4655550195e-01
120.005 -0.00000 0.00000 0.00000 0.00000 -0.00000 -0.00000 -7.6217e-02 6.5134e-01 -1.1970e-01 -1.9782e-04 3.3471e-01 -3.3281e-06 0.44593 0.53959 0.50495 0.06294 0.09983 0.06018 1.09014e-01 1.26206e-03 -5.5683512534e-01 -4.4655883964e-01
122.005 -0.00000 -0.00000 -0.00000 0.00000 -0.00000 -0.00000 -1.1860e-01 6.5129e-01 8.0506e-02 -1.9782e-04 3.3471e-01 -3.3281e-06 0.50404 0.54005 0.44641 0.09875 -0.06589 -0.05880 1.09009e-01 1.25295e-03 -5.5682441204e-01 -4.4656218877e-01
124.005 -0.00000 -0.00000 -0.00000 -0.00000 -0.00000 -0.00000 8.4519e-02 6.5141e-01 1.1823e-01 -1.9782e-04 3.3471e-01 -3.3281e-06 0.44912 0.54060 0.50071 -0.06892 -0.09828 0.05698 1.09009e-01 1.24614e-03 -5.5682087660e-01 -4.4656558120e-01
126.005 -0.00000 0.00000 0.00000 0.00000 -0.00000 -0.00000 1.1827e-01 6.5145e-01 -8.7974e-02 -1.9782e-04 3.3471e-01 -3.3281e-06 0.49517 0.54120 0.45397 -0.09779 0.07150 -0.05619 1.09014e-01 1.24362e-03 -5.5682625948e-01 -4.4656903541e-01
128.005 0.00000 -0.00000 -0.00000 -0.00000 -0.00000 -0.00000 -8.9772e-02 6.5135e-01 -1.1806e-01 -1.9782e-04 3.3471e-01 -3.3281e-06 0.45985 0.54150 0.48890 0.07349 0.09653 0.05744 1.09017e-01 1.24772e-03 -5.5683718668e-01 -4.4657253944e-01
130.005 0.00000 0.00000 0.00000 -0.00000 -0.00000 -0.00000 -1.1600e-01 6.5131e-01 8.9854e-02 -1.9782e-04 3.3471e-01 -3.3281e-06 0.48418 0.54104 0.46503 0.09429 -0.07495 -0.06061 1.09013e-01 1.25822e-03 -5.5684683718e-01 -4.4657603352e-01
132.005 0.00000 -0.00000 0.00000 0.00000 -0.00000 -0.00000 9.0289e-02 6.5136e-01 1.1162e-01 -1.9782e-04 3.3471e-01 -3.3281e-06 0.46791 0.54010 0.48230 -0.07617 -0.09155 0.06422 1.09002e-01 1.26834e-03 -5.5684943441e-01 -4.4657946095e-01
134.005 0.00000 -0.00000 -0.00000 0.00000 -0.00000 -0.00000 1.0692e-01 6.5130e-01 -9.2868e-02 -1.9782e-04 3.3471e-01 -3.3281e-06 0.48252 0.53959 0.46830 -0.08899 0.07767 -0.06642 1.08990e-01 1.27142e-03 -5.5684434250e-01 -4.4658282313e-01
136.005 -0.00000 -0.00000 0.00000 -0.00000 -0.00000 -0.00000 -9.6980e-02 6.5114e-01 -1.0398e-01 -1.9782e-04 3.3471e-01 -3.3281e-06 0.46768 0.53983 0.48296 0.07993 0.08699 0.06625 1.08983e-01 1.26681e-03 -5.5683596464e-01 -4.4658615999e-01
138.005 0.00000 -0.00000 0.00000 -0.00000 -0.00000 -0.00000 -1.0269e-01 6.5114e-01 1.0111e-01 -1.9782e-04 3.3471e-01 -3.3281e-06 0.48189 0.54040 0.46815 0.08565 -0.08281 -0.06411 1.08983e-01 1.25798e-03 -5.5683042707e-01 -4.4658952028e-01
140.005 0.00000 -0.00000 0.00000 -0.00000 -0.00000 -0.00000 1.0476e-01 6.5130e-01 1.0194e-01 -1.9782e-04 3.3471e-01 -3.3281e-06 0.47095 0.54095 0.47846 -0.08565 -0.08475 0.06128 1.08989e-01 1.25028e-03 -5.5683200341e-01 -4.4659294234e-01
142.005 -0.00000 -0.00000 -0.00000 -0.00000 -0.00000 -0.00000 1.0136e-01 6.5133e-01 -1.0762e-01 -1.9782e-04 3.3471e-01 -3.3281e-06 0.47285 0.54143 0.47598 -0.08368 0.08786 -0.05925 1.08995e-01 1.24936e-03 -5.5684046704e-01 -4.4659643005e-01
144.005 -0.00000 0.00000 0.00000 -0.00000 -0.00000 -0.00000 -1.0874e-01 6.5120e-01 -1.0039e-01 -1.9782e-04 3.3471e-01 -3.3281e-06 0.48213 0.54152 0.46656 0.08932 0.08180 0.05915 1.08994e-01 1.25701e-03 -5.5685060239e-01 -4.4659993502e-01
146.005 -0.00000 -0.00000 -0.00000 0.00000 -0.00000 -0.00000 -9.7638e-02 6.5116e-01 1.0828e-01 -1.9782e-04 3.3471e-01 -3.3281e-06 0.46178 0.54089 0.48757 0.07909 -0.09023 -0.06105 1.08985e-01 1.26674e-03 -5.5685530332e-01 -4.4660338759e-01
148.005 0.00000 -0.00000 -0.00000 0.00000 -0.00000 -0.00000 1.0839e-01 6.5121e-01 9.2824e-02 -1.9782e-04 3.3471e-01 -3.3281e-06 0.49061 0.53998 0.45975 -0.09104 -0.07614 0.06367 1.08975e-01 1.26952e-03 -5.5685084764e-01 -4.4660676661e-01
150.005 0.00000 -0.00000 -0.00000 0.00000 -0.00000 -0.00000 8.7938e-02 6.5115e-01 -1.1081e-01 -1.9782e-04 3.3471e-01 -3.3281e-06 0.45981 0.53967 0.49096 -0.07349 0.09234 -0.06514 1.08966e-01 1.26386e-03 -5.5683954502e-01 -4.4661010339e-01
152.005 -0.00000 -0.00000 -0.00000 0.00000 -0.00000 -0.00000 -1.1477e-01 6.5099e-01 -8.4892e-02 -1.9782e-04 3.3471e-01 -3.3281e-06 0.49018 0.54012 0.46019 0.09450 0.07134 0.06431 1.08960e-01 1.25472e-03 -5.5682766027e-01 -4.4661343993e-01
154.005 -0.00000 0.00000 -0.00000 0.00000 -0.00000 -0.00000 -8.3383e-02 6.5100e-01 1.1860e-01 -1.9782e-04 3.3471e-01 -3.3281e-06 0.45925 0.54078 0.49043 0.06970 -0.09721 -0.06136 1.08958e-01 1.24696e-03 -5.5682153538e-01 -4.4661681104e-01
156.005 -0.00000 -0.00000 0.00000 -0.00000 -0.00000 -0.00000 1.2171e-01 6.5114e-01 8.2215e-02 -1.9782e-04 3.3471e-01 -3.3281e-06 0.49298 0.54130 0.45609 -0.09971 -0.06834 0.05749 1.08961e-01 1.24294e-03 -5.5682433435e-01 -4.4662023996e-01
158.005 0.00000 0.00000 -0.00000 -0.00000 -0.00000 -0.00000 8.1043e-02 6.5114e-01 -1.2382e-01 -1.9782e-04 3.3471e-01 -3.3281e-06 0.45088 0.54162 0.49776 -0.06673 0.10140 -0.05420 1.08966e-01 1.24480e-03 -5.5683420547e-01 -4.4662372714e-01
160.005 -0.00000 -0.00000 0.00000 -0.00000 -0.00000 -0.00000 -1.2417e-01 6.5101e-01 -7.9460e-02 -1.9782e-04 3.3471e-01 -3.3281e-06 0.50369 0.54149 0.44506 0.10221 0.06438 0.05277 1.08964e-01 1.25382e-03 -5.5684498914e-01 -4.4662722588e-01
162.005 -0.00000 0.00000 0.00000 -0.00000 -0.00000 -0.00000 -7.6232e-02 6.5098e-01 1.2311e-01 -1.9782e-04 3.3471e-01 -3.3281e-06 0.44062 0.54074 0.50893 0.06141 -0.10251 -0.05351 1.08954e-01 1.26494e-03 -5.5685004302e-01 -4.4663067014e-01
164.005 -0.00000 0.00000 0.00000 -0.00000 -0.00000 -0.00000 1.2287e-01 6.5103e-01 7.1148e-02 -1.9782e-04 3.3471e-01 -3.3281e-06 0.51171 0.53993 0.43875 -0.10292 -0.05839 0.05528 1.08942e-01 1.27047e-03 -5.5684697400e-01 -4.4663404317e-01
166.005 -0.00000 -0.00000 -0.00000 -0.00000 -0.00000 -0.00000 6.6132e-02 6.5094e-01 -1.2513e-01 -1.9782e-04 3.3471e-01 -3.3281e-06 0.43891 0.53985 0.51169 -0.05568 0.10406 -0.05613 1.08934e-01 1.26792e-03 -5.5683895009e-01 -4.4663737729e-01
168.005 0.00000 -0.00000 0.00000 -0.00000 -0.00000 -0.00000 -1.2892e-01 6.5081e-01 -6.2981e-02 -1.9782e-04 3.3471e-01 -3.3281e-06 0.51042 0.54048 0.43957 0.10610 0.05337 0.05469 1.08931e-01 1.25985e-03 -5.5683199011e-01 -4.4664072045e-01
170.005 -0.00000 0.00000 -0.00000 -0.00000 -0.00000 0.00000 -6.1286e-02 6.5088e-01 1.3237e-01 -1.9782e-04 3.3471e-01 -3.3281e-06 0.43912 0.54115 0.51012 0.05141 -0.10855 -0.05096 1.08936e-01 1.25121e-03 -5.5683125438e-01 -4.4664411624e-01
172.005 0.00000 -0.00000 -0.00000 -0.00000 0.00000 0.00000 1.3478e-01 6.5104e-01 5.9787e-02 -1.9782e-04 3.3471e-01 -3.3281e-06 0.51208 0.54156 0.43664 -0.11055 -0.04964 0.04608 1.08943e-01 1.24783e-03 -5.5683802861e-01 -4.4664758129e-01
174.005 0.00000 0.00000 -0.00000 0.00000 -0.00000 0.00000 5.8144e-02 6.5100e-01 -1.3599e-01 -1.9782e-04 3.3471e-01 -3.3281e-06 0.43225 0.54170 0.51625 -0.04762 0.11156 -0.04168 1.08944e-01 1.25325e-03 -5.5684841071e-01 -4.4665108269e-01
176.005 -0.00000 -0.00000 0.00000 0.00000 -0.00000 -0.00000 -1.3551e-01 6.5085e-01 -5.6060e-02 -1.9782e-04 3.3471e-01 -3.3281e-06 0.52157 0.54139 0.42725 0.11167 0.04495 0.03918 1.08937e-01 1.26342e-03 -5.5685531815e-01 -4.4665454982e-01
178.005 -0.00000 -0.00000 0.00000 0.00000 -0.00000 -0.00000 -5.2459e-02 6.5083e-01 1.3391e-01 -1.9782e-04 3.3471e-01 -3.3281e-06 0.42346 0.54058 0.52626 0.04185 -0.11143 -0.03899 1.08927e-01 1.26879e-03 -5.5685355045e-01 -4.4665794281e-01
180.005 -0.00000 0.00000 -0.00000 0.00000 -0.00000 -0.00000 1.3342e-01 6.5089e-01 4.7199e-02 -1.9782e-04 3.3471e-01 -3.3281e-06 0.52853 0.53992 0.42197 -0.11155 -0.03882 0.04006 1.08917e-01 1.26521e-03 -5.5684369566e-01 -4.4666128204e-01
182.005 -0.00000 0.00000 0.00000 0.00000 -0.00000 -0.00000 4.2130e-02 6.5079e-01 -1.3553e-01 -1.9782e-04 3.3471e-01 -3.3281e-06 0.42244 0.54009 0.52795 -0.03607 0.11256 -0.04041 1.08910e-01 1.25648e-03 -5.5683126821e-01 -4.4666460943e-01
184.005 -0.00000 0.00000 -0.00000 0.00000 0.00000 -0.00000 -1.3904e-01 6.5066e-01 -3.8918e-02 -1.9782e-04 3.3471e-01 -3.3281e-06 0.52601 0.54087 0.42359 0.11441 0.03356 0.03848 1.08907e-01 1.24800e-03 -5.5682297714e-01 -4.4666796225e-01
186.005 -0.00000 -0.00000 0.00000 0.00000 0.00000 -0.00000 -3.7056e-02 6.5074e-01 1.4192e-01 -1.9782e-04 3.3471e-01 -3.3281e-06 0.42395 0.54153 0.52492 0.03128 -0.11643 -0.03413 1.08909e-01 1.24274e-03 -5.5682317330e-01 -4.4667136739e-01
188.005 -0.00000 0.00000 -0.00000 0.00000 0.00000 -0.00000 1.4347e-01 6.5087e-01 3.5274e-02 -1.9782e-04 3.3471e-01 -3.3281e-06 0.52596 0.54179 0.42253 -0.11778 -0.02919 0.02849 1.08914e-01 1.24266e-03 -5.5683150354e-01 -4.4667483429e-01
190.005 -0.00000 -0.00000 -0.00000 0.00000 0.00000 -0.00000 3.3299e-02 6.5081e-01 -1.4371e-01 -1.9782e-04 3.3471e-01 -3.3281e-06 0.41933 0.54174 0.52916 -0.02691 0.11804 -0.02331 1.08915e-01 1.24982e-03 -5.5684276917e-01 -4.4667833090e-01
192.005 -0.00000 -0.00000 0.00000 0.00000 0.00000 -0.00000 -1.4242e-01 6.5066e-01 -3.0929e-02 -1.9782e-04 3.3471e-01 -3.3281e-06 0.53357 0.54127 0.41543 0.11744 0.02414 0.02008 1.08907e-01 1.26119e-03 -5.5684993623e-01 -4.4668178925e-01
194.005 -0.00000 0.00000 -0.00000 0.00000 0.00000 -0.00000 -2.7151e-02 6.5066e-01 1.4032e-01 -1.9782e-04 3.3471e-01 -3.3281e-06 0.41243 0.54046 0.53746 0.02107 -0.11672 -0.01932 1.08895e-01 1.26883e-03 -5.5684905746e-01 -4.4668517495e-01
196.005 0.00000 -0.00000 0.00000 0.00000 0.00000 0.00000 1.3960e-01 6.5070e-01 2.1806e-02 -1.9782e-04 3.3471e-01 -3.3281e-06 0.53899 0.54001 0.41144 -0.11661 -0.01808 0.02000 1.08885e-01 1.26845e-03 -5.5684188144e-01 -4.4668851012e-01
198.005 0.00000 -0.00000 -0.00000 0.00000 -0.00000 -0.00000 1.6698e-02 6.5060e-01 -1.4155e-01 -1.9782e-04 3.3471e-01 -3.3281e-06 0.41241 0.54042 0.53764 -0.01526 0.11749 -0.02010 1.08881e-01 1.26151e-03 -5.5683401465e-01 -4.4669184055e-01
200.000 0.00000 -0.00000 -0.00000 0.00000 -0.00000 0.00000 -1.4467e-01 6.5052e-01 -1.4029e-02 -1.9782e-04 3.3471e-01 -3.3281e-06 0.53467 0.54127 0.41447 0.11900 0.01302 0.01839 1.08884e-01 1.25248e-03 -5.5683120792e-01 -4.4669520436e-01
