# t x y z vx vy vz omx omy omz llx lly llz Ixx Iyy Izz Ixy Iyz Ixz KErot PEspr PEgrav Etot
0.000 -0.00000 -0.00000 0.00000 0.00000 -0.00000 -0.00000 1.8396e-01 8.6783e-01 -1.0407e-01 -4.7639e-04 9.8279e-01 -4.7541e-04 1.53171 1.23458 1.18262 -0.36353 0.20896 -0.31935 4.26431e-01 2.10919e-29 -3.9329912498e-01 3.3131616527e-02
2.005 0.00000 -0.00000 0.00000 0.00000 -0.00000 -0.00000 -1.2259e-01 8.0968e-01 -1.4026e-01 -4.7639e-04 9.8279e-01 -4.7541e-04 1.40548 1.30775 1.35113 0.28280 0.29517 0.40752 3.98452e-01 1.22186e-02 -3.8848739706e-01 2.2183049017e-02
4.005 -0.00000 0.00000 -0.00000 0.00000 0.00000 -0.00000 -9.2034e-02 8.1191e-01 1.5909e-01 -4.7639e-04 9.8279e-01 -4.7541e-04 1.13820 1.30097 1.57601 0.19603 -0.34850 -0.34496 3.99334e-01 1.10564e-02 -3.9063844305e-01 1.9752165703e-02
6.000 -0.00000 -0.00000 -0.00000 0.00000 0.00000 -0.00000 1.7938e-01 8.0727e-01 4.5427e-02 -4.7639e-04 9.8279e-01 -4.7541e-04 1.71812 1.31041 1.00313 -0.39321 -0.09990 0.19289 3.97234e-01 1.19353e-02 -3.8991511140e-01 1.9254285983e-02
8.000 -0.00000 -0.00000 -0.00000 0.00000 -0.00000 -0.00000 -4.1903e-03 8.0633e-01 -1.8861e-01 -4.7639e-04 9.8279e-01 -4.7541e-04 0.95416 1.31474 1.75379 0.00828 0.40974 0.01671 3.96817e-01 1.25494e-02 -3.9027770493e-01 1.9088417733e-02
10.000 -0.00000 0.00000 0.00000 0.00000 -0.00000 -0.00000 -1.8142e-01 8.0455e-01 5.6233e-02 -4.7639e-04 9.8279e-01 -4.7541e-04 1.68146 1.31894 1.02267 0.39408 -0.12213 -0.22199 3.95837e-01 1.33633e-02 -3.9024389094e-01 1.8956850244e-02
12.005 0.00000 0.00000 0.00000 0.00000 -0.00000 -0.00000 1.0468e-01 8.0528e-01 1.5800e-01 -4.7639e-04 9.8279e-01 -4.7541e-04 1.19341 1.31751 1.51216 -0.22690 -0.34444 0.36280 3.96224e-01 1.27983e-02 -3.9018904226e-01 1.8833571701e-02
14.005 -0.00000 0.00000 0.00000 0.00000 -0.00000 -0.00000 1.2322e-01 8.0555e-01 -1.4204e-01 -4.7639e-04 9.8279e-01 -4.7541e-04 1.29987 1.31541 1.40594 -0.26899 0.30766 -0.39459 3.96546e-01 1.23305e-02 -3.9017431051e-01 1.8702558287e-02
16.005 0.00000 0.00000 0.00000 0.00000 -0.00000 -0.00000 -1.6727e-01 8.0394e-01 -7.8624e-02 -4.7639e-04 9.8279e-01 -4.7541e-04 1.59073 1.31462 1.10395 0.36139 0.17336 0.31714 3.96119e-01 1.29025e-02 -3.9044395981e-01 1.8577176567e-02
18.005 0.00000 -0.00000 -0.00000 0.00000 -0.00000 -0.00000 -2.6590e-02 7.9973e-01 1.7957e-01 -4.7639e-04 9.8279e-01 -4.7541e-04 0.97361 1.31771 1.68967 0.06828 -0.38540 -0.16260 3.94965e-01 1.44678e-02 -3.9098605137e-01 1.8447079070e-02
20.000 -0.00000 -0.00000 -0.00000 -0.00000 -0.00000 -0.00000 1.7832e-01 7.8836e-01 -2.5771e-02 -4.7639e-04 9.8279e-01 -4.7541e-04 1.66962 1.33326 0.92069 -0.37852 0.03136 -0.00827 3.91502e-01 1.90038e-02 -3.9222286308e-01 1.8283177366e-02
22.000 0.00000 0.00000 0.00000 -0.00000 -0.00000 -0.00000 -7.0559e-02 7.6745e-01 -1.6270e-01 -4.7639e-04 9.8279e-01 -4.7541e-04 0.92537 1.36395 1.55460 0.11632 0.34278 0.15031 3.85259e-01 2.68311e-02 -3.9401530589e-01 1.8074679938e-02
24.000 0.00000 0.00000 -0.00000 0.00000 -0.00000 -0.00000 -1.3514e-01 7.4264e-01 9.0896e-02 -4.7639e-04 9.8279e-01 -4.7541e-04 1.39751 1.39451 0.94798 0.28305 -0.16034 -0.23998 3.76577e-01 3.77598e-02 -3.9653930083e-01 1.7797552291e-02
26.000 -0.00000 0.00000 -0.00000 -0.00000 -0.00000 -0.00000 8.4270e-02 7.2754e-01 1.1984e-01 -4.7639e-04 9.8279e-01 -4.7541e-04 1.00083 1.41026 1.27145 -0.16536 -0.24439 0.29615 3.70756e-01 4.46740e-02 -3.9792906825e-01 1.7500752221e-02
28.000 -0.00000 -0.00000 -0.00000 -0.00000 -0.00000 -0.00000 1.3104e-01 7.3406e-01 -8.6136e-02 -4.7639e-04 9.8279e-01 -4.7541e-04 1.19480 1.40606 1.12639 -0.25199 0.18942 -0.32430 3.74153e-01 3.98594e-02 -3.9681039397e-01 1.7201711763e-02
30.000 0.00000 0.00000 0.00000 -0.00000 -0.00000 -0.00000 -1.1126e-01 7.5467e-01 -1.3192e-01 -4.7639e-04 9.8279e-01 -4.7541e-04 1.29818 1.38195 1.13197 0.24861 0.24604 0.33103 3.80881e-01 3.08367e-02 -3.9479818746e-01 1.6919324651e-02
32.000 -0.00000 0.00000 -0.00000 0.00000 -0.00000 -0.00000 -1.0359e-01 7.7560e-01 1.4437e-01 -4.7639e-04 9.8279e-01 -4.7541e-04 1.05299 1.35210 1.48509 0.19502 -0.31651 -0.29544 3.86575e-01 2.31610e-02 -3.9303476287e-01 1.6701070708e-02
34.000 0.00000 0.00000 0.00000 0.00000 -0.00000 -0.00000 1.7391e-01 7.9138e-01 5.4507e-02 -4.7639e-04 9.8279e-01 -4.7541e-04 1.65132 1.33206 0.97889 -0.37629 -0.10887 0.18587 3.91697e-01 1.62950e-02 -3.9145867965e-01 1.6533153531e-02
36.000 0.00000 -0.00000 0.00000 0.00000 -0.00000 -0.00000 3.4642e-04 7.9812e-01 -1.8910e-01 -4.7639e-04 9.8279e-01 -4.7541e-04 0.94857 1.32812 1.72562 -0.00220 0.40825 -0.00502 3.93908e-01 1.30958e-02 -3.9060235960e-01 1.6401290745e-02
38.000 -0.00000 0.00000 0.00000 0.00000 -0.00000 -0.00000 -1.8636e-01 8.0121e-01 5.1206e-02 -4.7639e-04 9.8279e-01 -4.7541e-04 1.67793 1.32715 1.00881 0.40200 -0.10990 -0.19275 3.94592e-01 1.20502e-02 -3.9035709558e-01 1.6284990229e-02
40.005 -0.00000 -0.00000 0.00000 -0.00000 -0.00000 -0.00000 1.0052e-01 8.0276e-01 1.6669e-01 -4.7639e-04 9.8279e-01 -4.7541e-04 1.16952 1.32638 1.52619 -0.21800 -0.36030 0.34178 3.95009e-01 1.13212e-02 -3.9015342317e-01 1.6177250902e-02
42.005 -0.00000 0.00000 -0.00000 -0.00000 -0.00000 -0.00000 1.3372e-01 8.0324e-01 -1.4064e-01 -4.7639e-04 9.8279e-01 -4.7541e-04 1.31932 1.32502 1.38088 -0.28809 0.30571 -0.38761 3.95158e-01 1.10151e-02 -3.9010009735e-01 1.6073250742e-02
44.005 0.00000 -0.00000 0.00000 -0.00000 -0.00000 -0.00000 -1.6902e-01 8.0263e-01 -9.0030e-02 -4.7639e-04 9.8279e-01 -4.7541e-04 1.58082 1.32356 1.12027 0.36813 0.19233 0.31943 3.94921e-01 1.11755e-02 -3.9012239501e-01 1.5974373782e-02
46.005 0.00000 -0.00000 0.00000 -0.00000 -0.00000 -0.00000 -3.9998e-02 8.0188e-01 1.8393e-01 -4.7639e-04 9.8279e-01 -4.7541e-04 0.98693 1.32188 1.71096 0.08575 -0.40111 -0.16181 3.94613e-01 1.15075e-02 -3.9024523107e-01 1.5874966143e-02
48.005 0.00000 0.00000 -0.00000 0.00000 -0.00000 -0.00000 1.8709e-01 7.9952e-01 -1.3936e-02 -4.7639e-04 9.8279e-01 -4.7541e-04 1.73604 1.32500 0.95087 -0.40746 0.02437 -0.03588 3.93917e-01 1.22541e-02 -3.9040016335e-01 1.5770699478e-02
50.005 -0.00000 -0.00000 -0.00000 0.00000 -0.00000 -0.00000 -6.5838e-02 7.9495e-01 -1.7732e-01 -4.7639e-04 9.8279e-01 -4.7541e-04 1.01260 1.33299 1.64659 0.13162 0.38464 0.21681 3.92652e-01 1.37716e-02 -3.9076939324e-01 1.5653838413e-02
52.005 -0.00000 -0.00000 -0.00000 0.00000 -0.00000 -0.00000 -1.5057e-01 7.8633e-01 1.1257e-01 -4.7639e-04 9.8279e-01 -4.7541e-04 1.46668 1.34476 1.13429 0.32703 -0.22556 -0.32679 3.89650e-01 1.75686e-02 -3.9170143750e-01 1.5516718502e-02
54.005 0.00000 -0.00000 -0.00000 0.00000 -0.00000 -0.00000 1.4522e-01 7.7100e-01 1.1246e-01 -4.7639e-04 9.8279e-01 -4.7541e-04 1.26171 1.36551 1.25802 -0.28890 -0.24950 0.34719 3.85040e-01 2.33303e-02 -3.9302862737e-01 1.5341793460e-02
56.005 -0.00000 0.00000 -0.00000 0.00000 -0.00000 -0.00000 7.3051e-02 7.5194e-01 -1.5758e-01 -4.7639e-04 9.8279e-01 -4.7541e-04 1.07102 1.38879 1.35341 -0.16808 0.31237 -0.30251 3.79815e-01 3.00225e-02 -3.9472201245e-01 1.5115064558e-02
58.005 -0.00000 -0.00000 0.00000 0.00000 -0.00000 -0.00000 -1.4640e-01 7.3237e-01 -4.6132e-02 -4.7639e-04 9.8279e-01 -4.7541e-04 1.38939 1.40683 0.92160 0.29184 0.10423 0.23426 3.71589e-01 4.03828e-02 -3.9712094825e-01 1.4850877911e-02
60.005 -0.00000 -0.00000 0.00000 0.00000 -0.00000 -0.00000 -4.2711e-02 7.2708e-01 1.4047e-01 -4.7639e-04 9.8279e-01 -4.7541e-04 0.85202 1.41197 1.43590 0.08054 -0.28753 -0.16122 3.68854e-01 4.33014e-02 -3.9756245767e-01 1.4593165323e-02
62.005 0.00000 -0.00000 -0.00000 0.00000 -0.00000 -0.00000 1.6263e-01 7.4114e-01 3.6871e-02 -4.7639e-04 9.8279e-01 -4.7541e-04 1.52383 1.40315 0.86845 -0.33822 -0.05794 0.06422 3.76541e-01 3.28848e-02 -3.9512055000e-01 1.4305492507e-02
64.005 0.00000 0.00000 -0.00000 0.00000 -0.00000 -0.00000 4.2044e-03 7.6050e-01 -1.7898e-01 -4.7639e-04 9.8279e-01 -4.7541e-04 0.90254 1.37928 1.57543 0.00967 0.36980 0.06494 3.81821e-01 2.59267e-02 -3.9370702211e-01 1.4041092740e-02
66.005 0.00000 -0.00000 -0.00000 0.00000 -0.00000 -0.00000 -1.7970e-01 7.7803e-01 3.9473e-02 -4.7639e-04 9.8279e-01 -4.7541e-04 1.56685 1.35416 0.98582 0.37201 -0.09947 -0.21146 3.85782e-01 2.06444e-02 -3.9257437094e-01 1.3851678883e-02
68.005 -0.00000 -0.00000 -0.00000 0.00000 -0.00000 -0.00000 9.6658e-02 7.9027e-01 1.6620e-01 -4.7639e-04 9.8279e-01 -4.7541e-04 1.15365 1.34380 1.48324 -0.21166 -0.35323 0.33261 3.90538e-01 1.41585e-02 -3.9098355106e-01 1.3712704174e-02
70.005 0.00000 -0.00000 0.00000 0.00000 -0.00000 -0.00000 1.3656e-01 7.9477e-01 -1.4075e-01 -4.7639e-04 9.8279e-01 -4.7541e-04 1.30346 1.34076 1.36584 -0.29111 0.30585 -0.37572 3.91971e-01 1.20183e-02 -3.9040046097e-01 1.3588415502e-02
72.005 -0.00000 -0.00000 -0.00000 0.00000 -0.00000 -0.00000 -1.6858e-01 7.9619e-01 -9.3969e-02 -4.7639e-04 9.8279e-01 -4.7541e-04 1.56284 1.33525 1.11171 0.36698 0.19639 0.31068 3.91819e-01 1.20904e-02 -3.9042336389e-01 1.3486075326e-02
74.005 0.00000 0.00000 -0.00000 0.00000 -0.00000 -0.00000 -4.3505e-02 7.9672e-01 1.8362e-01 -4.7639e-04 9.8279e-01 -4.7541e-04 0.98291 1.33091 1.69893 0.09037 -0.40099 -0.16183 3.91683e-01 1.20892e-02 -3.9037916249e-01 1.3392964873e-02
76.005 0.00000 -0.00000 -0.00000 0.00000 -0.00000 -0.00000 1.8945e-01 7.9748e-01 -1.0526e-02 -4.7639e-04 9.8279e-01 -4.7541e-04 1.73627 1.33086 0.95250 -0.41350 0.01985 -0.03316 3.92215e-01 1.13549e-02 -3.9026784018e-01 1.3302160909e-02
78.005 -0.00000 -0.00000 -0.00000 0.00000 -0.00000 -0.00000 -6.2847e-02 7.9711e-01 -1.8299e-01 -4.7639e-04 9.8279e-01 -4.7541e-04 1.02490 1.33483 1.66289 0.13129 0.39870 0.22249 3.92352e-01 1.10610e-02 -3.9020532505e-01 1.3207763527e-02
80.005 0.00000 -0.00000 -0.00000 0.00000 -0.00000 -0.00000 -1.6120e-01 7.9602e-01 1.0968e-01 -4.7639e-04 9.8279e-01 -4.7541e-04 1.49385 1.33777 1.18245 0.34999 -0.23416 -0.34882 3.91820e-01 1.16359e-02 -3.9034849762e-01 1.3107926546e-02
82.005 0.00000 0.00000 -0.00000 0.00000 -0.00000 -0.00000 1.4859e-01 7.9300e-01 1.2337e-01 -4.7639e-04 9.8279e-01 -4.7541e-04 1.36982 1.34037 1.28117 -0.31523 -0.26972 0.37252 3.90345e-01 1.34435e-02 -3.9078424647e-01 1.3003742191e-02
84.005 -0.00000 -0.00000 0.00000 0.00000 -0.00000 -0.00000 7.9817e-02 7.8788e-01 -1.7632e-01 -4.7639e-04 9.8279e-01 -4.7541e-04 1.09129 1.34869 1.53628 -0.17652 0.37279 -0.29204 3.89415e-01 1.45836e-02 -3.9110802688e-01 1.2890383162e-02
86.005 0.00000 -0.00000 -0.00000 0.00000 -0.00000 -0.00000 -1.8763e-01 7.8064e-01 -3.0462e-02 -4.7639e-04 9.8279e-01 -4.7541e-04 1.63102 1.35714 0.96402 0.39695 0.07107 0.14173 3.87950e-01 1.64024e-02 -3.9160764585e-01 1.2744534439e-02
88.005 0.00000 0.00000 -0.00000 0.00000 -0.00000 -0.00000 2.4508e-02 7.6271e-01 1.7366e-01 -4.7639e-04 9.8279e-01 -4.7541e-04 0.89190 1.37269 1.59902 -0.03180 -0.36506 0.01106 3.81046e-01 2.50234e-02 -3.9350379235e-01 1.2565612523e-02
90.005 0.00000 -0.00000 0.00000 0.00000 -0.00000 -0.00000 1.5347e-01 7.4145e-01 -6.1500e-02 -4.7639e-04 9.8279e-01 -4.7541e-04 1.50052 1.40006 0.87595 -0.32130 0.09719 -0.12161 3.73396e-01 3.45776e-02 -3.9561210225e-01 1.2361836239e-02
92.005 -0.00000 -0.00000 0.00000 0.00000 -0.00000 -0.00000 -6.9548e-02 7.2730e-01 -1.4717e-01 -4.7639e-04 9.8279e-01 -4.7541e-04 0.92864 1.42550 1.40937 0.13105 0.30481 0.21202 3.72162e-01 3.58474e-02 -3.9593071385e-01 1.2078565417e-02
94.005 -0.00000 -0.00000 -0.00000 0.00000 -0.00000 -0.00000 -1.4135e-01 7.2711e-01 7.2202e-02 -4.7639e-04 9.8279e-01 -4.7541e-04 1.30503 1.42162 1.00294 0.28091 -0.15479 -0.28059 3.69649e-01 3.89729e-02 -3.9685229901e-01 1.1769157368e-02
96.005 -0.00000 -0.00000 -0.00000 0.00000 -0.00000 -0.00000 8.7502e-02 7.4229e-01 1.4190e-01 -4.7639e-04 9.8279e-01 -4.7541e-04 1.13580 1.39960 1.23068 -0.19664 -0.27420 0.32489 3.73052e-01 3.43425e-02 -3.9588502294e-01 1.1509581127e-02
98.005 0.00000 -0.00000 -0.00000 0.00000 -0.00000 -0.00000 1.2823e-01 7.6145e-01 -1.3366e-01 -4.7639e-04 9.8279e-01 -4.7541e-04 1.17003 1.38449 1.33356 -0.25567 0.28910 -0.33045 3.81840e-01 2.23924e-02 -3.9294402105e-01 1.1288127040e-02
100.005 -0.00000 -0.00000 0.00000 0.00000 -0.00000 -0.00000 -1.6477e-01 7.7506e-01 -9.5087e-02 -4.7639e-04 9.8279e-01 -4.7541e-04 1.52075 1.36629 1.05164 0.35543 0.18515 0.26691 3.85073e-01 1.78888e-02 -3.9186307769e-01 1.1098680137e-02
102.005 -0.00000 -0.00000 -0.00000 0.00000 -0.00000 -0.00000 -4.7920e-02 7.8256e-01 1.7920e-01 -4.7639e-04 9.8279e-01 -4.7541e-04 0.95508 1.35009 1.65325 0.08926 -0.38758 -0.13706 3.86111e-01 1.63291e-02 -3.9147489645e-01 1.0965617376e-02
104.005 0.00000 -0.00000 0.00000 0.00000 -0.00000 -0.00000 1.8827e-01 7.8869e-01 -7.9465e-03 -4.7639e-04 9.8279e-01 -4.7541e-04 1.70782 1.34383 0.94273 -0.40864 0.01758 -0.03636 3.88484e-01 1.31323e-02 -3.9075741114e-01 1.0858753370e-02
106.005 0.00000 -0.00000 -0.00000 0.00000 -0.00000 -0.00000 -6.2116e-02 7.9109e-01 -1.8478e-01 -4.7639e-04 9.8279e-01 -4.7541e-04 1.01994 1.34626 1.64750 0.13010 0.40122 0.21669 3.89709e-01 1.14380e-02 -3.9039346100e-01 1.0753605962e-02
108.005 -0.00000 0.00000 -0.00000 0.00000 -0.00000 -0.00000 -1.6427e-01 7.9144e-01 1.0905e-01 -4.7639e-04 9.8279e-01 -4.7541e-04 1.48567 1.34768 1.17728 0.35493 -0.23387 -0.34231 3.89545e-01 1.15374e-02 -3.9043188511e-01 1.0650951833e-02
110.005 -0.00000 0.00000 -0.00000 0.00000 -0.00000 -0.00000 1.4745e-01 7.8997e-01 1.2772e-01 -4.7639e-04 9.8279e-01 -4.7541e-04 1.36957 1.34779 1.27906 -0.31608 -0.27649 0.37012 3.88513e-01 1.27365e-02 -3.9069807573e-01 1.0551812430e-02
112.005 0.00000 0.00000 -0.00000 0.00000 -0.00000 -0.00000 8.2781e-02 7.8724e-01 -1.7690e-01 -4.7639e-04 9.8279e-01 -4.7541e-04 1.09317 1.35218 1.54339 -0.18131 0.37698 -0.29262 3.87959e-01 1.33610e-02 -3.9086678754e-01 1.0452803289e-02
114.005 0.00000 -0.00000 -0.00000 0.00000 -0.00000 -0.00000 -1.9063e-01 7.8371e-01 -3.4581e-02 -4.7639e-04 9.8279e-01 -4.7541e-04 1.65311 1.35651 0.97181 0.40758 0.07582 0.13790 3.87668e-01 1.36766e-02 -3.9101058287e-01 1.0334262049e-02
116.005 0.00000 0.00000 -0.00000 0.00000 -0.00000 -0.00000 2.0955e-02 7.7342e-01 1.8338e-01 -4.7639e-04 9.8279e-01 -4.7541e-04 0.92249 1.36454 1.64628 -0.03372 -0.39188 0.03422 3.84034e-01 1.81487e-02 -3.9198808239e-01 1.0194975289e-02
118.005 0.00000 0.00000 -0.00000 0.00000 -0.00000 -0.00000 1.6157e-01 7.5636e-01 -6.9096e-02 -4.7639e-04 9.8279e-01 -4.7541e-04 1.53812 1.38382 0.92848 -0.34426 0.11942 -0.16492 3.77498e-01 2.63801e-02 -3.9384906254e-01 1.0028621029e-02
120.005 0.00000 -0.00000 -0.00000 0.00000 -0.00000 -0.00000 -9.6645e-02 7.3852e-01 -1.4445e-01 -4.7639e-04 9.8279e-01 -4.7541e-04 0.98906 1.41413 1.40757 0.17769 0.30738 0.25001 3.74074e-01 3.05249e-02 -3.9479112714e-01 9.8075297433e-03
122.005 0.00000 -0.00000 0.00000 0.00000 -0.00000 -0.00000 -1.2701e-01 7.2765e-01 1.0505e-01 -4.7639e-04 9.8279e-01 -4.7541e-04 1.26126 1.42634 1.06775 0.26259 -0.20692 -0.29857 3.69938e-01 3.57734e-02 -3.9619312245e-01 9.5185890027e-03
124.005 0.00000 0.00000 -0.00000 0.00000 -0.00000 -0.00000 1.0554e-01 7.2690e-01 1.1765e-01 -4.7639e-04 9.8279e-01 -4.7541e-04 1.16721 1.42169 1.13972 -0.22179 -0.23146 0.31921 3.67631e-01 3.84579e-02 -3.9685233698e-01 9.2362038096e-03
126.005 -0.00000 0.00000 -0.00000 0.00000 -0.00000 -0.00000 1.1205e-01 7.3984e-01 -1.3164e-01 -4.7639e-04 9.8279e-01 -4.7541e-04 1.07326 1.41098 1.32136 -0.21654 0.27988 -0.29978 3.73389e-01 3.04941e-02 -3.9489047518e-01 8.9925603958e-03
128.005 0.00000 0.00000 -0.00000 0.00000 -0.00000 -0.00000 -1.6298e-01 7.5647e-01 -8.9494e-02 -4.7639e-04 9.8279e-01 -4.7541e-04 1.49056 1.39403 1.00288 0.34798 0.16805 0.23223 3.79302e-01 2.24255e-02 -3.9296944601e-01 8.7581197534e-03
130.005 0.00000 0.00000 0.00000 0.00000 -0.00000 -0.00000 -4.8317e-02 7.6875e-01 1.7914e-01 -4.7639e-04 9.8279e-01 -4.7541e-04 0.93476 1.37303 1.61259 0.08384 -0.38333 -0.11032 3.81415e-01 1.94596e-02 -3.9229867621e-01 8.5757847207e-03
132.005 -0.00000 -0.00000 -0.00000 0.00000 -0.00000 -0.00000 1.8824e-01 7.7880e-01 -6.2392e-03 -4.7639e-04 9.8279e-01 -4.7541e-04 1.67011 1.35990 0.93562 -0.40469 0.01884 -0.04946 3.84634e-01 1.51524e-02 -3.9134774045e-01 8.4390128668e-03
134.005 -0.00000 -0.00000 0.00000 0.00000 -0.00000 -0.00000 -6.3328e-02 7.8402e-01 -1.8614e-01 -4.7639e-04 9.8279e-01 -4.7541e-04 1.02070 1.35970 1.62043 0.13364 0.40173 0.21820 3.86814e-01 1.21537e-02 -3.9064618511e-01 8.3213777111e-03
136.005 0.00000 0.00000 -0.00000 0.00000 -0.00000 -0.00000 -1.6648e-01 7.8639e-01 1.1132e-01 -4.7639e-04 9.8279e-01 -4.7541e-04 1.46472 1.35934 1.18265 0.35738 -0.23965 -0.33834 3.87272e-01 1.14664e-02 -3.9052925233e-01 8.2090328470e-03
138.005 -0.00000 -0.00000 0.00000 0.00000 -0.00000 -0.00000 1.5034e-01 7.8655e-01 1.3015e-01 -4.7639e-04 9.8279e-01 -4.7541e-04 1.38284 1.35780 1.26380 -0.32497 -0.27909 0.36288 3.86825e-01 1.18406e-02 -3.9055813729e-01 8.1073435789e-03
140.005 -0.00000 -0.00000 -0.00000 0.00000 -0.00000 -0.00000 8.3756e-02 7.8595e-01 -1.7923e-01 -4.7639e-04 9.8279e-01 -4.7541e-04 1.08265 1.35771 1.56394 -0.18024 0.38607 -0.28177 3.86704e-01 1.18706e-02 -3.9056475492e-01 8.0103671383e-03
142.005 0.00000 0.00000 -0.00000 0.00000 -0.00000 -0.00000 -1.9371e-01 7.8514e-01 -3.2877e-02 -4.7639e-04 9.8279e-01 -4.7541e-04 1.67525 1.35773 0.97092 0.41777 0.06987 0.12087 3.86796e-01 1.16886e-02 -3.9057454717e-01 7.9104895075e-03
144.005 0.00000 -0.00000 -0.00000 0.00000 -0.00000 -0.00000 2.1746e-02 7.8149e-01 1.9138e-01 -4.7639e-04 9.8279e-01 -4.7541e-04 0.94900 1.36027 1.68184 -0.04346 -0.41435 0.06715 3.85678e-01 1.29550e-02 -3.9083165331e-01 7.8015779633e-03
146.005 0.00000 0.00000 0.00000 0.00000 -0.00000 -0.00000 1.7367e-01 7.7428e-01 -7.5253e-02 -4.7639e-04 9.8279e-01 -4.7541e-04 1.57854 1.36799 1.00620 -0.37630 0.14705 -0.22234 3.83167e-01 1.61266e-02 -3.9161306485e-01 7.6810053872e-03
148.005 0.00000 -0.00000 0.00000 0.00000 -0.00000 -0.00000 -1.1971e-01 7.6183e-01 -1.4570e-01 -4.7639e-04 9.8279e-01 -4.7541e-04 1.10692 1.38706 1.40694 0.23203 0.31670 0.30709 3.79478e-01 2.07807e-02 -3.9272633261e-01 7.5328438709e-03
150.005 0.00000 0.00000 0.00000 0.00000 -0.00000 -0.00000 -1.1291e-01 7.4655e-01 1.4502e-01 -4.7639e-04 9.8279e-01 -4.7541e-04 1.21928 1.40918 1.21769 0.24613 -0.28573 -0.32098 3.75489e-01 2.58067e-02 -3.9397136686e-01 7.3238723463e-03
152.005 -0.00000 0.00000 -0.00000 0.00000 -0.00000 -0.00000 1.5110e-01 7.2905e-01 7.9172e-02 -4.7639e-04 9.8279e-01 -4.7541e-04 1.30126 1.42947 1.05143 -0.30154 -0.17437 0.28726 3.69614e-01 3.29751e-02 -3.9553113219e-01 7.0581099304e-03
154.005 0.00000 0.00000 0.00000 0.00000 -0.00000 -0.00000 6.1244e-02 7.2106e-01 -1.4799e-01 -4.7639e-04 9.8279e-01 -4.7541e-04 0.93702 1.43536 1.37303 -0.12654 0.30031 -0.22556 3.66057e-01 3.71179e-02 -3.9640009664e-01 6.7744453701e-03
156.005 0.00000 -0.00000 -0.00000 0.00000 -0.00000 -0.00000 -1.5819e-01 7.2653e-01 -5.4732e-02 -4.7639e-04 9.8279e-01 -4.7541e-04 1.46451 1.43156 0.88991 0.32868 0.09662 0.13887 3.68925e-01 3.29317e-02 -3.9536266042e-01 6.4937543084e-03
158.005 -0.00000 -0.00000 -0.00000 0.00000 -0.00000 -0.00000 -2.9641e-02 7.4237e-01 1.7606e-01 -4.7639e-04 9.8279e-01 -4.7541e-04 0.88934 1.41281 1.54547 0.04093 -0.36818 -0.02556 3.73928e-01 2.62382e-02 -3.9392322521e-01 6.2432028112e-03
160.005 -0.00000 -0.00000 -0.00000 0.00000 -0.00000 -0.00000 1.8662e-01 7.5866e-01 -1.5746e-02 -4.7639e-04 9.8279e-01 -4.7541e-04 1.57526 1.39243 0.93385 -0.39044 0.04632 -0.11205 3.78219e-01 2.05426e-02 -3.9272871012e-01 6.0330462684e-03
162.005 -0.00000 -0.00000 -0.00000 0.00000 -0.00000 -0.00000 -7.1723e-02 7.7055e-01 -1.8379e-01 -4.7639e-04 9.8279e-01 -4.7541e-04 1.04771 1.38231 1.52634 0.15682 0.38683 0.25121 3.82070e-01 1.53483e-02 -3.9155464361e-01 5.8634806809e-03
164.005 0.00000 -0.00000 -0.00000 0.00000 -0.00000 -0.00000 -1.6192e-01 7.7773e-01 1.2263e-01 -4.7639e-04 9.8279e-01 -4.7541e-04 1.38458 1.37672 1.22985 0.34167 -0.26584 -0.34251 3.84335e-01 1.22184e-02 -3.9083814431e-01 5.7156707918e-03
166.005 -0.00000 0.00000 0.00000 0.00000 -0.00000 -0.00000 1.6127e-01 7.8056e-01 1.2205e-01 -4.7639e-04 9.8279e-01 -4.7541e-04 1.43501 1.37164 1.19674 -0.34988 -0.25749 0.33761 3.84662e-01 1.15186e-02 -3.9058990625e-01 5.5903755408e-03
168.005 0.00000 -0.00000 -0.00000 0.00000 -0.00000 -0.00000 7.2893e-02 7.8197e-01 -1.8661e-01 -4.7639e-04 9.8279e-01 -4.7541e-04 1.03750 1.36758 1.60692 -0.15271 0.40450 -0.23210 3.84848e-01 1.10478e-02 -3.9041568990e-01 5.4798399344e-03
170.005 0.00000 0.00000 -0.00000 0.00000 -0.00000 -0.00000 -1.9858e-01 7.8313e-01 -1.7836e-02 -4.7639e-04 9.8279e-01 -4.7541e-04 1.69719 1.36507 0.95857 0.43104 0.03565 0.05690 3.85315e-01 1.03390e-02 -3.9027529888e-01 5.3784305627e-03
172.005 0.00000 -0.00000 -0.00000 0.00000 -0.00000 -0.00000 3.9333e-02 7.8372e-01 1.9527e-01 -4.7639e-04 9.8279e-01 -4.7541e-04 0.98162 1.36424 1.67726 -0.08412 -0.42542 0.13744 3.85471e-01 1.00563e-02 -3.9024751363e-01 5.2795558227e-03
174.005 0.00000 -0.00000 -0.00000 0.00000 -0.00000 -0.00000 1.7886e-01 7.8381e-01 -9.4442e-02 -4.7639e-04 9.8279e-01 -4.7541e-04 1.55063 1.36673 1.10339 -0.38959 0.19891 -0.29171 3.85451e-01 1.00188e-02 -3.9028740651e-01 5.1828427061e-03
176.005 0.00000 0.00000 -0.00000 0.00000 -0.00000 -0.00000 -1.4091e-01 7.8346e-01 -1.4991e-01 -4.7639e-04 9.8279e-01 -4.7541e-04 1.29421 1.37055 1.35672 0.30113 0.32381 0.36040 3.85335e-01 9.98844e-03 -3.9024162257e-01 5.0816855548e-03
178.005 0.00000 -0.00000 -0.00000 0.00000 -0.00000 -0.00000 -1.0714e-01 7.8346e-01 1.7549e-01 -4.7639e-04 9.8279e-01 -4.7541e-04 1.15526 1.37072 1.49746 0.22872 -0.37958 -0.31850 3.85273e-01 9.89604e-03 -3.9018936940e-01 4.9794580527e-03
180.005 0.00000 -0.00000 -0.00000 0.00000 -0.00000 -0.00000 1.9527e-01 7.8305e-01 5.4490e-02 -4.7639e-04 9.8279e-01 -4.7541e-04 1.64633 1.36876 1.00735 -0.42362 -0.11540 0.17924 3.85017e-01 1.00840e-02 -3.9022570861e-01 4.8751041998e-03
182.005 -0.00000 0.00000 0.00000 0.00000 -0.00000 -0.00000 -1.3488e-03 7.8254e-01 -2.0092e-01 -4.7639e-04 9.8279e-01 -4.7541e-04 0.95662 1.36767 1.69765 0.00441 0.43529 0.01311 3.84908e-01 1.01213e-02 -3.9025426623e-01 4.7748510115e-03
184.005 0.00000 0.00000 0.00000 0.00000 -0.00000 -0.00000 -1.9187e-01 7.8247e-01 5.6626e-02 -4.7639e-04 9.8279e-01 -4.7541e-04 1.64164 1.36704 1.01364 0.41646 -0.12319 -0.20077 3.84949e-01 9.99291e-03 -3.9026717756e-01 4.6748570267e-03
186.005 0.00000 0.00000 -0.00000 0.00000 -0.00000 -0.00000 1.0949e-01 7.8192e-01 1.6815e-01 -4.7639e-04 9.8279e-01 -4.7541e-04 1.15778 1.36857 1.49120 -0.23341 -0.36731 0.32864 3.84674e-01 1.02670e-02 -3.9036645328e-01 4.5750428495e-03
188.005 0.00000 -0.00000 0.00000 0.00000 -0.00000 -0.00000 1.3180e-01 7.8000e-01 -1.5489e-01 -4.7639e-04 9.8279e-01 -4.7541e-04 1.28860 1.37373 1.34333 -0.28932 0.32653 -0.35733 3.84035e-01 1.10200e-02 -3.9058256201e-01 4.4722469766e-03
190.005 0.00000 -0.00000 0.00000 0.00000 -0.00000 -0.00000 -1.8562e-01 7.7680e-01 -8.6929e-02 -4.7639e-04 9.8279e-01 -4.7541e-04 1.51687 1.38029 1.09875 0.39315 0.18919 0.27975 3.83348e-01 1.17447e-02 -3.9073412828e-01 4.3585344370e-03
192.005 -0.00000 0.00000 -0.00000 0.00000 -0.00000 -0.00000 -3.3307e-02 7.7163e-01 1.9835e-01 -4.7639e-04 9.8279e-01 -4.7541e-04 0.97484 1.38551 1.62091 0.07396 -0.42274 -0.12642 3.82066e-01 1.31651e-02 -3.9100311942e-01 4.2284701849e-03
194.005 0.00000 0.00000 -0.00000 0.00000 -0.00000 -0.00000 1.9017e-01 7.6144e-01 -2.4356e-02 -4.7639e-04 9.8279e-01 -4.7541e-04 1.61031 1.39292 0.92982 -0.40418 0.04002 -0.04364 3.78809e-01 1.73054e-02 -3.9204224548e-01 4.0726120586e-03
196.005 0.00000 -0.00000 -0.00000 0.00000 -0.00000 -0.00000 -7.4380e-02 7.4495e-01 -1.6729e-01 -4.7639e-04 9.8279e-01 -4.7541e-04 0.94243 1.41202 1.50407 0.13206 0.35428 0.17190 3.73170e-01 2.45164e-02 -3.9380415884e-01 3.8820016581e-03
198.005 0.00000 -0.00000 0.00000 0.00000 -0.00000 -0.00000 -1.4481e-01 7.2734e-01 1.0110e-01 -4.7639e-04 9.8279e-01 -4.7541e-04 1.36998 1.43889 1.00379 0.30731 -0.19060 -0.25326 3.69189e-01 2.93619e-02 -3.9492992788e-01 3.6209410375e-03
200.000 0.00000 -0.00000 -0.00000 0.00000 -0.00000 -0.00000 1.1150e-01 7.1642e-01 1.2348e-01 -4.7639e-04 9.8279e-01 -4.7541e-04 1.08111 1.45069 1.23592 -0.21953 -0.25937 0.29360 3.65134e-01 3.41165e-02 -3.9594333368e-01 3.3073890302e-03
